Global Evidence: -0.175787295856E+02  +/-  0.646883465274E-01

Local Mode Properties
-------------------------------------------

Total Modes Found:           1
 
 
Mode  1
Strictly Local Evidence -0.175787295856E+02 +/-  0.418458217646E-02
Local Evidence -0.175787295856E+02

Dim No.       Mean        Sigma
  1  0.708886572864E+03  0.958702764005E+03
  2  0.515356807846E+03  0.291255754509E+03
  3  0.679568706116E+03  0.988975129722E+03
  4  0.197199908641E+02  0.152198404703E+02
  5  0.100000000000E+01  0.000000000000E+00
  6  0.420262428710E+01  0.649134018089E-01
  7  0.173200138462E+03  0.123087043913E+01
  8  0.118233827086E+00  0.178890557547E-02
  9 -0.267428695656E-02  0.278504668576E-01
 10  0.112752766526E+00  0.135199839579E-01
 11  0.980865855555E+00  0.473696955059E-01
 12  0.256782200412E-08  0.132650611954E-07
 13  0.132058184707E-04  0.880387368353E-04
 14  0.885879051374E-05  0.579022618655E-04
 15  0.575656981478E-09  0.492567003714E-09
 16  0.302512766923E-03  0.194767321528E-04
 17  0.438566858595E-08  0.340073553468E-08
 18  0.000000000000E+00  0.000000000000E+00
 19  0.100000000000E+01  0.000000000000E+00
 20  0.803677595063E+02  0.791802463614E-02
 21  0.231553006273E+00  0.428516942535E-04
 22  0.189789905612E+02  0.276417563511E+00
 23  0.146276930770E-03  0.191373805808E-04
 24  0.114685356814E+03  0.301422856528E+01
 25  0.944204210582E+03  0.601929313530E+03
 26  0.943981946075E+03  0.602002752848E+03
 27  0.948701922269E+03  0.600428463356E+03
 28  0.395104237230E+03  0.234173619501E+03
 29  0.667160300265E+03  0.243917109754E+03
 30  0.212161080870E+03  0.127244998986E+03
 31  0.393568821943E+03  0.232170226313E+03
 32  0.646051616553E+03  0.249964850815E+03
 33  0.668335286304E+03  0.244935751568E+03
 34  0.792773555634E+03  0.915922249198E+03
 35  0.896940347592E+03  0.875060642155E+03
 36  0.792453684419E+03  0.915521738403E+03
 37  0.896729542438E+03  0.874783305125E+03
 38  0.656782343130E+03  0.778972689830E+03
 39  0.842850929665E+03  0.803183649866E+03
 40  0.889798450081E+03  0.877633609077E+03
 41  0.889627597554E+03  0.877408531222E+03
 42  0.833704669366E+03  0.808086241432E+03
 43  0.145231759033E+04  0.774519278283E+03
 44  0.147897135230E+04  0.777219260203E+03
 45  0.145230587456E+04  0.774509374667E+03
 46  0.147894878015E+04  0.777187074157E+03
 47  0.104781537375E+04  0.505566421563E+03
 48  0.129727696530E+04  0.579055469923E+03
 49  0.144387955597E+04  0.774519262211E+03
 50  0.148448733691E+04  0.776934178774E+03
 51  0.144382959947E+04  0.774450723856E+03
 52  0.148445161603E+04  0.776891292427E+03
 53  0.126272525098E+04  0.589745413567E+03
 54  0.136312953808E+04  0.672667389192E+03
 55  0.119063805440E+04  0.618040057617E+03
 56  0.999949338857E+00  0.549637678009E-04
 57 -0.853551981227E+03  0.599151989491E+03
 58 -0.137770081249E+05  0.142675415412E+05
 59  0.627016091131E+03  0.241604999005E+03
 60 -0.851461367416E+00  0.588621757710E+00
 61  0.998620592435E+00  0.346627049972E+02

Maximum Likleihood Parameters
Dim No.        Parameter
  1  0.125607620239E+03
  2  0.372930175781E+03
  3  0.728590515137E+03
  4  0.184128570557E+02
  5  0.100000000000E+01
  6  0.418477773666E+01
  7  0.173642684937E+03
  8  0.117976069450E+00
  9  0.936889648438E-02
 10  0.114537775081E+00
 11  0.982950608842E+00
 12  0.260951205819E-08
 13  0.476471652910E-05
 14  0.353484461995E-05
 15  0.157741840104E-08
 16  0.289585804050E-03
 17  0.395040753545E-08
 18  0.000000000000E+00
 19  0.100000000000E+01
 20  0.803737220799E+02
 21  0.231516113385E+00
 22  0.190580234882E+02
 23  0.144843809424E-03
 24  0.111355551857E+03
 25  0.489474130989E+03
 26  0.489278379307E+03
 27  0.496108115819E+03
 28  0.278414550484E+03
 29  0.456801540459E+03
 30  0.148227220066E+03
 31  0.277042429777E+03
 32  0.439018963679E+03
 33  0.457849606187E+03
 34  0.193849763450E+03
 35  0.284589024154E+03
 36  0.193770292374E+03
 37  0.284561964092E+03
 38  0.156243382879E+03
 39  0.282002336648E+03
 40  0.273375020633E+03
 41  0.273347009753E+03
 42  0.264294183032E+03
 43  0.784640713779E+03
 44  0.804681356498E+03
 45  0.784639234467E+03
 46  0.804677929727E+03
 47  0.653542357884E+03
 48  0.786631743301E+03
 49  0.777588832163E+03
 50  0.811088298406E+03
 51  0.777582926067E+03
 52  0.811084643095E+03
 53  0.744876478081E+03
 54  0.773567723597E+03
 55  0.876313446091E+03
 56  0.999965813255E+00
 57 -0.550883262873E+03
 58 -0.837925516423E+04
 59  0.426676592330E+03
 60 -0.118363693420E+01
 61  0.189712574931E+01

MAP Parameters
Dim No.        Parameter
  1  0.125607620239E+03
  2  0.372930175781E+03
  3  0.728590515137E+03
  4  0.184128570557E+02
  5  0.100000000000E+01
  6  0.418477773666E+01
  7  0.173642684937E+03
  8  0.117976069450E+00
  9  0.936889648438E-02
 10  0.114537775081E+00
 11  0.982950608842E+00
 12  0.260951205819E-08
 13  0.476471652910E-05
 14  0.353484461995E-05
 15  0.157741840104E-08
 16  0.289585804050E-03
 17  0.395040753545E-08
 18  0.000000000000E+00
 19  0.100000000000E+01
 20  0.803737220799E+02
 21  0.231516113385E+00
 22  0.190580234882E+02
 23  0.144843809424E-03
 24  0.111355551857E+03
 25  0.489474130989E+03
 26  0.489278379307E+03
 27  0.496108115819E+03
 28  0.278414550484E+03
 29  0.456801540459E+03
 30  0.148227220066E+03
 31  0.277042429777E+03
 32  0.439018963679E+03
 33  0.457849606187E+03
 34  0.193849763450E+03
 35  0.284589024154E+03
 36  0.193770292374E+03
 37  0.284561964092E+03
 38  0.156243382879E+03
 39  0.282002336648E+03
 40  0.273375020633E+03
 41  0.273347009753E+03
 42  0.264294183032E+03
 43  0.784640713779E+03
 44  0.804681356498E+03
 45  0.784639234467E+03
 46  0.804677929727E+03
 47  0.653542357884E+03
 48  0.786631743301E+03
 49  0.777588832163E+03
 50  0.811088298406E+03
 51  0.777582926067E+03
 52  0.811084643095E+03
 53  0.744876478081E+03
 54  0.773567723597E+03
 55  0.876313446091E+03
 56  0.999965813255E+00
 57 -0.550883262873E+03
 58 -0.837925516423E+04
 59  0.426676592330E+03
 60 -0.118363693420E+01
 61  0.189712574931E+01
