  22.  10.  0.0872
  23.  10.  0.0935
  24.  10.  0.0923
  24.  11.  0.0559
  24.  12.  0.2184
  25.  10.  0.0963
  25.  11.  0.0464
  25.  12.  0.3322
  26.  10.  0.098
  26.  11.  0.0418
  26.  12.  0.071
  26.  13.  0.1865
  27.  10.  0.0983
  27.  11.  0.0641
  27.  12.  0.0404
  27.  13.  0.1983
  28.  10.  0.1017
  28.  11.  0.0635
  28.  12.  0.0648
  28.  13.  0.0669
  28.  14.  0.1878
  29.  10.  0.1047
  29.  11.  0.0561
  29.  12.  0.0693
  29.  13.  0.0565
  29.  14.  0.1998
  30.  10.  0.1089
  30.  11.  0.0573
  30.  12.  0.0664
  30.  13.  0.0519
  30.  14.  0.0598
  30.  15.  0.1706
  31.  10.  0.1109
  31.  11.  0.0562
  31.  12.  0.0566
  31.  13.  0.0597
  31.  14.  0.0602
  31.  15.  0.1983
  32.  10.  0.1085
  32.  11.  0.0632
  32.  12.  0.0628
  32.  13.  0.0695
  32.  14.  0.0637
  32.  15.  0.0668
  32.  16.  0.1831
  33.  10.  0.1205
  33.  11.  0.0745
  33.  12.  0.0678
  33.  13.  0.0626
  33.  14.  0.0779
  33.  15.  0.073
  33.  16.  0.1906
  34.  10.  0.1242
  34.  11.  0.0585
  34.  12.  0.076
  34.  13.  0.0761
  34.  14.  0.0757
  34.  15.  0.0716
  34.  16.  0.0578
  34.  17.  0.1972
  35.  10.  0.127
  35.  11.  0.0938
  35.  12.  0.0655
  35.  13.  0.0611
  35.  14.  0.0796
  35.  15.  0.0753
  35.  16.  0.0729
  35.  17.  0.1962
  36.  10.  0.1268
  36.  11.  0.059
  36.  12.  0.0804
  36.  13.  0.075
  36.  14.  0.0902
  36.  15.  0.079
  36.  16.  0.0888
  36.  17.  0.0889
  36.  18.  0.1745
  37.  10.  0.1338
  37.  11.  0.082
  37.  12.  0.064
  37.  13.  0.0874
  37.  14.  0.0793
  37.  15.  0.0825
  37.  16.  0.0753
  37.  17.  0.0865
  37.  18.  0.195
  38.  10.  0.1358
  38.  11.  0.0572
  38.  12.  0.0876
  38.  13.  0.0818
  38.  14.  0.0751
  38.  15.  0.0993
  38.  16.  0.0982
  38.  17.  0.0766
  38.  18.  0.0964
  38.  19.  0.1786
  39.  10.  0.1439
  39.  11.  0.1071
  39.  12.  0.0819
  39.  13.  0.1016
  39.  14.  0.092
  39.  15.  0.071
  39.  16.  0.0877
  39.  17.  0.0795
  39.  18.  0.0799
  39.  19.  0.1947
  40.  10.  0.0285
  40.  11.  0.0162
  40.  12.  0.0283
  40.  13.  0.0278
  40.  14.  0.0318
  40.  15.  0.0338
  40.  16.  0.0962
  40.  17.  0.0838
  40.  18.  0.0987
  40.  19.  0.1309
  40.  20.  0.1917
  41.  10.  0.1231
  41.  11.  0.0223
  41.  12.  0.0286
  41.  13.  0.0363
  41.  14.  0.0372
  41.  15.  0.038
  41.  16.  0.0657
  41.  17.  0.0752
  41.  18.  0.0742
  41.  19.  0.0611
  41.  20.  0.0944
  42.  10.  0.126
  42.  11.  0.0177
  42.  12.  0.0205
  42.  13.  0.0405
  42.  14.  0.0427
  42.  15.  0.0457
  42.  16.  0.0546
  42.  17.  0.0526
  42.  18.  0.0466
  42.  19.  0.0497
  42.  20.  0.0471
  42.  21.  0.0606
  43.  10.  0.1322
  43.  11.  0.021
  43.  12.  0.0239
  43.  13.  0.0318
  43.  14.  0.0352
  43.  15.  0.0373
  43.  16.  0.0546
  43.  17.  0.0386
  43.  18.  0.0456
  43.  19.  0.0472
  43.  20.  0.0435
  43.  21.  0.0473
  44.  10.  0.1377
  44.  11.  0.0125
  44.  12.  0.0319
  44.  13.  0.0312
  44.  14.  0.0289
  44.  15.  0.0683
  44.  16.  0.0305
  44.  17.  0.0366
  44.  18.  0.0381
  44.  19.  0.0364
  44.  20.  0.0364
  44.  21.  0.0399
  44.  22.  0.0394
  45.  10.  0.1446
  45.  11.  0.0182
  45.  12.  0.0206
  45.  13.  0.0386
  45.  14.  0.0412
  45.  15.  0.0471
  45.  16.  0.0401
  45.  17.  0.0329
  45.  18.  0.0281
  45.  19.  0.0395
  45.  20.  0.0343
  45.  21.  0.0426
  45.  22.  0.0288
  46.  10.  0.138
  46.  11.  0.0204
  46.  12.  0.0279
  46.  13.  0.0483
  46.  14.  0.0365
  46.  15.  0.0485
  46.  16.  0.0373
  46.  17.  0.0343
  46.  18.  0.0324
  46.  19.  0.0312
  46.  20.  0.0363
  46.  21.  0.0374
  46.  22.  0.035
  46.  23.  0.0348
  47.  10.  0.1374
  47.  11.  0.018
  47.  12.  0.0302
  47.  13.  0.0357
  47.  14.  0.0422
  47.  15.  0.0617
  47.  16.  0.0336
  47.  17.  0.04
  47.  18.  0.0298
  47.  19.  0.0322
  47.  20.  0.0348
  47.  21.  0.0397
  47.  22.  0.0395
  47.  23.  0.0401
  48.  10.  0.1366
  48.  11.  0.019
  48.  12.  0.0318
  48.  13.  0.0359
  48.  14.  0.0406
  48.  15.  0.0588
  48.  16.  0.0325
  48.  17.  0.0341
  48.  18.  0.0324
  48.  19.  0.0316
  48.  20.  0.0309
  48.  21.  0.0382
  48.  22.  0.0359
  48.  23.  0.0335
  48.  24.  0.0333
  49.  10.  0.1512
  49.  11.  0.0194
  49.  12.  0.03
  49.  13.  0.0431
  49.  14.  0.042
  49.  15.  0.0513
  49.  16.  0.0397
  49.  17.  0.0272
  49.  18.  0.0269
  49.  19.  0.0355
  49.  20.  0.025
  49.  21.  0.0279
  49.  22.  0.0257
  49.  23.  0.0373
  49.  24.  0.0356
  50.  10.  0.0633
  50.  11.  0.0192
  50.  12.  0.0336
  50.  13.  0.043
  50.  14.  0.0498
  50.  15.  0.0631
  50.  16.  0.0359
  50.  17.  0.0372
  50.  18.  0.0359
  50.  19.  0.0298
  50.  20.  0.0286
  50.  21.  0.0264
  50.  22.  0.0341
  50.  23.  0.0322
  50.  24.  0.0366
  50.  25.  0.0389
  51.  10.  0.0629
  51.  11.  0.0185
  51.  12.  0.0344
  51.  13.  0.0458
  51.  14.  0.066
  51.  15.  0.0751
  51.  16.  0.0372
  51.  17.  0.0442
  51.  18.  0.0343
  51.  19.  0.0334
  51.  20.  0.0285
  51.  21.  0.0294
  51.  22.  0.0343
  51.  23.  0.0392
  51.  24.  0.0423
  51.  25.  0.0373
  52.  10.  0.0678
  52.  11.  0.0214
  52.  12.  0.0345
  52.  13.  0.0495
  52.  14.  0.0617
  52.  15.  0.0892
  52.  16.  0.0328
  52.  17.  0.0411
  52.  18.  0.0371
  52.  19.  0.0375
  52.  20.  0.0314
  52.  21.  0.0335
  52.  22.  0.0332
  52.  23.  0.0435
  52.  24.  0.0286
  52.  25.  0.0369
  52.  26.  0.0442
  53.  10.  0.0722
  53.  11.  0.0232
  53.  12.  0.0386
  53.  13.  0.0549
  53.  14.  0.0644
  53.  15.  0.0745
  53.  16.  0.044
  53.  17.  0.0412
  53.  18.  0.0413
  53.  19.  0.0364
  53.  20.  0.0301
  53.  21.  0.0308
  53.  22.  0.0358
  53.  23.  0.0363
  53.  24.  0.0404
  53.  25.  0.0378
  53.  26.  0.0428
  54.  10.  0.0688
  54.  11.  0.023
  54.  12.  0.0365
  54.  13.  0.0496
  54.  14.  0.0571
  54.  15.  0.083
  54.  16.  0.0514
  54.  17.  0.0389
  54.  18.  0.0367
  54.  19.  0.0374
  54.  20.  0.0387
  54.  21.  0.0389
  54.  22.  0.03
  54.  23.  0.0372
  54.  24.  0.0523
  54.  25.  0.0396
  54.  26.  0.0549
  54.  27.  0.0525
  55.  10.  0.0737
  55.  11.  0.0224
  55.  12.  0.047
  55.  13.  0.0633
  55.  14.  0.0638
  55.  15.  0.0868
  55.  16.  0.0442
  55.  17.  0.0467
  55.  18.  0.036
  55.  19.  0.0419
  55.  20.  0.0416
  55.  21.  0.0354
  55.  22.  0.0344
  55.  23.  0.0478
  55.  24.  0.041
  55.  25.  0.0552
  55.  26.  0.0679
  55.  27.  0.0522
  56.  10.  0.0746
  56.  11.  0.0237
  56.  12.  0.053
  56.  13.  0.0758
  56.  14.  0.0968
  56.  15.  0.086
  56.  16.  0.0555
  56.  17.  0.0469
  56.  18.  0.0505
  56.  19.  0.0464
  56.  20.  0.0408
  56.  21.  0.0418
  56.  22.  0.0387
  56.  23.  0.0401
  56.  24.  0.0411
  56.  25.  0.0456
  56.  26.  0.0542
  56.  27.  0.0541
  56.  28.  0.0624
  57.  10.  0.0828
  57.  11.  0.0225
  57.  12.  0.0527
  57.  13.  0.0814
  57.  14.  0.0809
  57.  15.  0.0868
  57.  16.  0.0565
  57.  17.  0.0538
  57.  18.  0.049
  57.  19.  0.0545
  57.  20.  0.0489
  57.  21.  0.0504
  57.  22.  0.0457
  57.  23.  0.0471
  57.  24.  0.0445
  57.  25.  0.0551
  57.  26.  0.056
  57.  27.  0.06
  57.  28.  0.0686
  58.  10.  0.0883
  58.  11.  0.0264
  58.  12.  0.0599
  58.  13.  0.0718
  58.  14.  0.0978
  58.  15.  0.108
  58.  16.  0.0617
  58.  17.  0.06
  58.  18.  0.063
  58.  19.  0.0526
  58.  20.  0.0596
  58.  21.  0.0561
  58.  22.  0.0456
  58.  23.  0.0497
  58.  24.  0.0561
  58.  25.  0.0634
  58.  26.  0.0696
  58.  27.  0.0731
  58.  28.  0.083
  58.  29.  0.0973
  59.  10.  0.0929
  59.  11.  0.0265
  59.  12.  0.0612
  59.  13.  0.0765
  59.  14.  0.097
  59.  15.  0.1134
  59.  16.  0.0772
  59.  17.  0.0754
  59.  18.  0.0628
  59.  19.  0.0604
  59.  20.  0.0756
  59.  21.  0.0585
  59.  22.  0.053
  59.  23.  0.0645
  59.  24.  0.0615
  59.  25.  0.0701
  59.  26.  0.0847
  59.  27.  0.0838
  59.  28.  0.0965
  59.  29.  0.1082
  60.  10.  0.1104
  60.  11.  0.044
  60.  12.  0.0801
  60.  13.  0.0878
  60.  14.  0.1118
  60.  15.  0.1211
  60.  16.  0.0898
  60.  17.  0.1007
  60.  18.  0.0878
  60.  19.  0.0956
  60.  20.  0.0988
  60.  21.  0.0812
  60.  22.  0.0764
  60.  23.  0.0817
  60.  24.  0.0793
  60.  25.  0.0866
  60.  26.  0.1035
  60.  27.  0.1069
  60.  28.  0.1198
  60.  29.  0.1187
  60.  30.  0.1238
  61.  11.  0.0323
  61.  12.  0.0979
  61.  13.  0.098
  61.  14.  0.124
  61.  15.  0.098
  61.  16.  0.1384
  61.  17.  0.1122
  61.  18.  0.0968
  61.  19.  0.0869
  61.  20.  0.0951
  61.  21.  0.076
  61.  22.  0.0754
  61.  23.  0.0792
  61.  24.  0.0865
  61.  25.  0.0966
  61.  26.  0.1044
  61.  27.  0.1272
  61.  28.  0.1223
  61.  29.  0.1207
  61.  30.  0.1144
  62.  11.  0.0381
  62.  12.  0.0907
  62.  13.  0.1069
  62.  14.  0.1068
  62.  15.  0.1161
  62.  16.  0.1321
  62.  17.  0.1117
  62.  18.  0.1241
  62.  19.  0.1092
  62.  20.  0.0889
  62.  21.  0.0902
  62.  22.  0.0886
  62.  23.  0.0984
  62.  24.  0.101
  62.  25.  0.1054
  62.  26.  0.1183
  62.  27.  0.1331
  62.  28.  0.1265
  62.  29.  0.1213
  62.  30.  0.1173
  62.  31.  0.1234
  63.  10.  0.1535
  63.  11.  0.0437
  63.  12.  0.1221
  63.  13.  0.1074
  63.  14.  0.1413
  63.  15.  0.1658
  63.  16.  0.1479
  63.  17.  0.1248
  63.  18.  0.1198
  63.  19.  0.0996
  63.  20.  0.1027
  63.  21.  0.1028
  63.  22.  0.1053
  63.  23.  0.1145
  63.  24.  0.1187
  63.  25.  0.1243
  63.  26.  0.1247
  63.  27.  0.1321
  63.  28.  0.1129
  63.  29.  0.1164
  63.  30.  0.1155
  63.  31.  0.1163
  64.  11.  0.0567
  64.  12.  0.1416
  64.  13.  0.1352
  64.  14.  0.1362
  64.  15.  0.1289
  64.  16.  0.1497
  64.  17.  0.1354
  64.  18.  0.1164
  64.  19.  0.1179
  64.  20.  0.1204
  64.  21.  0.1109
  64.  22.  0.1279
  64.  23.  0.1255
  64.  24.  0.1308
  64.  25.  0.1335
  64.  26.  0.1332
  64.  27.  0.1178
  64.  28.  0.1163
  64.  29.  0.1157
  64.  30.  0.1154
  64.  31.  0.1182
  64.  32.  0.1226
  65.  10.  0.2511
  65.  11.  0.0693
  65.  12.  0.1491
  65.  13.  0.1627
  65.  14.  0.1525
  65.  15.  0.1714
  65.  16.  0.1547
  65.  17.  0.135
  65.  18.  0.1326
  65.  19.  0.1311
  65.  20.  0.1304
  65.  21.  0.1321
  65.  22.  0.1352
  65.  23.  0.1483
  65.  24.  0.1425
  65.  25.  0.1398
  65.  26.  0.1326
  65.  27.  0.132
  65.  28.  0.1273
  65.  29.  0.1329
  65.  30.  0.1255
  65.  31.  0.129
  65.  32.  0.1227
  66.  10.  0.3295
  66.  11.  0.0929
  66.  12.  0.1812
  66.  13.  0.1806
  66.  14.  0.1743
  66.  15.  0.1556
  66.  16.  0.1542
  66.  17.  0.1435
  66.  18.  0.1404
  66.  19.  0.1357
  66.  20.  0.1427
  66.  21.  0.1402
  66.  22.  0.1433
  66.  23.  0.1456
  66.  24.  0.1422
  66.  25.  0.1402
  66.  26.  0.1321
  66.  27.  0.1271
  66.  28.  0.1248
  66.  29.  0.1266
  66.  30.  0.1255
  66.  31.  0.1242
  66.  32.  0.1244
  66.  33.  0.1196
  67.  10.  0.4822
  67.  11.  0.1312
  67.  12.  0.2127
  67.  13.  0.1931
  67.  14.  0.1672
  67.  15.  0.1285
  67.  16.  0.1592
  67.  17.  0.1536
  67.  18.  0.1432
  67.  19.  0.1426
  67.  20.  0.1452
  67.  21.  0.1429
  67.  22.  0.1502
  67.  23.  0.1421
  67.  24.  0.1345
  67.  25.  0.1286
  67.  26.  0.1373
  67.  27.  0.1371
  67.  28.  0.1233
  67.  29.  0.1257
  67.  30.  0.127
  67.  31.  0.1211
  67.  32.  0.1218
  67.  33.  0.1241
  68.  10.  0.7878
  68.  11.  0.2116
  68.  12.  0.2321
  68.  13.  0.2033
  68.  14.  0.1355
  68.  15.  0.1355
  68.  16.  0.1588
  68.  17.  0.1578
  68.  18.  0.1507
  68.  19.  0.1467
  68.  20.  0.1453
  68.  21.  0.147
  68.  22.  0.1428
  68.  23.  0.1421
  68.  24.  0.1335
  68.  25.  0.133
  68.  26.  0.1277
  68.  27.  0.1333
  68.  28.  0.1274
  68.  29.  0.1212
  68.  30.  0.1278
  68.  31.  0.1265
  68.  32.  0.1233
  68.  33.  0.1219
  68.  34.  0.1216
  69.  11.  0.4326
  69.  12.  0.1812
  69.  13.  0.149
  69.  14.  0.1433
  69.  15.  0.1467
  69.  16.  0.1556
  69.  17.  0.1561
  69.  18.  0.1413
  69.  19.  0.1459
  69.  20.  0.1394
  69.  21.  0.1424
  69.  22.  0.1417
  69.  23.  0.139
  69.  24.  0.1381
  69.  25.  0.1338
  69.  26.  0.128
  69.  27.  0.1293
  69.  28.  0.1286
  69.  29.  0.1238
  69.  30.  0.1193
  69.  31.  0.1239
  69.  32.  0.1265
  69.  33.  0.1285
  69.  34.  0.1265
  70.  11.  0.596
  70.  12.  0.1602
  70.  13.  0.1601
  70.  14.  0.1588
  70.  15.  0.1533
  70.  16.  0.1519
  70.  17.  0.1533
  70.  18.  0.1464
  70.  19.  0.1466
  70.  20.  0.1434
  70.  21.  0.1379
  70.  22.  0.1369
  70.  23.  0.1364
  70.  24.  0.1335
  70.  25.  0.1289
  70.  26.  0.1296
  70.  27.  0.1263
  70.  28.  0.1262
  70.  29.  0.1269
  70.  30.  0.1215
  70.  31.  0.1253
  70.  32.  0.1245
  70.  33.  0.1231
  70.  34.  0.1272
  70.  35.  0.1288
  71.  10.  0.5606
  71.  11.  0.6269
  71.  12.  0.1636
  71.  13.  0.1655
  71.  14.  0.1661
  71.  15.  0.1538
  71.  16.  0.1569
  71.  17.  0.1585
  71.  18.  0.1489
  71.  19.  0.1524
  71.  20.  0.1505
  71.  21.  0.1456
  71.  22.  0.1443
  71.  23.  0.1386
  71.  24.  0.1385
  71.  25.  0.1335
  71.  26.  0.1342
  71.  27.  0.1291
  71.  28.  0.13
  71.  29.  0.1284
  71.  30.  0.126
  71.  31.  0.1244
  71.  32.  0.1307
  71.  33.  0.1269
  71.  34.  0.1257
  71.  35.  0.1281
  72.  10.  0.6268
  72.  11.  0.655
  72.  12.  0.1612
  72.  13.  0.1651
  72.  14.  0.1625
  72.  15.  0.1629
  72.  16.  0.1618
  72.  17.  0.1602
  72.  18.  0.1556
  72.  19.  0.143
  72.  20.  0.1399
  72.  21.  0.1402
  72.  22.  0.1394
  72.  23.  0.1368
  72.  24.  0.132
  72.  25.  0.136
  72.  26.  0.1295
  72.  27.  0.1269
  72.  28.  0.13
  72.  29.  0.1215
  72.  30.  0.1254
  72.  31.  0.1252
  72.  32.  0.1255
  72.  33.  0.1227
  72.  34.  0.1255
  72.  35.  0.1303
  72.  36.  0.1269
  73.  10.  0.6679
  73.  11.  0.7047
  73.  12.  0.1656
  73.  13.  0.1693
  73.  14.  0.173
  73.  15.  0.1719
  73.  16.  0.1665
  73.  17.  0.1662
  73.  18.  0.1491
  73.  19.  0.1493
  73.  20.  0.1453
  73.  21.  0.1442
  73.  22.  0.1381
  73.  23.  0.1427
  73.  24.  0.1415
  73.  25.  0.1348
  73.  26.  0.1345
  73.  27.  0.1321
  73.  28.  0.1209
  73.  29.  0.1263
  73.  30.  0.1246
  73.  31.  0.1231
  73.  32.  0.125
  73.  33.  0.1281
  73.  34.  0.1275
  73.  35.  0.132
  73.  36.  0.1299
  74.  10.  0.7053
  74.  11.  0.756
  74.  12.  0.1716
  74.  13.  0.1754
  74.  14.  0.1683
  74.  15.  0.1716
  74.  16.  0.1701
  74.  17.  0.1669
  74.  18.  0.1522
  74.  19.  0.1528
  74.  20.  0.1468
  74.  21.  0.1501
  74.  22.  0.145
  74.  23.  0.1385
  74.  24.  0.1383
  74.  25.  0.1372
  74.  26.  0.1345
  74.  27.  0.1302
  74.  28.  0.125
  74.  29.  0.1274
  74.  30.  0.125
  74.  31.  0.1283
  74.  32.  0.1272
  74.  33.  0.1284
  74.  34.  0.1297
  74.  35.  0.1317
  74.  36.  0.1288
  74.  37.  0.1346
  75.  10.  0.7243
  75.  11.  0.8046
  75.  12.  0.1769
  75.  13.  0.1761
  75.  14.  0.1759
  75.  15.  0.1747
  75.  16.  0.1738
  75.  17.  0.1732
  75.  18.  0.1591
  75.  19.  0.158
  75.  20.  0.1577
  75.  21.  0.1462
  75.  22.  0.1475
  75.  23.  0.1451
  75.  24.  0.1384
  75.  25.  0.1403
  75.  26.  0.1298
  75.  27.  0.1264
  75.  28.  0.1275
  75.  29.  0.1308
  75.  30.  0.1323
  75.  31.  0.1273
  75.  32.  0.1309
  75.  33.  0.1312
  75.  34.  0.1338
  75.  35.  0.1303
  75.  36.  0.1307
  75.  37.  0.14
  76.  10.  0.7761
  76.  11.  0.8527
  76.  12.  0.1785
  76.  13.  0.1802
  76.  14.  0.1806
  76.  15.  0.1794
  76.  16.  0.1752
  76.  17.  0.1748
  76.  18.  0.1596
  76.  19.  0.161
  76.  20.  0.1573
  76.  21.  0.1465
  76.  22.  0.1448
  76.  23.  0.1518
  76.  24.  0.1428
  76.  25.  0.1337
  76.  26.  0.1294
  76.  27.  0.1329
  76.  28.  0.1283
  76.  29.  0.1274
  76.  30.  0.1298
  76.  31.  0.1283
  76.  32.  0.1389
  76.  33.  0.1381
  76.  34.  0.134
  76.  35.  0.1368
  76.  36.  0.1371
  76.  37.  0.1386
  76.  38.  0.1422
  77.  10.  0.8134
  77.  11.  0.9209
  77.  12.  0.1863
  77.  13.  0.1857
  77.  14.  0.1819
  77.  15.  0.1847
  77.  16.  0.1822
  77.  17.  0.1754
  77.  18.  0.1654
  77.  19.  0.1615
  77.  20.  0.1547
  77.  21.  0.1545
  77.  22.  0.1504
  77.  23.  0.1458
  77.  24.  0.1377
  77.  25.  0.1342
  77.  26.  0.1349
  77.  27.  0.1308
  77.  28.  0.1315
  77.  29.  0.1268
  77.  30.  0.1323
  77.  31.  0.1337
  77.  32.  0.1357
  77.  33.  0.1383
  77.  34.  0.1351
  77.  35.  0.1389
  77.  36.  0.1391
  77.  37.  0.1393
  77.  38.  0.1425
  78.  10.  0.8743
  78.  11.  0.9588
  78.  12.  0.1861
  78.  13.  0.1803
  78.  14.  0.1831
  78.  15.  0.1848
  78.  16.  0.183
  78.  17.  0.1793
  78.  18.  0.163
  78.  19.  0.1619
  78.  20.  0.1612
  78.  21.  0.1574
  78.  22.  0.1534
  78.  23.  0.134
  78.  24.  0.1321
  78.  25.  0.1361
  78.  26.  0.1363
  78.  27.  0.1343
  78.  28.  0.136
  78.  29.  0.1348
  78.  30.  0.129
  78.  31.  0.1381
  78.  32.  0.1332
  78.  33.  0.1354
  78.  34.  0.1435
  78.  35.  0.1393
  78.  36.  0.1422
  78.  37.  0.1459
  78.  38.  0.1404
  78.  39.  0.1444
  79.  10.  0.9809
  79.  12.  0.185
  79.  13.  0.1849
  79.  14.  0.1796
  79.  15.  0.1861
  79.  16.  0.1809
  79.  17.  0.1773
  79.  18.  0.1644
  79.  19.  0.1645
  79.  20.  0.1557
  79.  21.  0.1519
  79.  22.  0.1394
  79.  23.  0.1378
  79.  24.  0.1416
  79.  25.  0.137
  79.  26.  0.1369
  79.  27.  0.1395
  79.  28.  0.1362
  79.  29.  0.1374
  79.  30.  0.136
  79.  31.  0.1399
  79.  32.  0.1371
  79.  33.  0.141
  79.  34.  0.143
  79.  35.  0.1441
  79.  36.  0.1391
  79.  37.  0.1386
  79.  38.  0.1442
  79.  39.  0.1483
  80.  10.  0.996
  80.  12.  0.1919
  80.  13.  0.1915
  80.  14.  0.1806
  80.  15.  0.1757
  80.  16.  0.1652
  80.  17.  0.1583
  80.  18.  0.1489
  80.  19.  0.1445
  80.  20.  0.1363
  80.  21.  0.1193
  80.  22.  0.1164
  80.  23.  0.1169
  80.  24.  0.1116
  80.  25.  0.1129
  80.  26.  0.1132
  80.  27.  0.1098
  80.  28.  0.1117
  80.  29.  0.1155
  80.  30.  0.1122
  80.  31.  0.1113
  80.  32.  0.1164
  80.  33.  0.1185
  80.  34.  0.1183
  80.  35.  0.1179
  80.  36.  0.1185
  80.  37.  0.1224
  80.  38.  0.1252
  80.  39.  0.1255
  80.  40.  0.1332
  81.  12.  0.2022
  81.  13.  0.2014
  81.  14.  0.2003
  81.  15.  0.1996
  81.  16.  0.1987
  81.  17.  0.199
  81.  18.  0.1826
  81.  19.  0.1749
  81.  20.  0.1697
  81.  21.  0.1461
  81.  22.  0.1409
  81.  23.  0.1363
  81.  24.  0.1328
  81.  25.  0.1282
  81.  26.  0.1258
  81.  27.  0.1225
  81.  28.  0.1261
  81.  29.  0.1236
  81.  30.  0.1239
  81.  31.  0.122
  81.  32.  0.1279
  81.  33.  0.1284
  81.  34.  0.1295
  81.  35.  0.1308
  81.  36.  0.1302
  81.  37.  0.1359
  81.  38.  0.1394
  81.  39.  0.1409
  81.  40.  0.1494
  82.  12.  0.2014
  82.  13.  0.203
  82.  14.  0.2017
  82.  15.  0.1995
  82.  16.  0.1997
  82.  17.  0.1955
  82.  18.  0.1763
  82.  19.  0.1702
  82.  20.  0.1497
  82.  21.  0.1475
  82.  22.  0.141
  82.  23.  0.1371
  82.  24.  0.1339
  82.  25.  0.1302
  82.  26.  0.1262
  82.  27.  0.1295
  82.  28.  0.1278
  82.  29.  0.1264
  82.  30.  0.1248
  82.  31.  0.1244
  82.  32.  0.1305
  82.  33.  0.1321
  82.  34.  0.1335
  82.  35.  0.1336
  82.  36.  0.1396
  82.  37.  0.1381
  82.  38.  0.139
  82.  39.  0.1509
  82.  40.  0.1547
  82.  41.  0.1617
  83.  12.  0.2045
  83.  13.  0.204
  83.  14.  0.2016
  83.  15.  0.1971
  83.  16.  0.1957
  83.  17.  0.189
  83.  18.  0.1721
  83.  19.  0.1518
  83.  20.  0.148
  83.  21.  0.1459
  83.  22.  0.1404
  83.  23.  0.1383
  83.  24.  0.1327
  83.  25.  0.1316
  83.  26.  0.127
  83.  27.  0.1317
  83.  28.  0.1293
  83.  29.  0.1288
  83.  30.  0.1272
  83.  31.  0.133
  83.  32.  0.132
  83.  33.  0.1349
  83.  34.  0.136
  83.  35.  0.1357
  83.  36.  0.1417
  83.  37.  0.1409
  83.  38.  0.1503
  83.  39.  0.1558
  83.  40.  0.1633
  83.  41.  0.1636
  84.  12.  0.2047
  84.  13.  0.2019
  84.  14.  0.1979
  84.  15.  0.1966
  84.  16.  0.1896
  84.  17.  0.1865
  84.  18.  0.1546
  84.  19.  0.1516
  84.  20.  0.1488
  84.  21.  0.1437
  84.  22.  0.143
  84.  23.  0.1379
  84.  24.  0.1353
  84.  25.  0.1312
  84.  26.  0.1357
  84.  27.  0.1325
  84.  28.  0.132
  84.  29.  0.1308
  84.  30.  0.1295
  84.  31.  0.1367
  84.  32.  0.1358
  84.  33.  0.1389
  84.  34.  0.1382
  84.  35.  0.1403
  84.  36.  0.1448
  84.  37.  0.1478
  84.  38.  0.1567
  84.  39.  0.1598
  84.  40.  0.1626
  84.  41.  0.1636
  84.  42.  0.1632
  85.  12.  0.2044
  85.  13.  0.1983
  85.  14.  0.1966
  85.  15.  0.1923
  85.  16.  0.188
  85.  17.  0.1718
  85.  18.  0.1537
  85.  19.  0.1518
  85.  20.  0.1469
  85.  21.  0.1451
  85.  22.  0.142
  85.  23.  0.1389
  85.  24.  0.136
  85.  25.  0.1343
  85.  26.  0.1376
  85.  27.  0.1363
  85.  28.  0.1347
  85.  29.  0.1326
  85.  30.  0.1383
  85.  31.  0.1382
  85.  32.  0.14
  85.  33.  0.1404
  85.  34.  0.1411
  85.  35.  0.1422
  85.  36.  0.1499
  85.  37.  0.1545
  85.  38.  0.1877
  85.  39.  0.1615
  85.  40.  0.1623
  85.  41.  0.1568
  85.  42.  0.1576
  86.  12.  0.2041
  86.  13.  0.199
  86.  14.  0.1955
  86.  15.  0.1911
  86.  16.  0.1758
  86.  17.  0.1714
  86.  18.  0.1546
  86.  19.  0.1509
  86.  20.  0.1486
  86.  21.  0.1459
  86.  22.  0.1433
  86.  23.  0.1398
  86.  24.  0.1381
  86.  25.  0.1344
  86.  26.  0.1391
  86.  27.  0.1389
  86.  28.  0.1379
  86.  29.  0.1361
  86.  30.  0.1412
  86.  31.  0.1413
  86.  32.  0.1428
  86.  33.  0.1439
  86.  34.  0.1448
  86.  35.  0.1514
  86.  36.  0.155
  86.  37.  0.1607
  86.  38.  0.1598
  86.  39.  0.1608
  86.  40.  0.1526
  86.  41.  0.1571
  86.  42.  0.1567
  86.  43.  0.1567
  87.  12.  0.2059
  87.  13.  0.1978
  87.  14.  0.1928
  87.  15.  0.1827
  87.  16.  0.1757
  87.  17.  0.1714
  87.  18.  0.1558
  87.  19.  0.1533
  87.  20.  0.1494
  87.  21.  0.1463
  87.  22.  0.1446
  87.  23.  0.1421
  87.  24.  0.1396
  87.  25.  0.144
  87.  26.  0.142
  87.  27.  0.1408
  87.  28.  0.1397
  87.  29.  0.1393
  87.  30.  0.1447
  87.  31.  0.1446
  87.  32.  0.1465
  87.  33.  0.1469
  87.  34.  0.1489
  87.  35.  0.157
  87.  36.  0.1586
  87.  37.  0.1611
  87.  38.  0.1608
  87.  39.  0.1761
  87.  40.  0.1548
  87.  41.  0.1557
  87.  42.  0.158
  87.  43.  0.154
  88.  12.  0.2079
  88.  13.  0.1984
  88.  14.  0.1867
  88.  15.  0.1817
  88.  16.  0.1771
  88.  17.  0.1745
  88.  18.  0.1564
  88.  19.  0.1547
  88.  20.  0.1509
  88.  21.  0.1479
  88.  22.  0.1452
  88.  23.  0.1427
  88.  24.  0.1413
  88.  25.  0.1465
  88.  26.  0.1439
  88.  27.  0.143
  88.  28.  0.142
  88.  29.  0.1428
  88.  30.  0.1465
  88.  31.  0.1488
  88.  32.  0.1489
  88.  33.  0.1514
  88.  34.  0.1588
  88.  35.  0.1596
  88.  36.  0.1608
  88.  37.  0.1636
  88.  38.  0.1535
  88.  39.  0.1536
  88.  40.  0.1539
  88.  41.  0.154
  88.  42.  0.1524
  88.  43.  0.1581
  88.  44.  0.1563
  89.  12.  0.2085
  89.  13.  0.1969
  89.  14.  0.1886
  89.  15.  0.1852
  89.  16.  0.1781
  89.  17.  0.1747
  89.  18.  0.1582
  89.  19.  0.1542
  89.  20.  0.1524
  89.  21.  0.1497
  89.  22.  0.148
  89.  23.  0.1452
  89.  24.  0.148
  89.  25.  0.1478
  89.  26.  0.1471
  89.  27.  0.1449
  89.  28.  0.1451
  89.  29.  0.1439
  89.  30.  0.1495
  89.  31.  0.151
  89.  32.  0.1533
  89.  33.  0.1552
  89.  34.  0.1611
  89.  35.  0.1606
  89.  36.  0.1612
  89.  37.  0.1524
  89.  38.  0.1538
  89.  39.  0.156
  89.  40.  0.1724
  89.  41.  0.1494
  89.  42.  0.1526
  89.  43.  0.156
  89.  44.  0.1598
  90.  12.  0.2091
  90.  13.  0.2009
  90.  14.  0.1908
  90.  15.  0.1863
  90.  16.  0.1812
  90.  17.  0.1768
  90.  18.  0.1595
  90.  19.  0.1513
  90.  20.  0.1531
  90.  21.  0.1504
  90.  22.  0.1474
  90.  23.  0.1467
  90.  24.  0.1504
  90.  25.  0.1502
  90.  26.  0.1497
  90.  27.  0.148
  90.  28.  0.1475
  90.  29.  0.1527
  90.  30.  0.1527
  90.  31.  0.1554
  90.  32.  0.157
  90.  33.  0.161
  90.  34.  0.1626
  90.  35.  0.1603
  90.  36.  0.1526
  90.  37.  0.1537
  90.  38.  0.1555
  90.  39.  0.1513
  90.  40.  0.1527
  90.  41.  0.1552
  90.  42.  0.1513
  90.  43.  0.1578
  90.  44.  0.1632
  90.  45.  0.1708
  91.  12.  0.2119
  91.  13.  0.2028
  91.  14.  0.194
  91.  15.  0.1891
  91.  16.  0.1821
  91.  17.  0.1791
  91.  18.  0.1578
  91.  19.  0.154
  91.  20.  0.1568
  91.  21.  0.1538
  91.  22.  0.1513
  91.  23.  0.1541
  91.  24.  0.1541
  91.  25.  0.1538
  91.  26.  0.1532
  91.  27.  0.153
  91.  28.  0.1513
  91.  29.  0.1584
  91.  30.  0.1586
  91.  31.  0.1579
  91.  32.  0.1586
  91.  33.  0.1624
  91.  34.  0.1533
  91.  35.  0.1549
  91.  36.  0.1541
  91.  37.  0.1552
  91.  38.  0.1513
  91.  39.  0.1511
  91.  40.  0.1514
  91.  41.  0.1529
  91.  42.  0.1555
  91.  43.  0.1615
  91.  44.  0.1677
  91.  45.  0.1767
  92.  12.  0.2167
  92.  13.  0.2058
  92.  14.  0.1961
  92.  15.  0.1907
  92.  16.  0.1841
  92.  17.  0.1782
  92.  18.  0.1592
  92.  19.  0.1615
  92.  20.  0.1568
  92.  21.  0.1547
  92.  22.  0.1539
  92.  23.  0.1589
  92.  24.  0.1573
  92.  25.  0.1571
  92.  26.  0.1567
  92.  27.  0.1544
  92.  28.  0.1602
  92.  29.  0.1618
  92.  30.  0.1615
  92.  31.  0.1616
  92.  32.  0.1636
  92.  33.  0.155
  92.  34.  0.1551
  92.  35.  0.1547
  92.  36.  0.1465
  92.  37.  0.1478
  92.  38.  0.1491
  92.  39.  0.1513
  92.  40.  0.1566
  92.  41.  0.1609
  92.  42.  0.161
  92.  43.  0.167
  92.  44.  0.1751
  92.  45.  0.18
  92.  46.  0.1891
  93.  12.  0.2183
  93.  13.  0.211
  93.  14.  0.1991
  93.  15.  0.1947
  93.  16.  0.1871
  93.  17.  0.1818
  93.  18.  0.1676
  93.  19.  0.1649
  93.  20.  0.1616
  93.  21.  0.1591
  93.  22.  0.1616
  93.  23.  0.1624
  93.  24.  0.1616
  93.  25.  0.1599
  93.  26.  0.1603
  93.  27.  0.1584
  93.  28.  0.1654
  93.  29.  0.166
  93.  30.  0.1637
  93.  31.  0.1653
  93.  32.  0.1586
  93.  33.  0.1572
  93.  34.  0.1528
  93.  35.  0.1494
  93.  36.  0.1492
  93.  37.  0.1506
  93.  38.  0.1538
  93.  39.  0.1564
  93.  40.  0.1585
  93.  41.  0.1638
  93.  42.  0.1637
  93.  43.  0.1714
  93.  44.  0.1775
  93.  45.  0.186
  93.  46.  0.1936
  94.  12.  0.2233
  94.  13.  0.213
  94.  14.  0.2027
  94.  15.  0.1951
  94.  16.  0.1917
  94.  17.  0.1869
  94.  18.  0.1709
  94.  19.  0.1666
  94.  20.  0.1651
  94.  21.  0.1611
  94.  22.  0.1661
  94.  23.  0.1645
  94.  24.  0.164
  94.  25.  0.1639
  94.  26.  0.1638
  94.  27.  0.1684
  94.  28.  0.1683
  94.  29.  0.1661
  94.  30.  0.1682
  94.  31.  0.1611
  94.  32.  0.1589
  94.  33.  0.1502
  94.  34.  0.1495
  94.  35.  0.1512
  94.  36.  0.1532
  94.  37.  0.155
  94.  38.  0.157
  94.  39.  0.1594
  94.  40.  0.1652
  94.  41.  0.1682
  94.  42.  0.1707
  94.  43.  0.1744
  94.  44.  0.1827
  94.  45.  0.1952
  94.  46.  0.2006
  94.  47.  0.2074
  95.  12.  0.2283
  95.  13.  0.2165
  95.  14.  0.2066
  95.  15.  0.1964
  95.  16.  0.1954
  95.  17.  0.1925
  95.  18.  0.1751
  95.  19.  0.1673
  95.  20.  0.168
  95.  21.  0.1721
  95.  22.  0.1702
  95.  23.  0.1693
  95.  24.  0.1689
  95.  25.  0.167
  95.  26.  0.1703
  95.  27.  0.1708
  95.  28.  0.1719
  95.  29.  0.1607
  95.  30.  0.1642
  95.  31.  0.1586
  95.  32.  0.154
  95.  33.  0.1541
  95.  34.  0.1537
  95.  35.  0.1547
  95.  36.  0.1585
  95.  37.  0.1591
  95.  38.  0.1605
  95.  39.  0.1629
  95.  40.  0.1693
  95.  41.  0.1714
  95.  42.  0.176
  95.  43.  0.1805
  95.  44.  0.188
  95.  45.  0.2008
  95.  46.  0.2058
  95.  47.  0.2136
  96.  12.  0.2357
  96.  13.  0.2208
  96.  14.  0.2079
  96.  15.  0.2015
  96.  16.  0.2024
  96.  17.  0.1958
  96.  18.  0.1748
  96.  19.  0.1753
  96.  20.  0.1703
  96.  21.  0.1763
  96.  22.  0.1706
  96.  23.  0.1736
  96.  24.  0.1717
  96.  25.  0.1741
  96.  26.  0.1759
  96.  27.  0.1748
  96.  28.  0.1638
  96.  29.  0.1696
  96.  30.  0.1624
  96.  31.  0.1578
  96.  32.  0.1574
  96.  33.  0.1583
  96.  34.  0.1595
  96.  35.  0.1613
  96.  36.  0.1619
  96.  37.  0.1647
  96.  38.  0.1657
  96.  39.  0.169
  96.  40.  0.175
  96.  41.  0.1769
  96.  42.  0.1824
  96.  43.  0.1879
  96.  44.  0.1966
  96.  45.  0.2019
  96.  46.  0.211
  96.  47.  0.2195
  96.  48.  0.225
  97.  12.  0.2382
  97.  13.  0.2245
  97.  14.  0.2125
  97.  15.  0.2074
  97.  16.  0.2071
  97.  17.  0.2015
  97.  18.  0.1841
  97.  19.  0.181
  97.  20.  0.1835
  97.  21.  0.1766
  97.  22.  0.1793
  97.  23.  0.1767
  97.  24.  0.1786
  97.  25.  0.1783
  97.  26.  0.1771
  97.  27.  0.1679
  97.  28.  0.1682
  97.  29.  0.1613
  97.  30.  0.1606
  97.  31.  0.1614
  97.  32.  0.1619
  97.  33.  0.163
  97.  34.  0.1632
  97.  35.  0.1668
  97.  36.  0.1669
  97.  37.  0.1687
  97.  38.  0.171
  97.  39.  0.1764
  97.  40.  0.1814
  97.  41.  0.1811
  97.  42.  0.192
  97.  43.  0.2003
  97.  44.  0.2036
  97.  45.  0.2114
  97.  46.  0.22
  97.  47.  0.2254
  97.  48.  0.241
  98.  12.  0.242
  98.  13.  0.2295
  98.  14.  0.2214
  98.  15.  0.2123
  98.  16.  0.2102
  98.  17.  0.2097
  98.  18.  0.1878
  98.  19.  0.1886
  98.  20.  0.1841
  98.  21.  0.1902
  98.  22.  0.1826
  98.  23.  0.1827
  98.  24.  0.1834
  98.  25.  0.1818
  98.  26.  0.1729
  98.  27.  0.1705
  98.  28.  0.164
  98.  29.  0.1656
  98.  30.  0.1664
  98.  31.  0.1662
  98.  32.  0.1679
  98.  33.  0.1679
  98.  34.  0.1688
  98.  35.  0.17
  98.  36.  0.1735
  98.  37.  0.1734
  98.  38.  0.1796
  98.  39.  0.1841
  98.  40.  0.1875
  98.  41.  0.1953
  98.  42.  0.1982
  98.  43.  0.2058
  98.  44.  0.216
  98.  45.  0.219
  98.  46.  0.2251
  98.  47.  0.2293
  98.  48.  0.2421
  98.  49.  0.2514
  99.  12.  0.247
  99.  13.  0.2377
  99.  14.  0.227
  99.  15.  0.2167
  99.  16.  0.2178
  99.  17.  0.2121
  99.  18.  0.1926
  99.  19.  0.1916
  99.  20.  0.1931
  99.  21.  0.1941
  99.  22.  0.1826
  99.  23.  0.1874
  99.  24.  0.1847
  99.  25.  0.1779
  99.  26.  0.1755
  99.  27.  0.1699
  99.  28.  0.1794
  99.  29.  0.176
  99.  30.  0.1774
  99.  31.  0.1752
  99.  32.  0.1711
  99.  33.  0.1886
  99.  34.  0.1736
  99.  35.  0.1776
  99.  36.  0.1792
  99.  37.  0.1816
  99.  38.  0.1868
  99.  39.  0.1899
  99.  40.  0.1932
  99.  41.  0.2044
  99.  42.  0.2097
  99.  43.  0.2168
  99.  44.  0.2225
  99.  45.  0.2285
  99.  46.  0.2316
  99.  47.  0.2382
  99.  48.  0.2542
  99.  49.  0.2654
  100.  12.  0.2516
  100.  13.  0.2426
  100.  14.  0.2305
  100.  15.  0.2207
  100.  16.  0.2234
  100.  17.  0.2177
  100.  18.  0.199
  100.  19.  0.2001
  100.  20.  0.1982
  100.  21.  0.1987
  100.  22.  0.1971
  100.  23.  0.1892
  100.  24.  0.1858
  100.  25.  0.1848
  100.  26.  0.1874
  100.  27.  0.1845
  100.  28.  0.181
  100.  29.  0.1827
  100.  30.  0.18
  100.  31.  0.1924
  100.  32.  0.1941
  100.  33.  0.1911
  100.  34.  0.2009
  100.  35.  0.182
  100.  36.  0.1842
  100.  37.  0.1873
  100.  38.  0.1922
  100.  39.  0.1963
  100.  40.  0.2039
  100.  41.  0.2121
  100.  42.  0.2219
  100.  43.  0.2237
  100.  44.  0.2259
  100.  45.  0.2346
  100.  46.  0.2433
  100.  47.  0.2491
  100.  48.  0.263
  100.  49.  0.2736
  100.  50.  0.2979
  101.  12.  0.2584
  101.  13.  0.2473
  101.  14.  0.2341
  101.  15.  0.2301
  101.  16.  0.2269
  101.  17.  0.2218
  101.  18.  0.2078
  101.  19.  0.2048
  101.  20.  0.2113
  101.  21.  0.2029
  101.  22.  0.1945
  101.  23.  0.1911
  101.  24.  0.1901
  101.  25.  0.192
  101.  26.  0.1891
  101.  27.  0.1849
  101.  28.  0.1881
  101.  29.  0.1851
  101.  30.  0.1914
  101.  31.  0.1988
  101.  32.  0.1975
  101.  33.  0.2071
  101.  34.  0.206
  101.  35.  0.1881
  101.  36.  0.1905
  101.  37.  0.1944
  101.  38.  0.2011
  101.  39.  0.2097
  101.  40.  0.2148
  101.  41.  0.223
  101.  42.  0.2279
  101.  43.  0.232
  101.  44.  0.2378
  101.  45.  0.2456
  101.  46.  0.247
  101.  47.  0.2619
  101.  48.  0.2873
  101.  49.  0.2993
  101.  50.  0.3095
  102.  12.  0.2624
  102.  13.  0.2515
  102.  14.  0.2434
  102.  15.  0.237
  102.  16.  0.2328
  102.  17.  0.2345
  102.  18.  0.2128
  102.  19.  0.2204
  102.  20.  0.2099
  102.  21.  0.2038
  102.  22.  0.1982
  102.  23.  0.1988
  102.  24.  0.1991
  102.  25.  0.1954
  102.  26.  0.1918
  102.  27.  0.1953
  102.  28.  0.1918
  102.  29.  0.198
  102.  30.  0.205
  102.  31.  0.2016
  102.  32.  0.2099
  102.  33.  0.2137
  102.  34.  0.2141
  102.  35.  0.2173
  102.  36.  0.2176
  102.  37.  0.2022
  102.  38.  0.2143
  102.  39.  0.2266
  102.  40.  0.2271
  102.  41.  0.2323
  102.  42.  0.2365
  102.  43.  0.2412
  102.  44.  0.2492
  102.  45.  0.257
  102.  46.  0.2591
  102.  47.  0.2694
  102.  48.  0.3039
  102.  49.  0.3102
  102.  50.  0.318
  102.  51.  0.331
  103.  12.  0.2686
  103.  13.  0.26
  103.  14.  0.2512
  103.  15.  0.2424
  103.  16.  0.2428
  103.  17.  0.24
  103.  18.  0.2278
  103.  19.  0.2184
  103.  20.  0.2116
  103.  21.  0.206
  103.  22.  0.2057
  103.  23.  0.2071
  103.  24.  0.2024
  103.  25.  0.1985
  103.  26.  0.2015
  103.  27.  0.197
  103.  28.  0.206
  103.  29.  0.2098
  103.  30.  0.2093
  103.  31.  0.2174
  103.  32.  0.2173
  103.  33.  0.219
  103.  34.  0.2221
  103.  35.  0.2263
  103.  36.  0.2268
  103.  37.  0.2284
  103.  38.  0.2299
  103.  39.  0.2314
  103.  40.  0.237
  103.  41.  0.2405
  103.  42.  0.2461
  103.  43.  0.2504
  103.  44.  0.2672
  103.  45.  0.2743
  103.  46.  0.2948
  103.  47.  0.3019
  103.  48.  0.3223
  103.  49.  0.33
  103.  50.  0.3424
  103.  51.  0.3351
  104.  12.  0.2726
  104.  13.  0.2658
  104.  14.  0.257
  104.  15.  0.248
  104.  16.  0.25
  104.  17.  0.2551
  104.  18.  0.2255
  104.  19.  0.2182
  104.  20.  0.2132
  104.  21.  0.2138
  104.  22.  0.2155
  104.  23.  0.2096
  104.  24.  0.2063
  104.  25.  0.2085
  104.  26.  0.2046
  104.  27.  0.2058
  104.  28.  0.2169
  104.  29.  0.215
  104.  30.  0.2187
  104.  31.  0.2262
  104.  32.  0.226
  104.  33.  0.2335
  104.  34.  0.2363
  104.  35.  0.2336
  104.  36.  0.2339
  104.  37.  0.2344
  104.  38.  0.2408
  104.  39.  0.2483
  104.  40.  0.2495
  104.  41.  0.2568
  104.  42.  0.2706
  104.  43.  0.277
  104.  44.  0.2885
  104.  45.  0.2979
  104.  46.  0.3067
  104.  47.  0.3199
  104.  48.  0.3295
  104.  49.  0.3445
  104.  50.  0.3464
  104.  51.  0.3493
  104.  52.  0.3574
  105.  12.  0.2778
  105.  13.  0.2696
  105.  14.  0.264
  105.  15.  0.2558
  105.  16.  0.2655
  105.  17.  0.2527
  105.  18.  0.2288
  105.  19.  0.2238
  105.  20.  0.2242
  105.  21.  0.2245
  105.  22.  0.2198
  105.  23.  0.2139
  105.  24.  0.215
  105.  25.  0.2114
  105.  26.  0.2156
  105.  27.  0.2254
  105.  28.  0.2232
  105.  29.  0.2253
  105.  30.  0.226
  105.  31.  0.2331
  105.  32.  0.2388
  105.  33.  0.2405
  105.  34.  0.2433
  105.  35.  0.2424
  105.  36.  0.2509
  105.  37.  0.2528
  105.  38.  0.2586
  105.  39.  0.2643
  105.  40.  0.2688
  105.  41.  0.2747
  105.  42.  0.2924
  105.  43.  0.3003
  105.  44.  0.3078
  105.  45.  0.3231
  105.  46.  0.3267
  105.  47.  0.3383
  105.  48.  0.3422
  105.  49.  0.3545
  105.  50.  0.3778
  105.  51.  0.377
  105.  52.  0.3845
  106.  12.  0.2844
  106.  13.  0.2785
  106.  14.  0.2708
  106.  15.  0.2728
  106.  16.  0.2648
  106.  17.  0.2598
  106.  18.  0.2331
  106.  19.  0.2319
  106.  20.  0.2314
  106.  21.  0.2277
  106.  22.  0.2209
  106.  23.  0.2228
  106.  24.  0.2197
  106.  25.  0.2219
  106.  26.  0.2319
  106.  27.  0.2298
  106.  28.  0.2327
  106.  29.  0.2333
  106.  30.  0.2323
  106.  31.  0.2445
  106.  32.  0.2498
  106.  33.  0.2489
  106.  34.  0.2549
  106.  35.  0.259
  106.  36.  0.26
  106.  37.  0.2627
  106.  38.  0.2704
  106.  39.  0.2754
  106.  40.  0.2928
  106.  41.  0.2992
  106.  42.  0.3125
  106.  43.  0.3201
  106.  44.  0.3207
  106.  45.  0.3304
  106.  46.  0.3422
  106.  47.  0.3498
  106.  48.  0.3641
  106.  49.  0.3753
  106.  50.  0.3873
  106.  51.  0.3889
  106.  52.  0.4002
  106.  53.  0.4132
  107.  12.  0.2897
  107.  13.  0.2827
  107.  14.  0.2842
  107.  15.  0.2767
  107.  16.  0.2741
  107.  17.  0.2664
  107.  18.  0.2452
  107.  19.  0.2436
  107.  20.  0.2389
  107.  21.  0.2315
  107.  22.  0.2328
  107.  23.  0.2283
  107.  24.  0.2309
  107.  25.  0.2357
  107.  26.  0.2388
  107.  27.  0.2353
  107.  28.  0.2404
  107.  29.  0.2416
  107.  30.  0.2445
  107.  31.  0.2597
  107.  32.  0.2596
  107.  33.  0.2624
  107.  34.  0.2674
  107.  35.  0.267
  107.  36.  0.2709
  107.  37.  0.2783
  107.  38.  0.2896
  107.  39.  0.299
  107.  40.  0.3066
  107.  41.  0.3194
  107.  42.  0.328
  107.  43.  0.3355
  107.  44.  0.338
  107.  45.  0.3457
  107.  46.  0.3592
  107.  47.  0.3674
  107.  48.  0.3807
  107.  49.  0.3893
  107.  50.  0.3922
  107.  51.  0.4016
  107.  52.  0.4137
  107.  53.  0.4255
  108.  12.  0.2964
  108.  13.  0.292
  108.  14.  0.2878
  108.  15.  0.2843
  108.  16.  0.2803
  108.  17.  0.2727
  108.  18.  0.255
  108.  19.  0.2478
  108.  20.  0.2441
  108.  21.  0.2423
  108.  22.  0.2384
  108.  23.  0.2403
  108.  24.  0.2445
  108.  25.  0.248
  108.  26.  0.2446
  108.  27.  0.2474
  108.  28.  0.2486
  108.  29.  0.2555
  108.  30.  0.2546
  108.  31.  0.267
  108.  32.  0.2674
  108.  33.  0.2733
  108.  34.  0.2759
  108.  35.  0.2788
  108.  36.  0.2896
  108.  37.  0.2965
  108.  38.  0.3104
  108.  39.  0.3189
  108.  40.  0.3281
  108.  41.  0.3348
  108.  42.  0.3486
  108.  43.  0.3525
  108.  44.  0.3514
  108.  45.  0.3576
  108.  46.  0.3709
  108.  47.  0.3848
  108.  48.  0.3953
  108.  49.  0.3995
  108.  50.  0.4014
  108.  51.  0.4092
  108.  52.  0.4178
  108.  53.  0.4517
  108.  54.  0.4582
  109.  12.  0.3041
  109.  13.  0.299
  109.  14.  0.2934
  109.  15.  0.2924
  109.  16.  0.2867
  109.  17.  0.2896
  109.  18.  0.2626
  109.  19.  0.2571
  109.  20.  0.256
  109.  21.  0.2505
  109.  22.  0.251
  109.  23.  0.2534
  109.  24.  0.2495
  109.  25.  0.253
  109.  26.  0.258
  109.  27.  0.2585
  109.  28.  0.2628
  109.  29.  0.2633
  109.  30.  0.2663
  109.  31.  0.2737
  109.  32.  0.28
  109.  33.  0.2823
  109.  34.  0.2904
  109.  35.  0.2948
  109.  36.  0.3029
  109.  37.  0.3163
  109.  38.  0.3253
  109.  39.  0.3337
  109.  40.  0.3432
  109.  41.  0.3566
  109.  42.  0.3574
  109.  43.  0.3693
  109.  44.  0.3633
  109.  45.  0.3761
  109.  46.  0.3906
  109.  47.  0.4002
  109.  48.  0.4048
  109.  49.  0.4181
  109.  50.  0.4133
  109.  51.  0.4223
  109.  52.  0.4409
  109.  53.  0.4588
  109.  54.  0.4875
  110.  12.  0.3113
  110.  13.  0.3084
  110.  14.  0.3009
  110.  15.  0.3021
  110.  16.  0.2989
  110.  17.  0.2961
  110.  18.  0.2705
  110.  19.  0.2676
  110.  20.  0.264
  110.  21.  0.2623
  110.  22.  0.2657
  110.  23.  0.2606
  110.  24.  0.2579
  110.  25.  0.2694
  110.  26.  0.2666
  110.  27.  0.2719
  110.  28.  0.2716
  110.  29.  0.2742
  110.  30.  0.2764
  110.  31.  0.278
  110.  32.  0.2861
  110.  33.  0.2965
  110.  34.  0.3014
  110.  35.  0.3093
  110.  36.  0.3227
  110.  37.  0.3322
  110.  38.  0.34
  110.  39.  0.35
  110.  40.  0.364
  110.  41.  0.3713
  110.  42.  0.3771
  110.  43.  0.3752
  110.  44.  0.3826
  110.  45.  0.3953
  110.  46.  0.404
  110.  47.  0.4079
  110.  48.  0.4183
  110.  49.  0.4301
  110.  50.  0.4274
  110.  51.  0.4385
  110.  52.  0.4552
  110.  53.  0.4716
  110.  54.  0.5224
  110.  55.  0.5455
  111.  12.  0.3227
  111.  13.  0.3163
  111.  14.  0.3112
  111.  15.  0.3101
  111.  16.  0.3061
  111.  17.  0.3025
  111.  18.  0.2732
  111.  19.  0.276
  111.  20.  0.275
  111.  21.  0.2725
  111.  22.  0.2737
  111.  23.  0.2688
  111.  24.  0.2731
  111.  25.  0.2774
  111.  26.  0.28
  111.  27.  0.2863
  111.  28.  0.2861
  111.  29.  0.2863
  111.  30.  0.288
  111.  31.  0.2892
  111.  32.  0.2972
  111.  33.  0.3078
  111.  34.  0.3148
  111.  35.  0.3243
  111.  36.  0.3374
  111.  37.  0.3461
  111.  38.  0.3559
  111.  39.  0.3721
  111.  40.  0.3787
  111.  41.  0.3827
  111.  42.  0.3947
  111.  43.  0.3888
  111.  44.  0.402
  111.  45.  0.4102
  111.  46.  0.4134
  111.  47.  0.4236
  111.  48.  0.4352
  111.  49.  0.43
  111.  50.  0.4417
  111.  51.  0.4601
  111.  52.  0.4698
  111.  53.  0.5174
  111.  54.  0.5345
  111.  55.  0.5697
  112.  12.  0.3341
  112.  13.  0.3284
  112.  14.  0.3185
  112.  15.  0.3216
  112.  16.  0.3182
  112.  17.  0.3139
  112.  18.  0.2872
  112.  19.  0.2853
  112.  20.  0.2814
  112.  21.  0.2776
  112.  22.  0.282
  112.  23.  0.2831
  112.  24.  0.2836
  112.  25.  0.2915
  112.  26.  0.2969
  112.  27.  0.2967
  112.  28.  0.2974
  112.  29.  0.2988
  112.  30.  0.3012
  112.  31.  0.3052
  112.  32.  0.3031
  112.  33.  0.3087
  112.  34.  0.3246
  112.  35.  0.337
  112.  36.  0.3447
  112.  37.  0.3542
  112.  38.  0.3665
  112.  39.  0.3759
  112.  40.  0.3808
  112.  41.  0.4017
  112.  42.  0.3944
  112.  43.  0.4088
  112.  44.  0.419
  112.  45.  0.4192
  112.  46.  0.4294
  112.  47.  0.4376
  112.  48.  0.4474
  112.  49.  0.4496
  112.  50.  0.4625
  112.  51.  0.4754
  112.  52.  0.5071
  112.  53.  0.5448
  112.  54.  0.5642
  112.  55.  0.5947
  112.  56.  0.6422
  113.  12.  0.3463
  113.  13.  0.3404
  113.  14.  0.3328
  113.  15.  0.3256
  113.  16.  0.3291
  113.  17.  0.3254
  113.  18.  0.3003
  113.  19.  0.2969
  113.  20.  0.2914
  113.  21.  0.2875
  113.  22.  0.2926
  113.  23.  0.291
  113.  24.  0.2924
  113.  25.  0.3076
  113.  26.  0.3067
  113.  27.  0.3075
  113.  28.  0.3153
  113.  29.  0.3134
  113.  30.  0.3074
  113.  31.  0.3114
  113.  32.  0.3168
  113.  33.  0.3249
  113.  34.  0.3322
  113.  35.  0.351
  113.  36.  0.3611
  113.  37.  0.3724
  113.  38.  0.3817
  113.  39.  0.3878
  113.  40.  0.3983
  113.  41.  0.4084
  113.  42.  0.408
  113.  43.  0.4186
  113.  44.  0.4272
  113.  45.  0.4344
  113.  46.  0.4375
  113.  47.  0.4515
  113.  48.  0.4555
  113.  49.  0.4621
  113.  50.  0.4782
  113.  51.  0.5067
  113.  52.  0.5423
  113.  53.  0.57
  113.  54.  0.6002
  113.  55.  0.6327
  113.  56.  0.6681
  114.  12.  0.3601
  114.  13.  0.3552
  114.  14.  0.3466
  114.  15.  0.3372
  114.  16.  0.3356
  114.  17.  0.3405
  114.  18.  0.3108
  114.  19.  0.3075
  114.  20.  0.3031
  114.  21.  0.3019
  114.  22.  0.3046
  114.  23.  0.3104
  114.  24.  0.3072
  114.  25.  0.3112
  114.  26.  0.3131
  114.  27.  0.3201
  114.  28.  0.3192
  114.  29.  0.3194
  114.  30.  0.3204
  114.  31.  0.3252
  114.  32.  0.3324
  114.  33.  0.3397
  114.  34.  0.3505
  114.  35.  0.3593
  114.  36.  0.3812
  114.  37.  0.3868
  114.  38.  0.3923
  114.  39.  0.3993
  114.  40.  0.4111
  114.  41.  0.4132
  114.  42.  0.4228
  114.  43.  0.4259
  114.  44.  0.4357
  114.  45.  0.4468
  114.  46.  0.4591
  114.  47.  0.4689
  114.  48.  0.4677
  114.  49.  0.4856
  114.  50.  0.5101
  114.  51.  0.5456
  114.  52.  0.572
  114.  53.  0.6092
  114.  54.  0.6403
  114.  55.  0.6599
  114.  56.  0.6792
  114.  57.  0.7211
  115.  12.  0.3738
  115.  13.  0.369
  115.  14.  0.3605
  115.  15.  0.3513
  115.  16.  0.3492
  115.  17.  0.3472
  115.  18.  0.3215
  115.  19.  0.32
  115.  20.  0.3171
  115.  21.  0.3173
  115.  22.  0.325
  115.  23.  0.325
  115.  24.  0.3207
  115.  25.  0.3264
  115.  26.  0.3302
  115.  27.  0.3306
  115.  28.  0.3303
  115.  29.  0.3317
  115.  30.  0.3345
  115.  31.  0.3407
  115.  32.  0.3509
  115.  33.  0.3588
  115.  34.  0.3676
  115.  35.  0.3826
  115.  36.  0.3858
  115.  37.  0.3914
  115.  38.  0.3973
  115.  39.  0.4169
  115.  40.  0.4307
  115.  41.  0.4179
  115.  42.  0.4307
  115.  43.  0.4399
  115.  44.  0.4528
  115.  45.  0.4694
  115.  46.  0.4777
  115.  47.  0.4765
  115.  48.  0.493
  115.  49.  0.5152
  115.  50.  0.5381
  115.  51.  0.5767
  115.  52.  0.6052
  115.  53.  0.6507
  115.  54.  0.6686
  115.  55.  0.7017
  115.  56.  0.72
  115.  57.  0.7605
  116.  12.  0.3899
  116.  13.  0.3829
  116.  14.  0.377
  116.  15.  0.3657
  116.  16.  0.364
  116.  17.  0.3634
  116.  18.  0.3317
  116.  19.  0.3292
  116.  20.  0.3305
  116.  21.  0.3355
  116.  22.  0.3392
  116.  23.  0.3384
  116.  24.  0.3371
  116.  25.  0.3407
  116.  26.  0.3446
  116.  27.  0.3445
  116.  28.  0.3431
  116.  29.  0.3467
  116.  30.  0.352
  116.  31.  0.3594
  116.  32.  0.3683
  116.  33.  0.3747
  116.  34.  0.3897
  116.  35.  0.3966
  116.  36.  0.4008
  116.  37.  0.4063
  116.  38.  0.4137
  116.  39.  0.4302
  116.  40.  0.4249
  116.  41.  0.4331
  116.  42.  0.4448
  116.  43.  0.4589
  116.  44.  0.4763
  116.  45.  0.4877
  116.  46.  0.5002
  116.  47.  0.5022
  116.  48.  0.5182
  116.  49.  0.5433
  116.  50.  0.5794
  116.  51.  0.6106
  116.  52.  0.6445
  116.  53.  0.6751
  116.  54.  0.7076
  116.  55.  0.747
  116.  56.  0.7682
  116.  57.  0.804
  116.  58.  0.8441
  117.  12.  0.4035
  117.  13.  0.3982
  117.  14.  0.3917
  117.  15.  0.3831
  117.  16.  0.3772
  117.  17.  0.3777
  117.  18.  0.3436
  117.  19.  0.3388
  117.  20.  0.3427
  117.  21.  0.3508
  117.  22.  0.3524
  117.  23.  0.3516
  117.  24.  0.3592
  117.  25.  0.3543
  117.  26.  0.3591
  117.  27.  0.3551
  117.  28.  0.3584
  117.  29.  0.3665
  117.  30.  0.3703
  117.  31.  0.3773
  117.  32.  0.3842
  117.  33.  0.3976
  117.  34.  0.404
  117.  35.  0.4101
  117.  36.  0.4137
  117.  37.  0.4185
  117.  38.  0.4348
  117.  39.  0.4232
  117.  40.  0.439
  117.  41.  0.4513
  117.  42.  0.4643
  117.  43.  0.4794
  117.  44.  0.4904
  117.  45.  0.5071
  117.  46.  0.5101
  117.  47.  0.5283
  117.  48.  0.5471
  117.  49.  0.5762
  117.  50.  0.6125
  117.  51.  0.64
  117.  52.  0.6839
  117.  53.  0.7106
  117.  54.  0.7552
  117.  55.  0.7951
  117.  56.  0.8094
  117.  57.  0.853
  117.  58.  0.8996
  118.  12.  0.4205
  118.  13.  0.4134
  118.  14.  0.4082
  118.  15.  0.4
  118.  16.  0.3898
  118.  17.  0.3947
  118.  18.  0.3592
  118.  19.  0.3536
  118.  20.  0.3577
  118.  21.  0.3544
  118.  22.  0.3574
  118.  23.  0.3757
  118.  24.  0.3739
  118.  25.  0.371
  118.  26.  0.3679
  118.  27.  0.3723
  118.  28.  0.3773
  118.  29.  0.3818
  118.  30.  0.3865
  118.  31.  0.3938
  118.  32.  0.408
  118.  33.  0.4145
  118.  34.  0.4178
  118.  35.  0.4139
  118.  36.  0.4272
  118.  37.  0.4428
  118.  38.  0.4296
  118.  39.  0.4368
  118.  40.  0.449
  118.  41.  0.4715
  118.  42.  0.4843
  118.  43.  0.5002
  118.  44.  0.5138
  118.  45.  0.5194
  118.  46.  0.5362
  118.  47.  0.5542
  118.  48.  0.5768
  118.  49.  0.6083
  118.  50.  0.6454
  118.  51.  0.6757
  118.  52.  0.7141
  118.  53.  0.759
  118.  54.  0.7901
  118.  55.  0.8155
  118.  56.  0.8633
  118.  57.  0.9113
  118.  58.  0.965
  119.  12.  0.4368
  119.  13.  0.4304
  119.  14.  0.4246
  119.  15.  0.4169
  119.  16.  0.4058
  119.  17.  0.4079
  119.  18.  0.3707
  119.  19.  0.3728
  119.  20.  0.3717
  119.  21.  0.3696
  119.  22.  0.3793
  119.  23.  0.3805
  119.  24.  0.3768
  119.  25.  0.3797
  119.  26.  0.3774
  119.  27.  0.3768
  119.  28.  0.3887
  119.  29.  0.3902
  119.  30.  0.402
  119.  31.  0.4144
  119.  32.  0.4208
  119.  33.  0.4171
  119.  34.  0.4232
  119.  35.  0.4361
  119.  36.  0.4529
  119.  37.  0.4371
  119.  38.  0.4461
  119.  39.  0.4578
  119.  40.  0.4682
  119.  41.  0.4841
  119.  42.  0.4982
  119.  43.  0.5139
  119.  44.  0.5274
  119.  45.  0.5464
  119.  46.  0.5651
  119.  47.  0.593
  119.  48.  0.6126
  119.  49.  0.6384
  119.  50.  0.6635
  119.  51.  0.7176
  119.  52.  0.7593
  119.  53.  0.7923
  119.  54.  0.8375
  119.  55.  0.8727
  119.  56.  0.922
  119.  57.  0.9687
  120.  12.  0.4555
  120.  13.  0.4486
  120.  14.  0.4407
  120.  15.  0.4344
  120.  16.  0.4257
  120.  17.  0.4263
  120.  18.  0.3922
  120.  19.  0.3895
  120.  20.  0.3898
  120.  21.  0.4004
  120.  22.  0.3957
  120.  23.  0.3904
  120.  24.  0.3942
  120.  25.  0.3907
  120.  26.  0.3887
  120.  27.  0.3901
  120.  28.  0.4086
  120.  29.  0.4092
  120.  30.  0.417
  120.  31.  0.4233
  120.  32.  0.4181
  120.  33.  0.4334
  120.  34.  0.4465
  120.  35.  0.4605
  120.  36.  0.4463
  120.  37.  0.456
  120.  38.  0.4678
  120.  39.  0.4799
  120.  40.  0.4962
  120.  41.  0.508
  120.  42.  0.5148
  120.  43.  0.5304
  120.  44.  0.5577
  120.  45.  0.5777
  120.  46.  0.5949
  120.  47.  0.6255
  120.  48.  0.649
  120.  49.  0.6766
  120.  50.  0.7097
  120.  51.  0.7644
  120.  52.  0.8055
  120.  53.  0.8454
  120.  54.  0.8932
  120.  55.  0.9268
  120.  56.  0.9815
  121.  12.  0.4731
  121.  13.  0.468
  121.  14.  0.4611
  121.  15.  0.4521
  121.  16.  0.4423
  121.  17.  0.4402
  121.  18.  0.4083
  121.  19.  0.4042
  121.  20.  0.4067
  121.  21.  0.4171
  121.  22.  0.4127
  121.  23.  0.4076
  121.  24.  0.404
  121.  25.  0.4094
  121.  26.  0.4096
  121.  27.  0.4085
  121.  28.  0.4104
  121.  29.  0.4188
  121.  30.  0.4351
  121.  31.  0.4299
  121.  32.  0.4321
  121.  33.  0.4478
  121.  34.  0.4613
  121.  35.  0.4578
  121.  36.  0.466
  121.  37.  0.4761
  121.  38.  0.4898
  121.  39.  0.5052
  121.  40.  0.5178
  121.  41.  0.5256
  121.  42.  0.5408
  121.  43.  0.5569
  121.  44.  0.5767
  121.  45.  0.6178
  121.  46.  0.641
  121.  47.  0.6736
  121.  48.  0.7012
  121.  49.  0.7326
  121.  50.  0.7722
  121.  51.  0.8177
  121.  52.  0.8574
  121.  53.  0.9063
  121.  54.  0.9607
  121.  55.  0.9938
  122.  12.  0.494
  122.  13.  0.4864
  122.  14.  0.4808
  122.  15.  0.4726
  122.  16.  0.4605
  122.  17.  0.4596
  122.  18.  0.4295
  122.  19.  0.4226
  122.  20.  0.4359
  122.  21.  0.4352
  122.  22.  0.4319
  122.  23.  0.4287
  122.  24.  0.4269
  122.  25.  0.4274
  122.  26.  0.4279
  122.  27.  0.4281
  122.  28.  0.4268
  122.  29.  0.4345
  122.  30.  0.4363
  122.  31.  0.4456
  122.  32.  0.4577
  122.  33.  0.4722
  122.  34.  0.4683
  122.  35.  0.4775
  122.  36.  0.4869
  122.  37.  0.499
  122.  38.  0.5168
  122.  39.  0.53
  122.  40.  0.5366
  122.  41.  0.552
  122.  42.  0.5721
  122.  43.  0.5886
  122.  44.  0.607
  122.  45.  0.6423
  122.  46.  0.6884
  122.  47.  0.7169
  122.  48.  0.7467
  122.  49.  0.7812
  122.  50.  0.8208
  122.  51.  0.8721
  122.  52.  0.9166
  122.  53.  0.9721
  123.  12.  0.5158
  123.  13.  0.507
  123.  14.  0.5001
  123.  15.  0.4919
  123.  16.  0.4801
  123.  17.  0.4749
  123.  18.  0.448
  123.  19.  0.4547
  123.  20.  0.4548
  123.  21.  0.4541
  123.  22.  0.4518
  123.  23.  0.4492
  123.  24.  0.4429
  123.  25.  0.4425
  123.  26.  0.4488
  123.  27.  0.4466
  123.  28.  0.4535
  123.  29.  0.4536
  123.  30.  0.454
  123.  31.  0.4638
  123.  32.  0.4865
  123.  33.  0.479
  123.  34.  0.4872
  123.  35.  0.4991
  123.  36.  0.5114
  123.  37.  0.5275
  123.  38.  0.5419
  123.  39.  0.549
  123.  40.  0.563
  123.  41.  0.5802
  123.  42.  0.5995
  123.  43.  0.6219
  123.  44.  0.6525
  123.  45.  0.6834
  123.  46.  0.7114
  123.  47.  0.7422
  123.  48.  0.7944
  123.  49.  0.8334
  123.  50.  0.8756
  123.  51.  0.9293
  123.  52.  0.9762
  124.  12.  0.5373
  124.  13.  0.5287
  124.  14.  0.521
  124.  15.  0.5122
  124.  16.  0.5002
  124.  17.  0.4886
  124.  18.  0.477
  124.  19.  0.4745
  124.  20.  0.4739
  124.  21.  0.4697
  124.  22.  0.474
  124.  23.  0.4694
  124.  24.  0.463
  124.  25.  0.4617
  124.  26.  0.4591
  124.  27.  0.4758
  124.  28.  0.4739
  124.  29.  0.4732
  124.  30.  0.4809
  124.  31.  0.4939
  124.  32.  0.496
  124.  33.  0.5011
  124.  34.  0.5109
  124.  35.  0.5238
  124.  36.  0.5403
  124.  37.  0.5567
  124.  38.  0.5617
  124.  39.  0.5765
  124.  40.  0.5935
  124.  41.  0.6141
  124.  42.  0.636
  124.  43.  0.6695
  124.  44.  0.6984
  124.  45.  0.7236
  124.  46.  0.7559
  124.  47.  0.7886
  124.  48.  0.8259
  124.  49.  0.8917
  124.  50.  0.9392
  124.  51.  0.9955
  125.  12.  0.5617
  125.  13.  0.5507
  125.  14.  0.5406
  125.  15.  0.5333
  125.  16.  0.5193
  125.  17.  0.5269
  125.  18.  0.4924
  125.  19.  0.4919
  125.  20.  0.4935
  125.  21.  0.4907
  125.  22.  0.4959
  125.  23.  0.4895
  125.  24.  0.4847
  125.  25.  0.4803
  125.  26.  0.4867
  125.  27.  0.4844
  125.  28.  0.4941
  125.  29.  0.5034
  125.  30.  0.5123
  125.  31.  0.5048
  125.  32.  0.5119
  125.  33.  0.5327
  125.  34.  0.5402
  125.  35.  0.5552
  125.  36.  0.5653
  125.  37.  0.5756
  125.  38.  0.5933
  125.  39.  0.6093
  125.  40.  0.6289
  125.  41.  0.6534
  125.  42.  0.6791
  125.  43.  0.7108
  125.  44.  0.739
  125.  45.  0.7707
  125.  46.  0.8043
  125.  47.  0.8416
  125.  48.  0.8859
  125.  49.  0.9338
  125.  50.  0.9857
  126.  12.  0.5877
  126.  13.  0.5732
  126.  14.  0.5708
  126.  15.  0.5545
  126.  16.  0.5511
  126.  17.  0.5518
  126.  18.  0.5116
  126.  19.  0.513
  126.  20.  0.5145
  126.  21.  0.5098
  126.  22.  0.5171
  126.  23.  0.5125
  126.  24.  0.5095
  126.  25.  0.5163
  126.  26.  0.5081
  126.  27.  0.5069
  126.  28.  0.5129
  126.  29.  0.5355
  126.  30.  0.5382
  126.  31.  0.5326
  126.  32.  0.5396
  126.  33.  0.5484
  126.  34.  0.5736
  126.  35.  0.5838
  126.  36.  0.5887
  126.  37.  0.6062
  126.  38.  0.6264
  126.  39.  0.647
  126.  40.  0.6706
  126.  41.  0.6893
  126.  42.  0.7238
  126.  43.  0.7566
  126.  44.  0.7893
  126.  45.  0.828
  126.  46.  0.8632
  126.  47.  0.9011
  126.  48.  0.951
  127.  12.  0.6139
  127.  13.  0.5971
  127.  14.  0.59
  127.  15.  0.5833
  127.  16.  0.572
  127.  17.  0.5721
  127.  18.  0.539
  127.  19.  0.5333
  127.  20.  0.5338
  127.  21.  0.5325
  127.  22.  0.5361
  127.  23.  0.5327
  127.  24.  0.5405
  127.  25.  0.5381
  127.  26.  0.5321
  127.  27.  0.5392
  127.  28.  0.5388
  127.  29.  0.5604
  127.  30.  0.5522
  127.  31.  0.5618
  127.  32.  0.5694
  127.  33.  0.5818
  127.  34.  0.6081
  127.  35.  0.6213
  127.  36.  0.6238
  127.  37.  0.642
  127.  38.  0.6636
  127.  39.  0.6872
  127.  40.  0.7085
  127.  41.  0.7423
  127.  42.  0.7729
  127.  43.  0.8069
  127.  44.  0.8443
  127.  45.  0.8791
  127.  46.  0.9169
  127.  47.  0.9688
  128.  12.  0.6423
  128.  13.  0.6238
  128.  14.  0.6266
  128.  15.  0.6063
  128.  16.  0.5918
  128.  17.  0.5949
  128.  18.  0.5595
  128.  19.  0.5526
  128.  20.  0.5532
  128.  21.  0.5517
  128.  22.  0.5487
  128.  23.  0.5561
  128.  24.  0.5666
  128.  25.  0.5624
  128.  26.  0.5694
  128.  27.  0.5682
  128.  28.  0.5777
  128.  29.  0.5771
  128.  30.  0.5807
  128.  31.  0.5923
  128.  32.  0.603
  128.  33.  0.613
  128.  34.  0.6247
  128.  35.  0.6494
  128.  36.  0.6643
  128.  37.  0.6828
  128.  38.  0.7024
  128.  39.  0.7263
  128.  40.  0.7647
  128.  41.  0.7909
  128.  42.  0.8263
  128.  43.  0.8615
  128.  44.  0.8986
  128.  45.  0.9374
  128.  46.  0.9863
  129.  12.  0.6733
  129.  13.  0.6567
  129.  14.  0.6547
  129.  15.  0.6332
  129.  16.  0.6151
  129.  17.  0.6197
  129.  18.  0.5739
  129.  19.  0.5732
  129.  20.  0.5662
  129.  21.  0.5726
  129.  22.  0.571
  129.  23.  0.5789
  129.  24.  0.5871
  129.  25.  0.5968
  129.  26.  0.5948
  129.  27.  0.6094
  129.  28.  0.6061
  129.  29.  0.5998
  129.  30.  0.6031
  129.  31.  0.625
  129.  32.  0.638
  129.  33.  0.6481
  129.  34.  0.6551
  129.  35.  0.671
  129.  36.  0.7073
  129.  37.  0.7239
  129.  38.  0.7462
  129.  39.  0.774
  129.  40.  0.8102
  129.  41.  0.8455
  129.  42.  0.8822
  129.  43.  0.9166
  129.  44.  0.956
  130.  12.  0.7055
  130.  13.  0.6834
  130.  14.  0.6813
  130.  15.  0.6586
  130.  16.  0.639
  130.  17.  0.6437
  130.  18.  0.5974
  130.  19.  0.5958
  130.  20.  0.5877
  130.  21.  0.5958
  130.  22.  0.5916
  130.  23.  0.6005
  130.  24.  0.6133
  130.  25.  0.6205
  130.  26.  0.637
  130.  27.  0.6373
  130.  28.  0.631
  130.  29.  0.6348
  130.  30.  0.6361
  130.  31.  0.6591
  130.  32.  0.6741
  130.  33.  0.6798
  130.  34.  0.6972
  130.  35.  0.7159
  130.  36.  0.7336
  130.  37.  0.772
  130.  38.  0.7956
  130.  39.  0.8322
  130.  40.  0.8617
  130.  41.  0.9037
  130.  42.  0.9399
  130.  43.  0.9814
  131.  12.  0.7392
  131.  13.  0.7135
  131.  14.  0.6995
  131.  15.  0.6867
  131.  16.  0.6678
  131.  17.  0.661
  131.  18.  0.6049
  131.  19.  0.6133
  131.  20.  0.6123
  131.  21.  0.6148
  131.  22.  0.6156
  131.  23.  0.6125
  131.  24.  0.6324
  131.  25.  0.648
  131.  26.  0.6655
  131.  27.  0.6587
  131.  28.  0.6658
  131.  29.  0.6726
  131.  30.  0.6794
  131.  31.  0.6889
  131.  32.  0.7066
  131.  33.  0.7238
  131.  34.  0.7436
  131.  35.  0.7635
  131.  36.  0.7837
  131.  37.  0.807
  131.  38.  0.8532
  131.  39.  0.8828
  131.  40.  0.9277
  131.  41.  0.965
  132.  12.  0.7768
  132.  13.  0.7641
  132.  14.  0.7335
  132.  15.  0.7202
  132.  16.  0.6986
  132.  17.  0.6795
  132.  18.  0.63
  132.  19.  0.6435
  132.  20.  0.645
  132.  21.  0.6348
  132.  22.  0.6412
  132.  23.  0.6509
  132.  24.  0.6735
  132.  25.  0.6762
  132.  26.  0.6843
  132.  27.  0.692
  132.  28.  0.7018
  132.  29.  0.7108
  132.  30.  0.7228
  132.  31.  0.7304
  132.  32.  0.7361
  132.  33.  0.7725
  132.  34.  0.7915
  132.  35.  0.8157
  132.  36.  0.8423
  132.  37.  0.861
  132.  38.  0.8896
  132.  39.  0.9276
  132.  40.  0.9978
  133.  12.  0.8141
  133.  13.  0.7872
  133.  14.  0.7673
  133.  15.  0.7548
  133.  16.  0.731
  133.  17.  0.7092
  133.  18.  0.6497
  133.  19.  0.648
  133.  20.  0.6742
  133.  21.  0.6644
  133.  22.  0.6824
  133.  23.  0.6915
  133.  24.  0.7054
  133.  25.  0.7096
  133.  26.  0.7153
  133.  27.  0.7273
  133.  28.  0.7361
  133.  29.  0.7495
  133.  30.  0.7608
  133.  31.  0.7801
  133.  32.  0.787
  133.  33.  0.8037
  133.  34.  0.8449
  133.  35.  0.8703
  133.  36.  0.9001
  133.  37.  0.9248
  133.  38.  0.9589
  133.  39.  0.9942
  134.  12.  0.8553
  134.  13.  0.8251
  134.  14.  0.8061
  134.  15.  0.7898
  134.  16.  0.7669
  134.  17.  0.7462
  134.  18.  0.6641
  134.  19.  0.6648
  134.  20.  0.6626
  134.  21.  0.7145
  134.  22.  0.7357
  134.  23.  0.7262
  134.  24.  0.7089
  134.  25.  0.7276
  134.  26.  0.7353
  134.  27.  0.7656
  134.  28.  0.7797
  134.  29.  0.7912
  134.  30.  0.8061
  134.  31.  0.8261
  134.  32.  0.8406
  134.  33.  0.8564
  134.  34.  0.8797
  134.  35.  0.9349
  134.  36.  0.9708
  134.  37.  0.991
  135.  12.  0.8984
  135.  13.  0.8646
  135.  14.  0.8489
  135.  15.  0.818
  135.  16.  0.8044
  135.  17.  0.7847
  135.  18.  0.6996
  135.  19.  0.6776
  135.  20.  0.664
  135.  21.  0.6849
  135.  22.  0.7443
  135.  23.  0.7448
  135.  24.  0.7524
  135.  25.  0.7512
  135.  26.  0.7782
  135.  27.  0.7905
  135.  28.  0.8129
  135.  29.  0.8296
  135.  30.  0.8427
  135.  31.  0.8686
  135.  32.  0.8948
  135.  33.  0.9262
  135.  34.  0.9438
  135.  35.  0.976
  136.  12.  0.9479
  136.  13.  0.9143
  136.  14.  0.8929
  136.  15.  0.8617
  136.  16.  0.8315
  136.  17.  0.8267
  136.  18.  0.7339
  136.  19.  0.7115
  136.  20.  0.6975
  136.  21.  0.7041
  136.  22.  0.7472
  136.  23.  0.7778
  136.  24.  0.7903
  136.  25.  0.7856
  136.  26.  0.7983
  136.  27.  0.827
  136.  28.  0.8429
  136.  29.  0.8767
  136.  30.  0.8981
  136.  31.  0.9185
  136.  32.  0.9525
  136.  33.  0.9834
  137.  12.  0.9968
  137.  13.  0.9619
  137.  14.  0.9456
  137.  15.  0.9121
  137.  16.  0.8993
  137.  17.  0.8718
  137.  18.  0.7785
  137.  19.  0.751
  137.  20.  0.739
  137.  21.  0.7454
  137.  22.  0.7564
  137.  23.  0.7906
  137.  24.  0.7808
  137.  25.  0.798
  137.  26.  0.8147
  137.  27.  0.8572
  137.  28.  0.8696
  137.  29.  0.8848
  137.  30.  0.928
  137.  31.  0.9547
  137.  32.  0.9836
  138.  15.  0.9725
  138.  16.  0.958
  138.  17.  0.9269
  138.  18.  0.8208
  138.  19.  0.7991
  138.  20.  0.7845
  138.  21.  0.7957
  138.  22.  0.7866
  138.  23.  0.8278
  138.  24.  0.8438
  138.  25.  0.8291
  138.  26.  0.8242
  138.  27.  0.871
  138.  28.  0.8998
  138.  29.  0.9152
  138.  30.  0.9571
  138.  31.  0.9858
  139.  17.  0.9958
  139.  18.  0.8853
  139.  19.  0.8645
  139.  20.  0.8373
  139.  21.  0.8226
  139.  22.  0.8459
  139.  23.  0.8399
  139.  24.  0.8986
  139.  25.  0.892
  139.  26.  0.8813
  139.  27.  0.8817
  139.  28.  0.9074
  139.  29.  0.9151
  139.  30.  0.9304
  139.  31.  0.9781
  140.  18.  0.9442
  140.  19.  0.9314
  140.  20.  0.9037
  140.  21.  0.8953
  140.  22.  0.8783
  140.  23.  0.8933
  140.  24.  0.9038
  140.  25.  0.9565
  140.  26.  0.9473
  140.  27.  0.9405
  140.  28.  0.9687
  140.  29.  0.9746
  140.  30.  0.9789
  141.  20.  0.9588
  141.  21.  0.9465
  141.  22.  0.9248
  141.  23.  0.9516
  141.  24.  0.9453
  141.  25.  0.962
  142.  21.  0.9984
  142.  22.  0.9872
  142.  23.  0.9725
  142.  25.  0.9993
