  10.  4.  0.0253
  10.  5.  0.0413
  11.  4.  0.027
  11.  5.  0.0378
  12.  4.  0.0296
  12.  5.  0.0277
  12.  6.  0.0459
  13.  4.  0.0332
  13.  5.  0.0284
  13.  6.  0.0415
  14.  4.  0.0377
  14.  5.  0.0294
  14.  6.  0.0304
  14.  7.  0.0428
  15.  4.  0.0424
  15.  5.  0.0308
  15.  6.  0.0305
  15.  7.  0.0388
  16.  4.  0.0484
  16.  5.  0.0325
  16.  6.  0.0306
  16.  7.  0.0299
  16.  8.  0.0377
  17.  4.  0.0545
  17.  5.  0.0338
  17.  6.  0.0311
  17.  7.  0.0298
  17.  8.  0.0356
  18.  4.  0.0595
  18.  5.  0.0359
  18.  6.  0.032
  18.  7.  0.0301
  18.  8.  0.0296
  18.  9.  0.0368
  19.  4.  0.0644
  19.  5.  0.0375
  19.  6.  0.0332
  19.  7.  0.0311
  19.  8.  0.0303
  19.  9.  0.0369
  20.  4.  0.0677
  20.  5.  0.0391
  20.  6.  0.0349
  20.  7.  0.0325
  20.  8.  0.0316
  20.  9.  0.0326
  20.  10.  0.0408
  21.  4.  0.0714
  21.  5.  0.041
  21.  6.  0.0365
  21.  7.  0.0345
  21.  8.  0.0336
  21.  9.  0.0342
  21.  10.  0.0421
  22.  4.  0.0737
  22.  5.  0.0431
  22.  6.  0.0388
  22.  7.  0.0366
  22.  8.  0.0358
  22.  9.  0.0367
  22.  10.  0.0378
  22.  11.  0.0517
  23.  4.  0.0757
  23.  5.  0.045
  23.  6.  0.0411
  23.  7.  0.039
  23.  8.  0.0384
  23.  9.  0.0398
  23.  10.  0.0407
  23.  11.  0.0526
  24.  4.  0.0781
  24.  5.  0.0472
  24.  6.  0.0439
  24.  7.  0.0422
  24.  8.  0.0418
  24.  9.  0.0428
  24.  10.  0.0437
  24.  11.  0.0476
  24.  12.  0.0608
  25.  4.  0.0776
  25.  5.  0.0498
  25.  6.  0.0467
  25.  7.  0.0455
  25.  8.  0.0456
  25.  9.  0.0468
  25.  10.  0.0462
  25.  11.  0.0498
  25.  12.  0.0596
  26.  4.  0.0807
  26.  5.  0.0529
  26.  6.  0.0502
  26.  7.  0.0496
  26.  8.  0.0496
  26.  9.  0.0511
  26.  10.  0.05
  26.  11.  0.0528
  26.  12.  0.055
  26.  13.  0.0685
  27.  4.  0.0844
  27.  5.  0.0564
  27.  6.  0.054
  27.  7.  0.0536
  27.  8.  0.0539
  27.  9.  0.0558
  27.  10.  0.0535
  27.  11.  0.0562
  27.  12.  0.0559
  27.  13.  0.0688
  28.  4.  0.0893
  28.  5.  0.0597
  28.  6.  0.0581
  28.  7.  0.0574
  28.  8.  0.0583
  28.  9.  0.0607
  28.  10.  0.0583
  28.  11.  0.0619
  28.  12.  0.0604
  28.  13.  0.0717
  28.  14.  0.0614
  29.  4.  0.0951
  29.  5.  0.0639
  29.  6.  0.0619
  29.  7.  0.062
  29.  8.  0.0636
  29.  9.  0.0658
  29.  10.  0.0642
  29.  11.  0.0666
  29.  12.  0.064
  29.  13.  0.0608
  29.  14.  0.0634
  30.  4.  0.1023
  30.  5.  0.0682
  30.  6.  0.0672
  30.  7.  0.0671
  30.  8.  0.0689
  30.  9.  0.0707
  30.  10.  0.0694
  30.  11.  0.0714
  30.  12.  0.0628
  30.  13.  0.0638
  30.  14.  0.0662
  30.  15.  0.0692
  31.  4.  0.1108
  31.  5.  0.0733
  31.  6.  0.0722
  31.  7.  0.072
  31.  8.  0.0737
  31.  9.  0.0764
  31.  10.  0.0749
  31.  11.  0.0766
  31.  12.  0.0664
  31.  13.  0.0661
  31.  14.  0.0684
  31.  15.  0.0714
  32.  4.  0.1204
  32.  5.  0.0778
  32.  6.  0.0781
  32.  7.  0.0774
  32.  8.  0.0777
  32.  9.  0.0804
  32.  10.  0.0803
  32.  11.  0.0826
  32.  12.  0.0723
  32.  13.  0.0709
  32.  14.  0.0701
  32.  15.  0.072
  32.  16.  0.0738
  33.  4.  0.1319
  33.  5.  0.0848
  33.  6.  0.082
  33.  7.  0.0819
  33.  8.  0.0836
  33.  9.  0.0868
  33.  10.  0.086
  33.  11.  0.0891
  33.  12.  0.0774
  33.  13.  0.077
  33.  14.  0.0714
  33.  15.  0.0726
  33.  16.  0.0737
  34.  4.  0.1442
  34.  5.  0.0919
  34.  6.  0.0889
  34.  7.  0.0885
  34.  8.  0.0902
  34.  9.  0.0932
  34.  10.  0.0918
  34.  11.  0.095
  34.  12.  0.0849
  34.  13.  0.0844
  34.  14.  0.0809
  34.  15.  0.0742
  34.  16.  0.0745
  34.  17.  0.0746
  35.  4.  0.1752
  35.  5.  0.1071
  35.  6.  0.1025
  35.  7.  0.1019
  35.  8.  0.1033
  35.  9.  0.1074
  35.  10.  0.1012
  35.  11.  0.1186
  35.  12.  0.0949
  35.  13.  0.093
  35.  14.  0.0941
  35.  15.  0.0755
  35.  16.  0.0757
  35.  17.  0.0751
  36.  4.  0.1998
  36.  5.  0.1212
  36.  6.  0.1164
  36.  7.  0.1145
  36.  8.  0.1158
  36.  9.  0.1204
  36.  10.  0.1112
  36.  11.  0.1288
  36.  12.  0.0954
  36.  13.  0.1031
  36.  14.  0.1035
  36.  15.  0.0902
  36.  16.  0.0759
  36.  17.  0.0753
  36.  18.  0.0749
  37.  4.  0.22
  37.  5.  0.1384
  37.  6.  0.1325
  37.  7.  0.1308
  37.  8.  0.1315
  37.  9.  0.1363
  37.  10.  0.1227
  37.  11.  0.1396
  37.  12.  0.1079
  37.  13.  0.1139
  37.  14.  0.1129
  37.  15.  0.106
  37.  16.  0.0771
  37.  17.  0.0762
  37.  18.  0.075
  38.  4.  0.238
  38.  5.  0.1557
  38.  6.  0.149
  38.  7.  0.1472
  38.  8.  0.1488
  38.  9.  0.1527
  38.  10.  0.1359
  38.  11.  0.1357
  38.  12.  0.1193
  38.  13.  0.1243
  38.  14.  0.1223
  38.  15.  0.1193
  38.  16.  0.0986
  38.  17.  0.0765
  38.  18.  0.0756
  38.  19.  0.0742
  39.  4.  0.2579
  39.  5.  0.169
  39.  6.  0.162
  39.  7.  0.1599
  39.  8.  0.1603
  39.  9.  0.1651
  39.  10.  0.1444
  39.  11.  0.1431
  39.  12.  0.127
  39.  13.  0.1327
  39.  14.  0.1321
  39.  15.  0.1286
  39.  16.  0.1179
  39.  17.  0.0781
  39.  18.  0.0767
  39.  19.  0.1113
  40.  4.  0.2251
  40.  5.  0.1583
  40.  6.  0.1532
  40.  7.  0.1515
  40.  8.  0.1518
  40.  9.  0.1551
  40.  10.  0.1364
  40.  11.  0.1353
  40.  12.  0.1224
  40.  13.  0.129
  40.  14.  0.1264
  40.  15.  0.1262
  40.  16.  0.123
  40.  17.  0.1016
  40.  18.  0.1091
  40.  19.  0.1066
  40.  20.  0.107
  41.  4.  0.2419
  41.  5.  0.172
  41.  6.  0.1662
  41.  7.  0.164
  41.  8.  0.1642
  41.  9.  0.1677
  41.  10.  0.1452
  41.  11.  0.1425
  41.  12.  0.1222
  41.  13.  0.1298
  41.  14.  0.1286
  41.  15.  0.1273
  41.  16.  0.1268
  41.  17.  0.113
  41.  18.  0.1118
  41.  19.  0.1087
  41.  20.  0.1082
  42.  4.  0.2596
  42.  5.  0.1867
  42.  6.  0.1809
  42.  7.  0.1785
  42.  8.  0.1789
  42.  9.  0.1817
  42.  10.  0.154
  42.  11.  0.1502
  42.  12.  0.1204
  42.  13.  0.129
  42.  14.  0.1283
  42.  15.  0.1277
  42.  16.  0.1277
  42.  17.  0.115
  42.  18.  0.1137
  42.  19.  0.1106
  42.  20.  0.1095
  42.  21.  0.1092
  43.  4.  0.279
  43.  5.  0.2025
  43.  6.  0.1965
  43.  7.  0.1936
  43.  8.  0.1947
  43.  9.  0.1976
  43.  10.  0.1635
  43.  11.  0.1582
  43.  12.  0.1201
  43.  13.  0.1291
  43.  14.  0.1287
  43.  15.  0.1283
  43.  16.  0.1286
  43.  17.  0.1283
  43.  18.  0.1159
  43.  19.  0.1128
  43.  20.  0.1114
  43.  21.  0.1104
  44.  4.  0.2993
  44.  5.  0.2202
  44.  6.  0.2138
  44.  7.  0.2111
  44.  8.  0.2113
  44.  9.  0.2141
  44.  10.  0.1736
  44.  11.  0.1658
  44.  12.  0.1206
  44.  13.  0.1261
  44.  14.  0.128
  44.  15.  0.1284
  44.  16.  0.1289
  44.  17.  0.1292
  44.  18.  0.1181
  44.  19.  0.1145
  44.  20.  0.1137
  44.  21.  0.1123
  44.  22.  0.1106
  45.  4.  0.3206
  45.  5.  0.2387
  45.  6.  0.2329
  45.  7.  0.2303
  45.  8.  0.2302
  45.  9.  0.2325
  45.  10.  0.1815
  45.  11.  0.1707
  45.  12.  0.1214
  45.  13.  0.124
  45.  14.  0.1256
  45.  15.  0.128
  45.  16.  0.1198
  45.  17.  0.1205
  45.  18.  0.1203
  45.  19.  0.1081
  45.  20.  0.1074
  45.  21.  0.1061
  45.  22.  0.1044
  46.  4.  0.2863
  46.  5.  0.2406
  46.  6.  0.2377
  46.  7.  0.251
  46.  8.  0.2602
  46.  9.  0.2696
  46.  10.  0.2012
  46.  11.  0.1746
  46.  12.  0.1212
  46.  13.  0.1236
  46.  14.  0.1139
  46.  15.  0.127
  46.  16.  0.1212
  46.  17.  0.1214
  46.  18.  0.1231
  46.  19.  0.1116
  46.  20.  0.1141
  46.  21.  0.1089
  46.  22.  0.1068
  46.  23.  0.1109
  47.  4.  0.2977
  47.  5.  0.2527
  47.  6.  0.2513
  47.  7.  0.2667
  47.  8.  0.2771
  47.  9.  0.2889
  47.  10.  0.2119
  47.  11.  0.1813
  47.  12.  0.1238
  47.  13.  0.1246
  47.  14.  0.1253
  47.  15.  0.126
  47.  16.  0.1213
  47.  17.  0.1231
  47.  18.  0.1231
  47.  19.  0.1139
  47.  20.  0.1256
  47.  21.  0.1094
  47.  22.  0.1091
  47.  23.  0.1135
  48.  4.  0.3079
  48.  5.  0.2671
  48.  6.  0.2663
  48.  7.  0.2833
  48.  8.  0.2962
  48.  9.  0.3088
  48.  10.  0.2216
  48.  11.  0.1888
  48.  12.  0.1242
  48.  13.  0.126
  48.  14.  0.1271
  48.  15.  0.1293
  48.  16.  0.1218
  48.  17.  0.1241
  48.  18.  0.1242
  48.  19.  0.1214
  48.  20.  0.131
  48.  21.  0.1213
  48.  22.  0.1126
  48.  23.  0.116
  48.  24.  0.1169
  49.  4.  0.3274
  49.  5.  0.2822
  49.  6.  0.2855
  49.  7.  0.3048
  49.  8.  0.3201
  49.  9.  0.3423
  49.  10.  0.2357
  49.  11.  0.1999
  49.  12.  0.1234
  49.  13.  0.1261
  49.  14.  0.1277
  49.  15.  0.1311
  49.  16.  0.1249
  49.  17.  0.1263
  49.  18.  0.126
  49.  19.  0.1228
  49.  20.  0.1207
  49.  21.  0.1342
  49.  22.  0.1161
  49.  23.  0.1196
  49.  24.  0.1196
  50.  4.  0.3442
  50.  5.  0.3008
  50.  6.  0.3044
  50.  7.  0.3258
  50.  8.  0.3482
  50.  9.  0.3765
  50.  10.  0.2499
  50.  11.  0.2131
  50.  12.  0.1231
  50.  13.  0.1285
  50.  14.  0.1288
  50.  15.  0.1323
  50.  16.  0.1264
  50.  17.  0.1267
  50.  18.  0.1271
  50.  19.  0.1241
  50.  20.  0.1217
  50.  21.  0.1384
  50.  22.  0.1196
  50.  23.  0.1226
  50.  24.  0.1226
  50.  25.  0.126
  51.  4.  0.3573
  51.  5.  0.3158
  51.  6.  0.3198
  51.  7.  0.3432
  51.  8.  0.371
  51.  9.  0.401
  51.  10.  0.2629
  51.  11.  0.2228
  51.  12.  0.1269
  51.  13.  0.134
  51.  14.  0.1348
  51.  15.  0.1363
  51.  16.  0.1276
  51.  17.  0.1285
  51.  18.  0.1288
  51.  19.  0.1257
  51.  20.  0.1239
  51.  21.  0.1228
  51.  22.  0.1225
  51.  23.  0.1256
  51.  24.  0.1259
  51.  25.  0.1284
  52.  4.  0.3448
  52.  5.  0.3102
  52.  6.  0.3145
  52.  7.  0.3416
  52.  8.  0.3703
  52.  9.  0.4026
  52.  10.  0.2603
  52.  11.  0.222
  52.  12.  0.1265
  52.  13.  0.1331
  52.  14.  0.1345
  52.  15.  0.1344
  52.  16.  0.1263
  52.  17.  0.1254
  52.  18.  0.1261
  52.  19.  0.1232
  52.  20.  0.1215
  52.  21.  0.1199
  52.  22.  0.121
  52.  23.  0.1246
  52.  24.  0.1242
  52.  25.  0.1266
  52.  26.  0.1298
  53.  4.  0.3412
  53.  5.  0.3117
  53.  6.  0.317
  53.  7.  0.3432
  53.  8.  0.3703
  53.  9.  0.4069
  53.  10.  0.2651
  53.  11.  0.2261
  53.  12.  0.1309
  53.  13.  0.1351
  53.  14.  0.1358
  53.  15.  0.1358
  53.  16.  0.1266
  53.  17.  0.1257
  53.  18.  0.1262
  53.  19.  0.1235
  53.  20.  0.1227
  53.  21.  0.1206
  53.  22.  0.1231
  53.  23.  0.1246
  53.  24.  0.1256
  53.  25.  0.1294
  53.  26.  0.1315
  54.  4.  0.3559
  54.  5.  0.3304
  54.  6.  0.3323
  54.  7.  0.3617
  54.  8.  0.3969
  54.  9.  0.4363
  54.  10.  0.2779
  54.  11.  0.2398
  54.  12.  0.137
  54.  13.  0.1387
  54.  14.  0.1395
  54.  15.  0.1384
  54.  16.  0.13
  54.  17.  0.1299
  54.  18.  0.129
  54.  19.  0.1267
  54.  20.  0.1263
  54.  21.  0.1247
  54.  22.  0.124
  54.  23.  0.129
  54.  24.  0.1303
  54.  25.  0.1344
  54.  26.  0.1369
  54.  27.  0.1392
  55.  4.  0.371
  55.  5.  0.3477
  55.  6.  0.3479
  55.  7.  0.3834
  55.  8.  0.4254
  55.  9.  0.4683
  55.  10.  0.2942
  55.  11.  0.2549
  55.  12.  0.1317
  55.  13.  0.1313
  55.  14.  0.1315
  55.  15.  0.1297
  55.  16.  0.1269
  55.  17.  0.1274
  55.  18.  0.1257
  55.  19.  0.1246
  55.  20.  0.126
  55.  21.  0.1244
  55.  22.  0.1236
  55.  23.  0.1295
  55.  24.  0.1304
  55.  25.  0.1327
  55.  26.  0.1351
  55.  27.  0.1385
  56.  4.  0.3982
  56.  5.  0.3747
  56.  6.  0.3735
  56.  7.  0.4102
  56.  8.  0.4645
  56.  9.  0.5152
  56.  10.  0.3187
  56.  11.  0.2743
  56.  12.  0.1367
  56.  13.  0.1361
  56.  14.  0.1335
  56.  15.  0.1319
  56.  16.  0.1297
  56.  17.  0.1294
  56.  18.  0.1295
  56.  19.  0.1293
  56.  20.  0.1305
  56.  21.  0.1285
  56.  22.  0.1274
  56.  23.  0.1281
  56.  24.  0.1345
  56.  25.  0.1372
  56.  26.  0.1403
  56.  27.  0.1434
  56.  28.  0.145
  57.  4.  0.4096
  57.  5.  0.3877
  57.  6.  0.387
  57.  7.  0.4291
  57.  8.  0.4894
  57.  9.  0.5446
  57.  10.  0.3333
  57.  11.  0.2879
  57.  12.  0.1389
  57.  13.  0.1378
  57.  14.  0.1345
  57.  15.  0.1346
  57.  16.  0.1311
  57.  17.  0.1323
  57.  18.  0.1332
  57.  19.  0.1329
  57.  20.  0.1346
  57.  21.  0.132
  57.  22.  0.1311
  57.  23.  0.1321
  57.  24.  0.1382
  57.  25.  0.1414
  57.  26.  0.1446
  57.  27.  0.1474
  57.  28.  0.1484
  58.  4.  0.4227
  58.  5.  0.4018
  58.  6.  0.3975
  58.  7.  0.4444
  58.  8.  0.5095
  58.  9.  0.5724
  58.  10.  0.3488
  58.  11.  0.3022
  58.  12.  0.1403
  58.  13.  0.1388
  58.  14.  0.1377
  58.  15.  0.1383
  58.  16.  0.1332
  58.  17.  0.1343
  58.  18.  0.1379
  58.  19.  0.1367
  58.  20.  0.1385
  58.  21.  0.1358
  58.  22.  0.1341
  58.  23.  0.1346
  58.  24.  0.1405
  58.  25.  0.1441
  58.  26.  0.1477
  58.  27.  0.1507
  58.  28.  0.1522
  58.  29.  0.1336
  59.  4.  0.4331
  59.  5.  0.4129
  59.  6.  0.409
  59.  7.  0.4597
  59.  8.  0.5271
  59.  9.  0.5964
  59.  10.  0.3632
  59.  11.  0.3163
  59.  12.  0.1407
  59.  13.  0.1398
  59.  14.  0.1389
  59.  15.  0.1404
  59.  16.  0.1367
  59.  17.  0.1385
  59.  18.  0.1388
  59.  19.  0.1421
  59.  20.  0.1409
  59.  21.  0.1392
  59.  22.  0.137
  59.  23.  0.1373
  59.  24.  0.1424
  59.  25.  0.1495
  59.  26.  0.151
  59.  27.  0.1335
  59.  28.  0.1352
  59.  29.  0.1366
  60.  4.  0.4781
  60.  5.  0.4547
  60.  6.  0.4435
  60.  7.  0.5059
  60.  8.  0.579
  60.  9.  0.6633
  60.  10.  0.4302
  60.  11.  0.3991
  60.  12.  0.1865
  60.  13.  0.1919
  60.  14.  0.188
  60.  15.  0.1828
  60.  16.  0.1791
  60.  17.  0.1838
  60.  18.  0.1894
  60.  19.  0.1895
  60.  20.  0.1847
  60.  21.  0.1829
  60.  22.  0.1799
  60.  23.  0.1821
  60.  24.  0.1902
  60.  25.  0.1926
  60.  26.  0.1727
  60.  27.  0.1766
  60.  28.  0.1767
  60.  29.  0.1783
  60.  30.  0.1514
  61.  4.  0.5052
  61.  5.  0.4828
  61.  6.  0.4697
  61.  7.  0.5424
  61.  8.  0.6208
  61.  9.  0.7375
  61.  10.  0.4588
  61.  11.  0.4136
  61.  12.  0.1821
  61.  13.  0.1897
  61.  14.  0.1883
  61.  15.  0.1866
  61.  16.  0.1872
  61.  17.  0.1822
  61.  18.  0.1828
  61.  19.  0.1878
  61.  20.  0.1849
  61.  21.  0.183
  61.  22.  0.1821
  61.  23.  0.1818
  61.  24.  0.1874
  61.  25.  0.1897
  61.  26.  0.1731
  61.  27.  0.1772
  61.  28.  0.144
  61.  29.  0.1802
  61.  30.  0.1812
  62.  4.  0.5094
  62.  5.  0.4956
  62.  6.  0.4782
  62.  7.  0.5559
  62.  8.  0.6436
  62.  9.  0.7665
  62.  10.  0.4615
  62.  11.  0.4219
  62.  12.  0.1773
  62.  13.  0.1805
  62.  14.  0.1779
  62.  15.  0.1787
  62.  16.  0.1842
  62.  17.  0.1829
  62.  18.  0.1857
  62.  19.  0.1847
  62.  20.  0.1855
  62.  21.  0.1832
  62.  22.  0.182
  62.  23.  0.1823
  62.  24.  0.1876
  62.  25.  0.1916
  62.  26.  0.1942
  62.  27.  0.1778
  62.  28.  0.1794
  62.  29.  0.179
  62.  30.  0.1833
  62.  31.  0.1838
  63.  4.  0.4997
  63.  5.  0.4839
  63.  6.  0.4678
  63.  7.  0.5493
  63.  8.  0.6405
  63.  9.  0.7696
  63.  10.  0.4477
  63.  11.  0.4071
  63.  12.  0.1674
  63.  13.  0.1679
  63.  14.  0.1655
  63.  15.  0.1745
  63.  16.  0.1745
  63.  17.  0.1812
  63.  18.  0.1826
  63.  19.  0.1781
  63.  20.  0.1772
  63.  21.  0.1763
  63.  22.  0.1744
  63.  23.  0.175
  63.  24.  0.1814
  63.  25.  0.181
  63.  26.  0.1852
  63.  27.  0.1722
  63.  28.  0.1731
  63.  29.  0.1766
  63.  30.  0.1775
  63.  31.  0.1764
  64.  4.  0.4931
  64.  5.  0.4757
  64.  6.  0.4634
  64.  7.  0.5463
  64.  8.  0.6414
  64.  9.  0.7675
  64.  10.  0.4527
  64.  11.  0.4142
  64.  12.  0.16
  64.  13.  0.1564
  64.  14.  0.1576
  64.  15.  0.1633
  64.  16.  0.1745
  64.  17.  0.1748
  64.  18.  0.1784
  64.  19.  0.1772
  64.  20.  0.1812
  64.  21.  0.1797
  64.  22.  0.1777
  64.  23.  0.1787
  64.  24.  0.1824
  64.  25.  0.1769
  64.  26.  0.1816
  64.  27.  0.1865
  64.  28.  0.1734
  64.  29.  0.1736
  64.  30.  0.1462
  64.  31.  0.1766
  64.  32.  0.1796
  65.  4.  0.4944
  65.  5.  0.4788
  65.  6.  0.4685
  65.  7.  0.5522
  65.  8.  0.6523
  65.  9.  0.7847
  65.  10.  0.4766
  65.  11.  0.4182
  65.  12.  0.1519
  65.  13.  0.1537
  65.  14.  0.1545
  65.  15.  0.1662
  65.  16.  0.1701
  65.  17.  0.1731
  65.  18.  0.1738
  65.  19.  0.1721
  65.  20.  0.1737
  65.  21.  0.1731
  65.  22.  0.1728
  65.  23.  0.169
  65.  24.  0.1744
  65.  25.  0.18
  65.  26.  0.1844
  65.  27.  0.1863
  65.  28.  0.1762
  65.  29.  0.1776
  65.  30.  0.1833
  65.  31.  0.1821
  65.  32.  0.1845
  66.  4.  0.5255
  66.  5.  0.5059
  66.  6.  0.4902
  66.  7.  0.5842
  66.  8.  0.697
  66.  9.  0.8476
  66.  10.  0.4788
  66.  11.  0.4555
  66.  12.  0.1588
  66.  13.  0.1624
  66.  14.  0.1633
  66.  15.  0.1689
  66.  16.  0.1694
  66.  17.  0.1768
  66.  18.  0.1781
  66.  19.  0.1759
  66.  20.  0.1773
  66.  21.  0.1764
  66.  22.  0.1753
  66.  23.  0.1765
  66.  24.  0.1829
  66.  25.  0.1865
  66.  26.  0.1885
  66.  27.  0.1942
  66.  28.  0.1953
  66.  29.  0.1889
  66.  30.  0.1875
  66.  31.  0.1874
  66.  32.  0.1887
  66.  33.  0.1902
  67.  4.  0.535
  67.  5.  0.51
  67.  6.  0.4976
  67.  7.  0.5913
  67.  8.  0.7155
  67.  9.  0.8624
  67.  10.  0.4955
  67.  11.  0.456
  67.  12.  0.1557
  67.  13.  0.1602
  67.  14.  0.1613
  67.  15.  0.168
  67.  16.  0.1715
  67.  17.  0.1792
  67.  18.  0.1788
  67.  19.  0.1724
  67.  20.  0.1802
  67.  21.  0.1799
  67.  22.  0.1821
  67.  23.  0.1815
  67.  24.  0.1825
  67.  25.  0.1871
  67.  26.  0.1976
  67.  27.  0.1938
  67.  28.  0.1965
  67.  29.  0.1869
  67.  30.  0.1897
  67.  31.  0.1906
  67.  32.  0.1909
  67.  33.  0.1909
  68.  4.  0.5503
  68.  5.  0.5313
  68.  6.  0.5134
  68.  7.  0.6147
  68.  8.  0.7434
  68.  9.  0.8977
  68.  10.  0.5106
  68.  11.  0.4733
  68.  12.  0.1555
  68.  13.  0.1591
  68.  14.  0.1611
  68.  15.  0.1684
  68.  16.  0.1706
  68.  17.  0.1767
  68.  18.  0.1788
  68.  19.  0.1801
  68.  20.  0.1859
  68.  21.  0.1855
  68.  22.  0.1849
  68.  23.  0.1787
  68.  24.  0.1846
  68.  25.  0.1905
  68.  26.  0.1907
  68.  27.  0.1955
  68.  28.  0.1895
  68.  29.  0.1177
  68.  30.  0.1896
  68.  31.  0.1895
  68.  32.  0.1921
  68.  33.  0.191
  68.  34.  0.193
  69.  4.  0.5715
  69.  5.  0.5496
  69.  6.  0.534
  69.  7.  0.6417
  69.  8.  0.7764
  69.  9.  0.9522
  69.  10.  0.5185
  69.  11.  0.5109
  69.  12.  0.157
  69.  13.  0.1619
  69.  14.  0.1658
  69.  15.  0.1741
  69.  16.  0.1748
  69.  17.  0.1808
  69.  18.  0.185
  69.  19.  0.1844
  69.  20.  0.1855
  69.  21.  0.1873
  69.  22.  0.1901
  69.  23.  0.1899
  69.  24.  0.1925
  69.  25.  0.1978
  69.  26.  0.1979
  69.  27.  0.202
  69.  28.  0.1941
  69.  29.  0.1958
  69.  30.  0.1988
  69.  31.  0.1965
  69.  32.  0.1969
  69.  33.  0.1969
  69.  34.  0.1966
  70.  4.  0.5937
  70.  5.  0.5724
  70.  6.  0.5583
  70.  7.  0.6646
  70.  8.  0.8102
  70.  10.  0.5539
  70.  11.  0.5587
  70.  12.  0.1524
  70.  13.  0.1587
  70.  14.  0.1631
  70.  15.  0.1688
  70.  16.  0.1843
  70.  17.  0.1938
  70.  18.  0.1907
  70.  19.  0.1924
  70.  20.  0.198
  70.  21.  0.1968
  70.  22.  0.1988
  70.  23.  0.1942
  70.  24.  0.1987
  70.  25.  0.2062
  70.  26.  0.2083
  70.  27.  0.2081
  70.  28.  0.2056
  70.  29.  0.2054
  70.  30.  0.2042
  70.  31.  0.2035
  70.  32.  0.2058
  70.  33.  0.2043
  70.  34.  0.2043
  70.  35.  0.1862
  71.  4.  0.6397
  71.  5.  0.608
  71.  6.  0.5811
  71.  7.  0.7169
  71.  8.  0.9117
  71.  10.  0.7366
  71.  11.  0.7422
  71.  12.  0.1575
  71.  13.  0.1611
  71.  14.  0.1661
  71.  15.  0.1752
  71.  16.  0.1879
  71.  17.  0.1926
  71.  18.  0.1985
  71.  19.  0.2017
  71.  20.  0.2081
  71.  21.  0.2123
  71.  22.  0.2074
  71.  23.  0.211
  71.  24.  0.2097
  71.  25.  0.217
  71.  26.  0.2159
  71.  27.  0.2231
  71.  28.  0.2238
  71.  29.  0.2225
  71.  30.  0.2257
  71.  31.  0.2242
  71.  32.  0.2258
  71.  33.  0.2253
  71.  34.  0.2257
  71.  35.  0.2211
  72.  4.  0.6295
  72.  5.  0.5951
  72.  6.  0.5708
  72.  7.  0.7023
  72.  8.  0.8773
  72.  10.  0.7397
  72.  11.  0.7333
  72.  12.  0.1584
  72.  13.  0.1645
  72.  14.  0.1678
  72.  15.  0.1743
  72.  16.  0.1822
  72.  17.  0.1894
  72.  18.  0.1935
  72.  19.  0.1973
  72.  20.  0.2084
  72.  21.  0.2169
  72.  22.  0.2065
  72.  23.  0.2104
  72.  24.  0.2076
  72.  25.  0.219
  72.  26.  0.2172
  72.  27.  0.2248
  72.  28.  0.2253
  72.  29.  0.2242
  72.  30.  0.2306
  72.  31.  0.2261
  72.  32.  0.2319
  72.  33.  0.2294
  72.  34.  0.2242
  72.  35.  0.2238
  72.  36.  0.2247
  73.  4.  0.606
  73.  5.  0.5805
  73.  6.  0.5635
  73.  7.  0.6873
  73.  8.  0.8529
  73.  10.  0.7858
  73.  11.  0.7711
  73.  12.  0.1646
  73.  13.  0.1682
  73.  14.  0.1717
  73.  15.  0.1786
  73.  16.  0.184
  73.  17.  0.1919
  73.  18.  0.1951
  73.  19.  0.2019
  73.  20.  0.2154
  73.  21.  0.216
  73.  22.  0.215
  73.  23.  0.2113
  73.  24.  0.2097
  73.  25.  0.2261
  73.  26.  0.2266
  73.  27.  0.2283
  73.  28.  0.2351
  73.  29.  0.2391
  73.  30.  0.2299
  73.  31.  0.2317
  73.  32.  0.2297
  73.  33.  0.2291
  73.  34.  0.2299
  73.  35.  0.2359
  73.  36.  0.2363
  74.  4.  0.6186
  74.  5.  0.5835
  74.  6.  0.5613
  74.  7.  0.6832
  74.  8.  0.8394
  74.  10.  0.7055
  74.  11.  0.8008
  74.  12.  0.1698
  74.  13.  0.1749
  74.  14.  0.1797
  74.  15.  0.1868
  74.  16.  0.1868
  74.  17.  0.196
  74.  18.  0.2001
  74.  19.  0.2124
  74.  20.  0.2208
  74.  21.  0.1846
  74.  22.  0.2143
  74.  23.  0.2117
  74.  24.  0.2085
  74.  25.  0.2079
  74.  26.  0.214
  74.  27.  0.228
  74.  28.  0.2305
  74.  29.  0.2329
  74.  30.  0.2334
  74.  31.  0.2315
  74.  32.  0.2319
  74.  33.  0.2327
  74.  34.  0.2248
  74.  35.  0.2404
  74.  36.  0.242
  74.  37.  0.2422
  75.  4.  0.651
  75.  5.  0.6208
  75.  6.  0.6006
  75.  7.  0.7213
  75.  8.  0.8758
  75.  10.  0.7828
  75.  11.  0.876
  75.  12.  0.1845
  75.  13.  0.1911
  75.  14.  0.1945
  75.  15.  0.2007
  75.  16.  0.2002
  75.  17.  0.1995
  75.  18.  0.2072
  75.  19.  0.2166
  75.  20.  0.2246
  75.  21.  0.2284
  75.  22.  0.1922
  75.  23.  0.2235
  75.  24.  0.2157
  75.  25.  0.213
  75.  26.  0.216
  75.  27.  0.2261
  75.  28.  0.2324
  75.  29.  0.2326
  75.  30.  0.2324
  75.  31.  0.2424
  75.  32.  0.2418
  75.  33.  0.2333
  75.  34.  0.2337
  75.  35.  0.2333
  75.  36.  0.2342
  75.  37.  0.2349
  76.  4.  0.6748
  76.  5.  0.6572
  76.  6.  0.6311
  76.  7.  0.7527
  76.  8.  0.9099
  76.  10.  0.8282
  76.  11.  0.9287
  76.  12.  0.1915
  76.  13.  0.2057
  76.  14.  0.2106
  76.  15.  0.2179
  76.  16.  0.2084
  76.  17.  0.2162
  76.  18.  0.1748
  76.  19.  0.1852
  76.  20.  0.1977
  76.  21.  0.201
  76.  22.  0.2548
  76.  23.  0.2276
  76.  24.  0.2324
  76.  25.  0.219
  76.  26.  0.2216
  76.  27.  0.2301
  76.  28.  0.2357
  76.  29.  0.2529
  76.  30.  0.2471
  76.  31.  0.2555
  76.  32.  0.2559
  76.  33.  0.2517
  76.  34.  0.239
  76.  35.  0.2327
  76.  36.  0.2348
  76.  37.  0.2338
  76.  38.  0.2377
  77.  4.  0.6898
  77.  5.  0.6711
  77.  6.  0.648
  77.  7.  0.7756
  77.  8.  0.9352
  77.  10.  0.8735
  77.  11.  0.9558
  77.  12.  0.1995
  77.  13.  0.21
  77.  14.  0.1895
  77.  15.  0.1885
  77.  16.  0.2176
  77.  17.  0.1936
  77.  18.  0.198
  77.  19.  0.2028
  77.  20.  0.2076
  77.  21.  0.2063
  77.  22.  0.2064
  77.  23.  0.2014
  77.  24.  0.2032
  77.  25.  0.2311
  77.  26.  0.2309
  77.  27.  0.2312
  77.  28.  0.2421
  77.  29.  0.2485
  77.  30.  0.2566
  77.  31.  0.2653
  77.  32.  0.2645
  77.  33.  0.2596
  77.  34.  0.2432
  77.  35.  0.2364
  77.  36.  0.2382
  77.  37.  0.2406
  77.  38.  0.246
  78.  4.  0.6856
  78.  5.  0.6689
  78.  6.  0.6486
  78.  7.  0.7761
  78.  8.  0.9328
  78.  10.  0.9097
  78.  11.  0.9747
  78.  12.  0.2072
  78.  13.  0.1982
  78.  14.  0.2041
  78.  15.  0.204
  78.  16.  0.1999
  78.  17.  0.2035
  78.  18.  0.2052
  78.  19.  0.2098
  78.  20.  0.2326
  78.  21.  0.206
  78.  22.  0.2139
  78.  23.  0.2117
  78.  24.  0.2097
  78.  25.  0.2378
  78.  26.  0.2403
  78.  27.  0.2516
  78.  28.  0.2576
  78.  29.  0.2663
  78.  30.  0.2684
  78.  31.  0.2735
  78.  32.  0.2726
  78.  33.  0.2702
  78.  34.  0.2674
  78.  35.  0.2671
  78.  36.  0.2466
  78.  37.  0.244
  78.  38.  0.2459
  78.  39.  0.2757
  79.  4.  0.683
  79.  5.  0.6679
  79.  6.  0.6488
  79.  7.  0.772
  79.  8.  0.9256
  79.  10.  0.9328
  79.  12.  0.2022
  79.  13.  0.212
  79.  14.  0.2172
  79.  15.  0.2139
  79.  16.  0.2085
  79.  17.  0.2227
  79.  18.  0.2201
  79.  19.  0.2331
  79.  20.  0.2434
  79.  21.  0.2318
  79.  22.  0.2314
  79.  23.  0.2289
  79.  24.  0.2305
  79.  25.  0.2483
  79.  26.  0.2507
  79.  27.  0.2604
  79.  28.  0.2692
  79.  29.  0.2729
  79.  30.  0.2707
  79.  31.  0.2726
  79.  32.  0.2733
  79.  33.  0.2691
  79.  34.  0.2706
  79.  35.  0.2715
  79.  36.  0.2679
  79.  37.  0.2867
  79.  38.  0.2909
  79.  39.  0.2997
  80.  4.  0.5157
  80.  5.  0.5024
  80.  6.  0.4934
  80.  7.  0.5648
  80.  8.  0.6452
  80.  9.  0.7416
  80.  10.  0.7601
  80.  11.  0.8373
  80.  12.  0.2004
  80.  13.  0.2036
  80.  14.  0.2064
  80.  15.  0.2065
  80.  16.  0.2064
  80.  17.  0.2288
  80.  18.  0.8001
  80.  19.  0.2359
  80.  20.  0.2571
  80.  21.  0.249
  80.  22.  0.2465
  80.  23.  0.248
  80.  24.  0.2476
  80.  25.  0.2605
  80.  26.  0.2655
  80.  27.  0.2713
  80.  28.  0.2829
  80.  29.  0.2867
  80.  30.  0.2662
  80.  31.  0.2652
  80.  32.  0.266
  80.  33.  0.2625
  80.  34.  0.2584
  80.  35.  0.2611
  80.  36.  0.2745
  80.  37.  0.2743
  80.  38.  0.2793
  80.  39.  0.2902
  80.  40.  0.3202
  81.  4.  0.5261
  81.  5.  0.5133
  81.  6.  0.5042
  81.  7.  0.5727
  81.  8.  0.6512
  81.  9.  0.7513
  81.  10.  0.7583
  81.  11.  0.9013
  81.  12.  0.2122
  81.  13.  0.2309
  81.  14.  0.2336
  81.  15.  0.2427
  81.  16.  0.2316
  81.  17.  0.2364
  81.  18.  0.2511
  81.  19.  0.2579
  81.  20.  0.279
  81.  21.  0.269
  81.  22.  0.2644
  81.  23.  0.2579
  81.  24.  0.2087
  81.  25.  0.2803
  81.  26.  0.3029
  81.  27.  0.3133
  81.  28.  0.317
  81.  29.  0.3198
  81.  30.  0.2772
  81.  31.  0.2967
  81.  32.  0.2837
  81.  33.  0.2775
  81.  34.  0.2759
  81.  35.  0.284
  81.  36.  0.3104
  81.  37.  0.3132
  81.  38.  0.3182
  81.  39.  0.3192
  81.  40.  0.3596
  82.  4.  0.5528
  82.  5.  0.5391
  82.  6.  0.5253
  82.  7.  0.6003
  82.  8.  0.6842
  82.  9.  0.7938
  82.  10.  0.7986
  82.  11.  0.9525
  82.  12.  0.2206
  82.  13.  0.2375
  82.  14.  0.2497
  82.  15.  0.2621
  82.  16.  0.2566
  82.  17.  0.2704
  82.  18.  0.2607
  82.  19.  0.267
  82.  20.  0.2755
  82.  21.  0.2714
  82.  22.  0.2673
  82.  23.  0.2679
  82.  24.  0.2689
  82.  25.  0.2761
  82.  26.  0.3167
  82.  27.  0.3191
  82.  28.  0.3218
  82.  29.  0.3283
  82.  30.  0.3216
  82.  31.  0.3193
  82.  32.  0.3016
  82.  33.  0.2898
  82.  34.  0.2938
  82.  35.  0.2864
  82.  36.  0.3064
  82.  37.  0.3272
  82.  38.  0.3251
  82.  39.  0.3286
  82.  40.  0.3733
  82.  41.  0.3856
  83.  4.  0.5736
  83.  5.  0.5661
  83.  6.  0.5519
  83.  7.  0.6265
  83.  8.  0.7154
  83.  9.  0.8322
  83.  10.  0.8635
  83.  11.  0.9732
  83.  12.  0.247
  83.  13.  0.2592
  83.  14.  0.2758
  83.  15.  0.2856
  83.  16.  0.2865
  83.  17.  0.247
  83.  18.  0.288
  83.  19.  0.2935
  83.  20.  0.2923
  83.  21.  0.2882
  83.  22.  0.2828
  83.  23.  0.2807
  83.  24.  0.2761
  83.  25.  0.3124
  83.  26.  0.3261
  83.  27.  0.3411
  83.  28.  0.3519
  83.  29.  0.3519
  83.  30.  0.3417
  83.  31.  0.3493
  83.  32.  0.327
  83.  33.  0.3269
  83.  34.  0.3248
  83.  35.  0.322
  83.  36.  0.3199
  83.  37.  0.3466
  83.  38.  0.359
  83.  39.  0.3575
  83.  40.  0.3938
  83.  41.  0.3977
  84.  4.  0.6085
  84.  5.  0.6001
  84.  6.  0.5785
  84.  7.  0.6635
  84.  8.  0.7578
  84.  9.  0.8712
  84.  10.  0.8821
  84.  11.  0.9849
  84.  12.  0.274
  84.  13.  0.2689
  84.  14.  0.3072
  84.  15.  0.3087
  84.  16.  0.3132
  84.  17.  0.3171
  84.  18.  0.3205
  84.  19.  0.3138
  84.  20.  0.3142
  84.  21.  0.3095
  84.  22.  0.3058
  84.  23.  0.3034
  84.  24.  0.3068
  84.  25.  0.3159
  84.  26.  0.3222
  84.  27.  0.3566
  84.  28.  0.3757
  84.  29.  0.3853
  84.  30.  0.3855
  84.  31.  0.3735
  84.  32.  0.3636
  84.  33.  0.3544
  84.  34.  0.3406
  84.  35.  0.3371
  84.  36.  0.3464
  84.  37.  0.3496
  84.  38.  0.3691
  84.  39.  0.391
  84.  40.  0.4043
  84.  41.  0.4096
  84.  42.  0.4158
  85.  4.  0.6737
  85.  5.  0.6529
  85.  6.  0.6321
  85.  7.  0.7261
  85.  8.  0.8331
  85.  9.  0.9712
  85.  10.  0.9989
  85.  12.  0.2841
  85.  13.  0.2894
  85.  14.  0.3184
  85.  15.  0.3327
  85.  16.  0.3841
  85.  17.  0.381
  85.  18.  0.3677
  85.  19.  0.3777
  85.  20.  0.3787
  85.  21.  0.3762
  85.  22.  0.3457
  85.  23.  0.3424
  85.  24.  0.343
  85.  25.  0.395
  85.  26.  0.3941
  85.  27.  0.4079
  85.  28.  0.4202
  85.  29.  0.4443
  85.  30.  0.4305
  85.  31.  0.4172
  85.  32.  0.4063
  85.  33.  0.3963
  85.  34.  0.392
  85.  35.  0.3911
  85.  36.  0.3929
  85.  37.  0.3879
  85.  38.  0.4014
  85.  39.  0.4149
  85.  40.  0.4078
  85.  41.  0.4258
  85.  42.  0.4371
  86.  4.  0.6604
  86.  5.  0.6513
  86.  6.  0.6417
  86.  7.  0.7361
  86.  8.  0.8462
  86.  12.  0.3196
  86.  13.  0.3402
  86.  14.  0.3463
  86.  15.  0.3731
  86.  16.  0.4161
  86.  17.  0.4094
  86.  18.  0.4026
  86.  19.  0.4019
  86.  20.  0.3984
  86.  21.  0.3979
  86.  22.  0.3934
  86.  23.  0.3917
  86.  24.  0.387
  86.  25.  0.3984
  86.  26.  0.4106
  86.  27.  0.4386
  86.  28.  0.4519
  86.  29.  0.473
  86.  30.  0.4718
  86.  31.  0.4633
  86.  32.  0.4566
  86.  33.  0.4513
  86.  34.  0.446
  86.  35.  0.4521
  86.  36.  0.4315
  86.  37.  0.4145
  86.  38.  0.4434
  86.  39.  0.4553
  86.  40.  0.464
  86.  41.  0.4702
  86.  42.  0.4814
  86.  43.  0.4836
  87.  12.  0.3482
  87.  13.  0.3645
  87.  14.  0.3726
  87.  15.  0.4082
  87.  16.  0.4481
  87.  17.  0.4508
  87.  18.  0.4437
  87.  19.  0.4522
  87.  20.  0.4293
  87.  21.  0.4149
  87.  22.  0.4036
  87.  23.  0.4021
  87.  24.  0.3989
  87.  25.  0.4126
  87.  26.  0.4376
  87.  27.  0.4734
  87.  28.  0.4886
  87.  29.  0.4732
  87.  30.  0.5032
  87.  31.  0.4976
  87.  32.  0.4973
  87.  33.  0.4788
  87.  34.  0.4692
  87.  35.  0.4804
  87.  36.  0.4812
  87.  37.  0.4578
  87.  38.  0.4789
  87.  39.  0.4874
  87.  40.  0.5
  87.  41.  0.5009
  87.  42.  0.5033
  87.  43.  0.5077
  88.  12.  0.3456
  88.  13.  0.3636
  88.  14.  0.3837
  88.  15.  0.3965
  88.  16.  0.4239
  88.  17.  0.4432
  88.  18.  0.4471
  88.  19.  0.4422
  88.  20.  0.432
  88.  21.  0.3963
  88.  22.  0.3933
  88.  23.  0.3971
  88.  24.  0.3944
  88.  25.  0.4186
  88.  26.  0.4524
  88.  27.  0.4627
  88.  28.  0.5003
  88.  29.  0.5095
  88.  30.  0.5262
  88.  31.  0.5246
  88.  32.  0.5205
  88.  33.  0.5114
  88.  34.  0.5082
  88.  35.  0.5065
  88.  36.  0.5044
  88.  37.  0.5051
  88.  38.  0.5069
  88.  39.  0.5058
  88.  40.  0.5228
  88.  41.  0.6326
  88.  42.  0.543
  88.  43.  0.6072
  88.  44.  0.6231
  89.  12.  0.3947
  89.  13.  0.3883
  89.  14.  0.3973
  89.  15.  0.3982
  89.  16.  0.44
  89.  17.  0.472
  89.  18.  0.4866
  89.  19.  0.4837
  89.  20.  0.4881
  89.  21.  0.4575
  89.  22.  0.4418
  89.  23.  0.4288
  89.  24.  0.4184
  89.  25.  0.462
  89.  26.  0.4981
  89.  27.  0.5115
  89.  28.  0.5161
  89.  29.  0.5202
  89.  30.  0.5614
  89.  31.  0.557
  89.  32.  0.5542
  89.  33.  0.5425
  89.  34.  0.537
  89.  35.  0.5327
  89.  36.  0.5352
  89.  37.  0.5364
  89.  38.  0.5387
  89.  39.  0.5377
  89.  40.  0.5456
  89.  41.  0.575
  89.  42.  0.6129
  89.  43.  0.6533
  89.  44.  0.6768
  90.  12.  0.3973
  90.  13.  0.4076
  90.  14.  0.4289
  90.  15.  0.452
  90.  16.  0.4706
  90.  17.  0.4943
  90.  18.  0.4985
  90.  19.  0.5085
  90.  20.  0.4932
  90.  21.  0.4959
  90.  22.  0.4561
  90.  23.  0.4917
  90.  24.  0.4822
  90.  25.  0.5057
  90.  26.  0.5147
  90.  27.  0.5311
  90.  28.  0.5541
  90.  29.  0.5658
  90.  30.  0.6576
  90.  31.  0.6086
  90.  32.  0.6065
  90.  33.  0.6021
  90.  34.  0.5868
  90.  35.  0.5817
  90.  36.  0.5812
  90.  37.  0.5834
  90.  38.  0.5843
  90.  39.  0.5911
  90.  40.  0.6013
  90.  41.  0.6472
  90.  42.  0.7224
  90.  43.  0.7062
  90.  44.  0.7118
  90.  45.  0.7187
  91.  12.  0.4202
  91.  13.  0.4411
  91.  14.  0.4586
  91.  15.  0.501
  91.  16.  0.509
  91.  17.  0.5111
  91.  18.  0.5238
  91.  19.  0.5345
  91.  20.  0.512
  91.  21.  0.5141
  91.  22.  0.5097
  91.  23.  0.5029
  91.  24.  0.5059
  91.  25.  0.5069
  91.  26.  0.5408
  91.  27.  0.5535
  91.  28.  0.5734
  91.  29.  0.6068
  91.  30.  0.6443
  91.  31.  0.6529
  91.  32.  0.6402
  91.  33.  0.6324
  91.  34.  0.6282
  91.  35.  0.6111
  91.  36.  0.6008
  91.  37.  0.5961
  91.  38.  0.6064
  91.  39.  0.6144
  91.  40.  0.6351
  91.  41.  0.684
  91.  42.  0.7105
  91.  43.  0.7146
  91.  44.  0.7238
  91.  45.  0.7329
  92.  12.  0.4675
  92.  13.  0.4853
  92.  14.  0.5104
  92.  15.  0.5201
  92.  16.  0.5265
  92.  17.  0.553
  92.  18.  0.5682
  92.  19.  0.5665
  92.  20.  0.5335
  92.  21.  0.5354
  92.  22.  0.5313
  92.  23.  0.5316
  92.  24.  0.527
  92.  25.  0.5313
  92.  26.  0.5659
  92.  27.  0.5957
  92.  28.  0.6156
  92.  29.  0.6594
  92.  30.  0.7055
  92.  31.  0.7112
  92.  32.  0.7043
  92.  33.  0.7002
  92.  34.  0.6919
  92.  35.  0.6541
  92.  36.  0.6442
  92.  37.  0.6496
  92.  38.  0.6512
  92.  39.  0.668
  92.  40.  0.688
  92.  41.  0.7106
  92.  42.  0.7347
  92.  43.  0.7544
  92.  44.  0.7792
  92.  45.  0.7944
  92.  46.  0.7509
  93.  12.  0.5201
  93.  13.  0.5303
  93.  14.  0.54
  93.  15.  0.5404
  93.  16.  0.5602
  93.  17.  0.5765
  93.  18.  0.5789
  93.  19.  0.6021
  93.  20.  0.5725
  93.  21.  0.5914
  93.  22.  0.6034
  93.  23.  0.591
  93.  24.  0.5567
  93.  25.  0.591
  93.  26.  0.6265
  93.  27.  0.6471
  93.  28.  0.6831
  93.  29.  0.709
  93.  30.  0.7326
  93.  31.  0.7363
  93.  32.  0.7278
  93.  33.  0.7281
  93.  34.  0.7236
  93.  35.  0.7113
  93.  36.  0.6929
  93.  37.  0.6935
  93.  38.  0.6943
  93.  39.  0.6998
  93.  40.  0.7193
  93.  41.  0.7461
  93.  42.  0.802
  93.  43.  0.8366
  93.  44.  0.8484
  93.  45.  0.8129
  93.  46.  0.8179
  94.  12.  0.5459
  94.  13.  0.5861
  94.  14.  0.5938
  94.  15.  0.5993
  94.  16.  0.5985
  94.  17.  0.6126
  94.  18.  0.6146
  94.  19.  0.6155
  94.  20.  0.6018
  94.  21.  0.6122
  94.  22.  0.6289
  94.  23.  0.6278
  94.  24.  0.6074
  94.  25.  0.6274
  94.  26.  0.6363
  94.  27.  0.6888
  94.  28.  0.7035
  94.  29.  0.7142
  94.  30.  0.7474
  94.  31.  0.7556
  94.  32.  0.7585
  94.  33.  0.7499
  94.  34.  0.7376
  94.  35.  0.7203
  94.  36.  0.7209
  94.  37.  0.7201
  94.  38.  0.7217
  94.  39.  0.7225
  94.  40.  0.7248
  94.  41.  0.7908
  94.  42.  0.8334
  94.  43.  0.8595
  94.  44.  0.8934
  94.  45.  0.8464
  94.  46.  0.8487
  94.  47.  0.841
  95.  12.  0.5575
  95.  13.  0.5839
  95.  14.  0.62
  95.  15.  0.6212
  95.  16.  0.607
  95.  17.  0.6171
  95.  18.  0.6231
  95.  19.  0.6235
  95.  20.  0.6396
  95.  21.  0.6423
  95.  22.  0.6714
  95.  23.  0.6799
  95.  24.  0.659
  95.  25.  0.6798
  95.  26.  0.6895
  95.  27.  0.7093
  95.  28.  0.7169
  95.  29.  0.7335
  95.  30.  0.7985
  95.  31.  0.8125
  95.  32.  0.8103
  95.  33.  0.8135
  95.  34.  0.8189
  95.  35.  0.725
  95.  36.  0.7327
  95.  37.  0.7261
  95.  38.  0.7307
  95.  39.  0.7417
  95.  40.  0.7663
  95.  41.  0.8221
  95.  42.  0.8656
  95.  43.  0.9123
  95.  44.  0.9208
  95.  45.  0.8865
  95.  46.  0.8877
  95.  47.  0.8694
  96.  12.  0.5534
  96.  13.  0.6113
  96.  14.  0.6144
  96.  15.  0.6456
  96.  16.  0.6243
  96.  17.  0.6394
  96.  18.  0.6483
  96.  19.  0.6599
  96.  20.  0.6521
  96.  21.  0.6378
  96.  22.  0.6442
  96.  23.  0.6665
  96.  24.  0.6777
  96.  25.  0.6645
  96.  26.  0.6784
  96.  27.  0.7241
  96.  28.  0.7291
  96.  29.  0.7436
  96.  30.  0.7823
  96.  31.  0.7814
  96.  32.  0.8013
  96.  33.  0.8036
  96.  34.  0.8154
  96.  35.  0.7192
  96.  36.  0.7181
  96.  37.  0.7194
  96.  38.  0.7198
  96.  39.  0.7343
  96.  40.  0.7551
  96.  41.  0.8165
  96.  42.  0.8755
  96.  43.  0.8999
  96.  44.  0.8986
  96.  45.  0.8975
  96.  46.  0.8848
  96.  47.  0.8721
  96.  48.  0.8619
  97.  12.  0.5987
  97.  13.  0.6123
  97.  14.  0.6611
  97.  15.  0.6917
  97.  16.  0.6614
  97.  17.  0.6824
  97.  18.  0.6789
  97.  19.  0.6973
  97.  20.  0.7213
  97.  21.  0.7024
  97.  22.  0.7129
  97.  23.  0.7189
  97.  24.  0.7308
  97.  25.  0.7237
  97.  26.  0.7225
  97.  27.  0.741
  97.  28.  0.7692
  97.  29.  0.7836
  97.  30.  0.8427
  97.  31.  0.8566
  97.  32.  0.851
  97.  33.  0.8607
  97.  34.  0.8622
  97.  35.  0.5137
  97.  36.  0.7346
  97.  37.  0.7568
  97.  38.  0.7905
  97.  39.  0.8114
  97.  40.  0.8327
  97.  41.  0.862
  97.  42.  0.8815
  97.  43.  0.9406
  97.  44.  0.9295
  97.  45.  0.9332
  97.  46.  0.9077
  97.  47.  0.8864
  97.  48.  0.88
  98.  12.  0.6075
  98.  13.  0.6102
  98.  14.  0.6562
  98.  15.  0.6592
  98.  16.  0.7201
  98.  17.  0.7154
  98.  18.  0.7168
  98.  19.  0.6967
  98.  20.  0.7514
  98.  21.  0.7283
  98.  22.  0.7136
  98.  23.  0.715
  98.  24.  0.7246
  98.  25.  0.7493
  98.  26.  0.7295
  98.  27.  0.7552
  98.  28.  0.7699
  98.  29.  0.8028
  98.  30.  0.8788
  98.  31.  0.8694
  98.  32.  0.8779
  98.  33.  0.8652
  98.  34.  0.8278
  98.  35.  0.9007
  98.  36.  0.8911
  98.  37.  0.8666
  98.  38.  0.8478
  98.  39.  0.8416
  98.  40.  0.8612
  98.  41.  0.8918
  98.  42.  0.9422
  98.  43.  0.967
  98.  44.  0.9947
  98.  46.  0.9829
  98.  47.  0.9469
  98.  48.  0.911
  98.  49.  0.8728
  99.  12.  0.6434
  99.  13.  0.6547
  99.  14.  0.6841
  99.  15.  0.7038
  99.  16.  0.7317
  99.  17.  0.7409
  99.  18.  0.7357
  99.  19.  0.7353
  99.  20.  0.8019
  99.  21.  0.77
  99.  22.  0.7528
  99.  23.  0.7422
  99.  24.  0.7412
  99.  25.  0.7959
  99.  26.  0.7835
  99.  27.  0.8274
  99.  28.  0.8269
  99.  29.  0.8698
  99.  30.  0.9474
  99.  31.  0.919
  99.  32.  0.9223
  99.  33.  0.8996
  99.  34.  0.8943
  99.  35.  0.9218
  99.  36.  0.9311
  99.  37.  0.9135
  99.  38.  0.8865
  99.  39.  0.8991
  99.  40.  0.8799
  99.  41.  0.9647
  99.  48.  0.9769
  99.  49.  0.9204
  100.  12.  0.7255
  100.  13.  0.731
  100.  14.  0.7426
  100.  15.  0.7726
  100.  16.  0.7913
  100.  17.  0.8146
  100.  18.  0.8189
  100.  19.  0.8115
  100.  20.  0.8857
  100.  21.  0.9032
  100.  22.  0.8946
  100.  23.  0.8856
  100.  24.  0.891
  100.  25.  0.9908
  100.  26.  0.9656
  100.  27.  0.9991
  100.  28.  0.9932
  100.  29.  0.9869
  100.  32.  0.9978
  100.  33.  0.9568
  100.  34.  0.9181
  100.  35.  0.938
  100.  36.  0.9256
  100.  37.  0.8883
  100.  38.  0.8324
  100.  39.  0.8298
  100.  40.  0.8506
  100.  41.  0.8948
  100.  42.  0.9556
  100.  50.  0.9874
  101.  12.  0.7707
  101.  13.  0.7601
  101.  14.  0.777
  101.  15.  0.8128
  101.  16.  0.8572
  101.  17.  0.8693
  101.  18.  0.8602
  101.  19.  0.8687
  101.  20.  0.9654
  101.  21.  0.9607
  101.  22.  0.9629
  101.  23.  0.9649
  101.  24.  0.9729
  101.  34.  0.9998
  101.  35.  0.9943
  101.  36.  0.9653
  101.  37.  0.9419
  101.  38.  0.8983
  101.  39.  0.8792
  101.  40.  0.9031
  101.  41.  0.9752
  102.  12.  0.7956
  102.  13.  0.808
  102.  14.  0.8321
  102.  15.  0.8637
  102.  16.  0.8893
  102.  17.  0.9002
  102.  18.  0.8971
  102.  19.  0.8988
  102.  37.  0.9623
  102.  38.  0.9347
  102.  39.  0.9117
  102.  40.  0.9529
  103.  12.  0.7885
  103.  13.  0.8007
  103.  14.  0.8153
  103.  15.  0.8615
  103.  16.  0.8847
  103.  17.  0.9041
  103.  18.  0.8931
  103.  19.  0.8868
  103.  20.  0.9615
  103.  21.  0.9687
  103.  22.  0.9817
  103.  39.  0.9922
  103.  40.  0.9694
  104.  12.  0.7757
  104.  13.  0.846
  104.  14.  0.8605
  104.  15.  0.8821
  104.  16.  0.9248
  104.  17.  0.9467
  104.  18.  0.9547
  104.  19.  0.9562
  105.  12.  0.8143
  105.  13.  0.9072
  105.  14.  0.9737
  105.  15.  0.9974
