  20.  10.  0.02
  21.  10.  0.02
  22.  10.  0.0202
  22.  11.  0.0316
  23.  10.  0.0218
  23.  11.  0.0325
  24.  10.  0.0239
  24.  11.  0.0322
  24.  12.  0.0388
  25.  10.  0.0257
  25.  11.  0.0351
  25.  12.  0.0367
  26.  10.  0.028
  26.  11.  0.0361
  26.  12.  0.037
  26.  13.  0.0426
  27.  10.  0.0298
  27.  11.  0.0376
  27.  12.  0.0367
  27.  13.  0.0404
  28.  10.  0.0326
  28.  11.  0.0404
  28.  12.  0.0387
  28.  13.  0.0409
  28.  14.  0.0426
  29.  10.  0.0356
  29.  11.  0.0407
  29.  12.  0.04
  29.  13.  0.0404
  29.  14.  0.0425
  30.  10.  0.0372
  30.  11.  0.0429
  30.  12.  0.0407
  30.  13.  0.042
  30.  14.  0.0436
  30.  15.  0.046
  31.  10.  0.0399
  31.  11.  0.0414
  31.  12.  0.0423
  31.  13.  0.042
  31.  14.  0.0437
  31.  15.  0.046
  32.  10.  0.0414
  32.  11.  0.0425
  32.  12.  0.0445
  32.  13.  0.0443
  32.  14.  0.0434
  32.  15.  0.0451
  32.  16.  0.0466
  33.  10.  0.0436
  33.  11.  0.0442
  33.  12.  0.0474
  33.  13.  0.0474
  33.  14.  0.043
  33.  15.  0.0437
  33.  16.  0.0447
  34.  10.  0.0463
  34.  11.  0.0462
  34.  12.  0.0503
  34.  13.  0.0509
  34.  14.  0.0484
  34.  15.  0.0439
  34.  16.  0.0439
  34.  17.  0.0443
  35.  10.  0.0479
  35.  11.  0.0445
  35.  12.  0.0503
  35.  13.  0.0518
  35.  14.  0.0525
  35.  15.  0.0417
  35.  16.  0.0415
  35.  17.  0.0415
  36.  10.  0.0481
  36.  11.  0.0449
  36.  12.  0.0512
  36.  13.  0.0532
  36.  14.  0.0542
  36.  15.  0.0497
  36.  16.  0.0412
  36.  17.  0.041
  36.  18.  0.0412
  37.  10.  0.063
  37.  11.  0.0479
  37.  12.  0.0528
  37.  13.  0.0537
  37.  14.  0.055
  37.  15.  0.0535
  37.  16.  0.0411
  37.  17.  0.0407
  37.  18.  0.0404
  38.  10.  0.0688
  38.  11.  0.0464
  38.  12.  0.0545
  38.  13.  0.0543
  38.  14.  0.0553
  38.  15.  0.0549
  38.  16.  0.0506
  38.  17.  0.0402
  38.  18.  0.0401
  38.  19.  0.0396
  39.  10.  0.0733
  39.  11.  0.048
  39.  12.  0.0548
  39.  13.  0.0554
  39.  14.  0.056
  39.  15.  0.0564
  39.  16.  0.0539
  39.  17.  0.0402
  39.  18.  0.0399
  39.  19.  0.0573
  40.  10.  0.0526
  40.  11.  0.0504
  40.  12.  0.0541
  40.  13.  0.0545
  40.  14.  0.0549
  40.  15.  0.0561
  40.  16.  0.0561
  40.  17.  0.0509
  40.  18.  0.0578
  40.  19.  0.0498
  40.  20.  0.0508
  41.  10.  0.0554
  41.  11.  0.0522
  41.  12.  0.0544
  41.  13.  0.0551
  41.  14.  0.0556
  41.  15.  0.0556
  41.  16.  0.0562
  41.  17.  0.0587
  41.  18.  0.0574
  41.  19.  0.0498
  41.  20.  0.0507
  42.  10.  0.0576
  42.  11.  0.0536
  42.  12.  0.0545
  42.  13.  0.0557
  42.  14.  0.0558
  42.  15.  0.056
  42.  16.  0.0564
  42.  17.  0.059
  42.  18.  0.058
  42.  19.  0.0496
  42.  20.  0.0503
  42.  21.  0.0511
  43.  10.  0.0604
  43.  11.  0.0553
  43.  12.  0.0558
  43.  13.  0.0564
  43.  14.  0.0566
  43.  15.  0.0566
  43.  16.  0.0567
  43.  17.  0.0579
  43.  18.  0.0579
  43.  19.  0.05
  43.  20.  0.0507
  43.  21.  0.0504
  44.  10.  0.0637
  44.  11.  0.0569
  44.  12.  0.0583
  44.  13.  0.0575
  44.  14.  0.0577
  44.  15.  0.0581
  44.  16.  0.0578
  44.  17.  0.0583
  44.  18.  0.0588
  44.  19.  0.0501
  44.  20.  0.0505
  44.  21.  0.0506
  44.  22.  0.0495
  45.  10.  0.0659
  45.  11.  0.0587
  45.  12.  0.0599
  45.  13.  0.0584
  45.  14.  0.0584
  45.  15.  0.0593
  45.  16.  0.0536
  45.  17.  0.0541
  45.  18.  0.0545
  45.  19.  0.0457
  45.  20.  0.0459
  45.  21.  0.0459
  45.  22.  0.045
  46.  10.  0.0697
  46.  11.  0.0615
  46.  12.  0.0602
  46.  13.  0.0584
  46.  14.  0.0586
  46.  15.  0.0591
  46.  16.  0.0549
  46.  17.  0.0551
  46.  18.  0.0494
  46.  19.  0.0466
  46.  20.  0.0432
  46.  21.  0.0467
  46.  22.  0.0458
  46.  23.  0.0465
  47.  10.  0.0736
  47.  11.  0.0639
  47.  12.  0.0603
  47.  13.  0.0592
  47.  14.  0.0589
  47.  15.  0.0592
  47.  16.  0.0554
  47.  17.  0.0561
  47.  18.  0.0497
  47.  19.  0.0468
  47.  20.  0.0462
  47.  21.  0.0462
  47.  22.  0.0467
  47.  23.  0.047
  48.  10.  0.0768
  48.  11.  0.0672
  48.  12.  0.0582
  48.  13.  0.0574
  48.  14.  0.0585
  48.  15.  0.0594
  48.  16.  0.0543
  48.  17.  0.0563
  48.  18.  0.0503
  48.  19.  0.0492
  48.  20.  0.0498
  48.  21.  0.045
  48.  22.  0.0467
  48.  23.  0.0476
  48.  24.  0.0476
  49.  10.  0.0828
  49.  11.  0.0713
  49.  12.  0.0565
  49.  13.  0.0565
  49.  14.  0.0573
  49.  15.  0.0584
  49.  16.  0.0545
  49.  17.  0.0563
  49.  18.  0.0495
  49.  19.  0.0483
  49.  20.  0.0484
  49.  21.  0.0481
  49.  22.  0.0474
  49.  23.  0.0482
  49.  24.  0.0477
  50.  10.  0.0874
  50.  11.  0.075
  50.  12.  0.0553
  50.  13.  0.0565
  50.  14.  0.0575
  50.  15.  0.0584
  50.  16.  0.0536
  50.  17.  0.0551
  50.  18.  0.0489
  50.  19.  0.0486
  50.  20.  0.0482
  50.  21.  0.0521
  50.  22.  0.0481
  50.  23.  0.0485
  50.  24.  0.0483
  50.  25.  0.0488
  51.  10.  0.0926
  51.  11.  0.0789
  51.  12.  0.057
  51.  13.  0.0582
  51.  14.  0.0588
  51.  15.  0.0589
  51.  16.  0.0541
  51.  17.  0.0548
  51.  18.  0.0489
  51.  19.  0.0488
  51.  20.  0.0484
  51.  21.  0.0489
  51.  22.  0.0485
  51.  23.  0.0489
  51.  24.  0.0484
  51.  25.  0.0489
  52.  10.  0.0938
  52.  11.  0.0787
  52.  12.  0.0576
  52.  13.  0.0578
  52.  14.  0.0583
  52.  15.  0.0578
  52.  16.  0.0534
  52.  17.  0.0537
  52.  18.  0.0481
  52.  19.  0.0478
  52.  20.  0.0481
  52.  21.  0.0479
  52.  22.  0.0482
  52.  23.  0.0484
  52.  24.  0.0482
  52.  25.  0.0485
  52.  26.  0.0486
  53.  10.  0.0962
  53.  11.  0.0822
  53.  12.  0.0596
  53.  13.  0.059
  53.  14.  0.0595
  53.  15.  0.0591
  53.  16.  0.054
  53.  17.  0.054
  53.  18.  0.0486
  53.  19.  0.0479
  53.  20.  0.0488
  53.  21.  0.0485
  53.  22.  0.0487
  53.  23.  0.0487
  53.  24.  0.0485
  53.  25.  0.0493
  53.  26.  0.0494
  54.  10.  0.1006
  54.  11.  0.0873
  54.  12.  0.0623
  54.  13.  0.061
  54.  14.  0.0606
  54.  15.  0.0604
  54.  16.  0.0554
  54.  17.  0.0552
  54.  18.  0.0498
  54.  19.  0.0492
  54.  20.  0.0502
  54.  21.  0.05
  54.  22.  0.0498
  54.  23.  0.05
  54.  24.  0.0499
  54.  25.  0.0507
  54.  26.  0.0508
  54.  27.  0.0511
  55.  10.  0.1057
  55.  11.  0.093
  55.  12.  0.0573
  55.  13.  0.0561
  55.  14.  0.0557
  55.  15.  0.0554
  55.  16.  0.0543
  55.  17.  0.0545
  55.  18.  0.0489
  55.  19.  0.0485
  55.  20.  0.0499
  55.  21.  0.0494
  55.  22.  0.0492
  55.  23.  0.0494
  55.  24.  0.0498
  55.  25.  0.0495
  55.  26.  0.0499
  55.  27.  0.0502
  56.  10.  0.1109
  56.  11.  0.0973
  56.  12.  0.059
  56.  13.  0.0569
  56.  14.  0.057
  56.  15.  0.0569
  56.  16.  0.0558
  56.  17.  0.0562
  56.  18.  0.0504
  56.  19.  0.0514
  56.  20.  0.0516
  56.  21.  0.0517
  56.  22.  0.0511
  56.  23.  0.0516
  56.  24.  0.0505
  56.  25.  0.0513
  56.  26.  0.0513
  56.  27.  0.0515
  56.  28.  0.0521
  57.  10.  0.1158
  57.  11.  0.1032
  57.  12.  0.0597
  57.  13.  0.0584
  57.  14.  0.0581
  57.  15.  0.0581
  57.  16.  0.0569
  57.  17.  0.0579
  57.  18.  0.0519
  57.  19.  0.0522
  57.  20.  0.0531
  57.  21.  0.0525
  57.  22.  0.0526
  57.  23.  0.0525
  57.  24.  0.0524
  57.  25.  0.0522
  57.  26.  0.0526
  57.  27.  0.0525
  57.  28.  0.053
  58.  10.  0.1205
  58.  11.  0.1068
  58.  12.  0.0593
  58.  13.  0.0588
  58.  14.  0.0582
  58.  15.  0.0585
  58.  16.  0.0576
  58.  17.  0.0594
  58.  18.  0.0532
  58.  19.  0.0536
  58.  20.  0.054
  58.  21.  0.0539
  58.  22.  0.0536
  58.  23.  0.0541
  58.  24.  0.0545
  58.  25.  0.0534
  58.  26.  0.0535
  58.  27.  0.0542
  58.  28.  0.0542
  58.  29.  0.0488
  59.  10.  0.1253
  59.  11.  0.1124
  59.  12.  0.0584
  59.  13.  0.0579
  59.  14.  0.0574
  59.  15.  0.0582
  59.  16.  0.058
  59.  17.  0.0589
  59.  18.  0.0539
  59.  19.  0.054
  59.  20.  0.0552
  59.  21.  0.0545
  59.  22.  0.0547
  59.  23.  0.0544
  59.  24.  0.0555
  59.  25.  0.055
  59.  26.  0.0546
  59.  27.  0.0492
  59.  28.  0.0491
  59.  29.  0.0492
  60.  10.  0.2899
  60.  11.  0.257
  60.  12.  0.1047
  60.  13.  0.1054
  60.  14.  0.1038
  60.  15.  0.1035
  60.  16.  0.0999
  60.  17.  0.0992
  60.  18.  0.0952
  60.  19.  0.0966
  60.  20.  0.0942
  60.  21.  0.0936
  60.  22.  0.0943
  60.  23.  0.0945
  60.  24.  0.0933
  60.  25.  0.0939
  60.  26.  0.0873
  60.  27.  0.0853
  60.  28.  0.0874
  60.  29.  0.0878
  60.  30.  0.0531
  61.  10.  0.2847
  61.  11.  0.2626
  61.  12.  0.1093
  61.  13.  0.1052
  61.  14.  0.1039
  61.  15.  0.1018
  61.  16.  0.1007
  61.  17.  0.0995
  61.  18.  0.0931
  61.  19.  0.0957
  61.  20.  0.0956
  61.  21.  0.0942
  61.  22.  0.0923
  61.  23.  0.0964
  61.  24.  0.0941
  61.  25.  0.0931
  61.  26.  0.0861
  61.  27.  0.0873
  61.  28.  0.0843
  61.  29.  0.0859
  61.  30.  0.0874
  62.  10.  0.2893
  62.  11.  0.2625
  62.  12.  0.1047
  62.  13.  0.1015
  62.  14.  0.103
  62.  15.  0.1031
  62.  16.  0.0984
  62.  17.  0.0977
  62.  18.  0.0931
  62.  19.  0.094
  62.  20.  0.0927
  62.  21.  0.0923
  62.  22.  0.0926
  62.  23.  0.0909
  62.  24.  0.0919
  62.  25.  0.09
  62.  26.  0.0901
  62.  27.  0.0852
  62.  28.  0.0834
  62.  29.  0.0849
  62.  30.  0.0848
  62.  31.  0.0838
  63.  10.  0.2893
  63.  11.  0.2579
  63.  12.  0.1012
  63.  13.  0.0989
  63.  14.  0.1005
  63.  15.  0.1027
  63.  16.  0.097
  63.  17.  0.0988
  63.  18.  0.0937
  63.  19.  0.0936
  63.  20.  0.0908
  63.  21.  0.0907
  63.  22.  0.09
  63.  23.  0.09
  63.  24.  0.0905
  63.  25.  0.089
  63.  26.  0.0895
  63.  27.  0.0836
  63.  28.  0.0825
  63.  29.  0.084
  63.  30.  0.0838
  63.  31.  0.0832
  64.  10.  0.2843
  64.  11.  0.2554
  64.  12.  0.0979
  64.  13.  0.1001
  64.  14.  0.0955
  64.  15.  0.0967
  64.  16.  0.0974
  64.  17.  0.0987
  64.  18.  0.0923
  64.  19.  0.0931
  64.  20.  0.091
  64.  21.  0.0927
  64.  22.  0.0893
  64.  23.  0.0914
  64.  24.  0.0908
  64.  25.  0.0885
  64.  26.  0.0895
  64.  27.  0.089
  64.  28.  0.0836
  64.  29.  0.0857
  64.  30.  0.0848
  64.  31.  0.0827
  64.  32.  0.084
  65.  10.  0.3005
  65.  11.  0.277
  65.  12.  0.1017
  65.  13.  0.0962
  65.  14.  0.0964
  65.  15.  0.0985
  65.  16.  0.0979
  65.  17.  0.1019
  65.  18.  0.0938
  65.  19.  0.0904
  65.  20.  0.0912
  65.  21.  0.0936
  65.  22.  0.0916
  65.  23.  0.0908
  65.  24.  0.0891
  65.  25.  0.0877
  65.  26.  0.0876
  65.  27.  0.0896
  65.  28.  0.0853
  65.  29.  0.0853
  65.  30.  0.0841
  65.  31.  0.0836
  65.  32.  0.0839
  66.  10.  0.2962
  66.  11.  0.2787
  66.  12.  0.0987
  66.  13.  0.0972
  66.  14.  0.0982
  66.  15.  0.1017
  66.  16.  0.1013
  66.  17.  0.1036
  66.  18.  0.0953
  66.  19.  0.0922
  66.  20.  0.096
  66.  21.  0.0935
  66.  22.  0.091
  66.  23.  0.0933
  66.  24.  0.0917
  66.  25.  0.0891
  66.  26.  0.0925
  66.  27.  0.0929
  66.  28.  0.092
  66.  29.  0.0871
  66.  30.  0.0853
  66.  31.  0.0861
  66.  32.  0.0863
  66.  33.  0.0849
  67.  10.  0.3177
  67.  11.  0.2801
  67.  12.  0.0987
  67.  13.  0.0983
  67.  14.  0.0965
  67.  15.  0.099
  67.  16.  0.1022
  67.  17.  0.1022
  67.  18.  0.0962
  67.  19.  0.0933
  67.  20.  0.0949
  67.  21.  0.0943
  67.  22.  0.0946
  67.  23.  0.0931
  67.  24.  0.0922
  67.  25.  0.0887
  67.  26.  0.0943
  67.  27.  0.0927
  67.  28.  0.0904
  67.  29.  0.0857
  67.  30.  0.0853
  67.  31.  0.0849
  67.  32.  0.0851
  67.  33.  0.088
  68.  10.  0.3239
  68.  11.  0.2895
  68.  12.  0.0984
  68.  13.  0.1002
  68.  14.  0.0994
  68.  15.  0.0987
  68.  16.  0.0991
  68.  17.  0.1034
  68.  18.  0.0958
  68.  19.  0.0936
  68.  20.  0.0963
  68.  21.  0.0952
  68.  22.  0.0959
  68.  23.  0.0936
  68.  24.  0.0932
  68.  25.  0.0911
  68.  26.  0.0925
  68.  27.  0.0927
  68.  28.  0.0858
  68.  29.  0.0867
  68.  30.  0.0864
  68.  31.  0.0849
  68.  32.  0.0863
  68.  33.  0.084
  68.  34.  0.0854
  69.  10.  0.3203
  69.  11.  0.312
  69.  12.  0.1007
  69.  13.  0.1011
  69.  14.  0.102
  69.  15.  0.1021
  69.  16.  0.1015
  69.  17.  0.1032
  69.  18.  0.0964
  69.  19.  0.0975
  69.  20.  0.098
  69.  21.  0.0962
  69.  22.  0.0967
  69.  23.  0.0937
  69.  24.  0.0936
  69.  25.  0.095
  69.  26.  0.0925
  69.  27.  0.0907
  69.  28.  0.0867
  69.  29.  0.0849
  69.  30.  0.0853
  69.  31.  0.0837
  69.  32.  0.0845
  69.  33.  0.0854
  69.  34.  0.0856
  70.  10.  0.2511
  70.  11.  0.3167
  70.  12.  0.0958
  70.  13.  0.0942
  70.  14.  0.0955
  70.  15.  0.0977
  70.  16.  0.1004
  70.  17.  0.1026
  70.  18.  0.0956
  70.  19.  0.0958
  70.  20.  0.0973
  70.  21.  0.0992
  70.  22.  0.0991
  70.  23.  0.0956
  70.  24.  0.0963
  70.  25.  0.0946
  70.  26.  0.0915
  70.  27.  0.0903
  70.  28.  0.0881
  70.  29.  0.0856
  70.  30.  0.0832
  70.  31.  0.0828
  70.  32.  0.0847
  70.  33.  0.0849
  70.  34.  0.0857
  70.  35.  0.0588
  71.  10.  0.3254
  71.  11.  0.2709
  71.  12.  0.0965
  71.  13.  0.0958
  71.  14.  0.0939
  71.  15.  0.0978
  71.  16.  0.1028
  71.  17.  0.1043
  71.  18.  0.0991
  71.  19.  0.1003
  71.  20.  0.1012
  71.  21.  0.1002
  71.  22.  0.0981
  71.  23.  0.0993
  71.  24.  0.0981
  71.  25.  0.095
  71.  26.  0.0969
  71.  27.  0.0929
  71.  28.  0.0914
  71.  29.  0.0888
  71.  30.  0.089
  71.  31.  0.0892
  71.  32.  0.0885
  71.  33.  0.0888
  71.  34.  0.0907
  71.  35.  0.0875
  72.  10.  0.3327
  72.  11.  0.2824
  72.  12.  0.0951
  72.  13.  0.0957
  72.  14.  0.0945
  72.  15.  0.0974
  72.  16.  0.1
  72.  17.  0.1026
  72.  18.  0.098
  72.  19.  0.0992
  72.  20.  0.1012
  72.  21.  0.1022
  72.  22.  0.0987
  72.  23.  0.0959
  72.  24.  0.0951
  72.  25.  0.0973
  72.  26.  0.0979
  72.  27.  0.0966
  72.  28.  0.0934
  72.  29.  0.0895
  72.  30.  0.0889
  72.  31.  0.0891
  72.  32.  0.0902
  72.  33.  0.0915
  72.  34.  0.0879
  72.  35.  0.0884
  72.  36.  0.0869
  73.  10.  0.3407
  73.  11.  0.3012
  73.  12.  0.0952
  73.  13.  0.0969
  73.  14.  0.0955
  73.  15.  0.0973
  73.  16.  0.0991
  73.  17.  0.102
  73.  18.  0.096
  73.  19.  0.0958
  73.  20.  0.1039
  73.  21.  0.1013
  73.  22.  0.0994
  73.  23.  0.0987
  73.  24.  0.095
  73.  25.  0.099
  73.  26.  0.0979
  73.  27.  0.097
  73.  28.  0.0967
  73.  29.  0.0934
  73.  30.  0.0936
  73.  31.  0.0914
  73.  32.  0.0944
  73.  33.  0.0939
  73.  34.  0.0944
  73.  35.  0.0896
  73.  36.  0.09
  74.  10.  0.3178
  74.  11.  0.3216
  74.  12.  0.1016
  74.  13.  0.0993
  74.  14.  0.1007
  74.  15.  0.102
  74.  16.  0.1027
  74.  17.  0.1045
  74.  18.  0.0992
  74.  19.  0.1044
  74.  20.  0.1047
  74.  21.  0.1036
  74.  22.  0.1013
  74.  23.  0.0993
  74.  24.  0.0967
  74.  25.  0.102
  74.  26.  0.1013
  74.  27.  0.1015
  74.  28.  0.0997
  74.  29.  0.1017
  74.  30.  0.0976
  74.  31.  0.0953
  74.  32.  0.0961
  74.  33.  0.0983
  74.  34.  0.0932
  74.  35.  0.094
  74.  36.  0.0933
  74.  37.  0.0927
  75.  10.  0.3389
  75.  11.  0.3366
  75.  12.  0.1031
  75.  13.  0.1036
  75.  14.  0.1026
  75.  15.  0.1053
  75.  16.  0.1043
  75.  17.  0.1024
  75.  18.  0.0951
  75.  19.  0.1009
  75.  20.  0.1021
  75.  21.  0.1026
  75.  22.  0.103
  75.  23.  0.0984
  75.  24.  0.1005
  75.  25.  0.1056
  75.  26.  0.1021
  75.  27.  0.0994
  75.  28.  0.1019
  75.  29.  0.1022
  75.  30.  0.1001
  75.  31.  0.1011
  75.  32.  0.0993
  75.  33.  0.1009
  75.  34.  0.097
  75.  35.  0.0964
  75.  36.  0.0973
  75.  37.  0.0976
  76.  10.  0.3425
  76.  11.  0.3419
  76.  12.  0.1083
  76.  13.  0.1058
  76.  14.  0.1053
  76.  15.  0.1076
  76.  16.  0.1055
  76.  17.  0.1091
  76.  18.  0.1001
  76.  19.  0.1008
  76.  20.  0.1068
  76.  21.  0.1054
  76.  22.  0.1053
  76.  23.  0.1028
  76.  24.  0.1022
  76.  25.  0.1058
  76.  26.  0.1055
  76.  27.  0.1015
  76.  28.  0.1019
  76.  29.  0.1054
  76.  30.  0.1006
  76.  31.  0.1032
  76.  32.  0.1033
  76.  33.  0.1062
  76.  34.  0.0988
  76.  35.  0.0969
  76.  36.  0.0994
  76.  37.  0.096
  76.  38.  0.098
  77.  10.  0.3579
  77.  11.  0.361
  77.  12.  0.1102
  77.  13.  0.1054
  77.  14.  0.1083
  77.  15.  0.1083
  77.  16.  0.1076
  77.  17.  0.1083
  77.  18.  0.1036
  77.  19.  0.1094
  77.  20.  0.1084
  77.  21.  0.1058
  77.  22.  0.1075
  77.  23.  0.105
  77.  24.  0.1021
  77.  25.  0.1074
  77.  26.  0.1086
  77.  27.  0.105
  77.  28.  0.1011
  77.  29.  0.1034
  77.  30.  0.1046
  77.  31.  0.1059
  77.  32.  0.1061
  77.  33.  0.1068
  77.  34.  0.1016
  77.  35.  0.1019
  77.  36.  0.0996
  77.  37.  0.1002
  77.  38.  0.0994
  78.  10.  0.3775
  78.  11.  0.3698
  78.  12.  0.1125
  78.  13.  0.1138
  78.  14.  0.1103
  78.  15.  0.1131
  78.  16.  0.1078
  78.  17.  0.1097
  78.  18.  0.1066
  78.  19.  0.108
  78.  20.  0.1097
  78.  21.  0.1071
  78.  22.  0.1076
  78.  23.  0.104
  78.  24.  0.1051
  78.  25.  0.11
  78.  26.  0.1096
  78.  27.  0.108
  78.  28.  0.1048
  78.  29.  0.1047
  78.  30.  0.1091
  78.  31.  0.112
  78.  32.  0.1108
  78.  33.  0.1081
  78.  34.  0.107
  78.  35.  0.1048
  78.  36.  0.0999
  78.  37.  0.0987
  78.  38.  0.1007
  78.  39.  0.0991
  79.  10.  0.3942
  79.  11.  0.4008
  79.  12.  0.1143
  79.  13.  0.1167
  79.  14.  0.1164
  79.  15.  0.1166
  79.  16.  0.1116
  79.  17.  0.1116
  79.  18.  0.1077
  79.  19.  0.1144
  79.  20.  0.1136
  79.  21.  0.1098
  79.  22.  0.1081
  79.  23.  0.1111
  79.  24.  0.108
  79.  25.  0.117
  79.  26.  0.1099
  79.  27.  0.11
  79.  28.  0.11
  79.  29.  0.1101
  79.  30.  0.1123
  79.  31.  0.1097
  79.  32.  0.1114
  79.  33.  0.108
  79.  34.  0.1093
  79.  35.  0.1085
  79.  36.  0.1044
  79.  37.  0.1043
  79.  38.  0.1047
  79.  39.  0.1033
  80.  10.  0.3919
  80.  11.  0.3903
  80.  12.  0.1402
  80.  13.  0.1404
  80.  14.  0.1395
  80.  15.  0.1324
  80.  16.  0.1313
  80.  17.  0.1402
  80.  18.  0.1354
  80.  19.  0.1383
  80.  20.  0.1396
  80.  21.  0.1374
  80.  22.  0.1356
  80.  23.  0.1341
  80.  24.  0.1333
  80.  25.  0.1367
  80.  26.  0.1308
  80.  27.  0.1306
  80.  28.  0.1334
  80.  29.  0.1357
  80.  30.  0.1296
  80.  31.  0.1252
  80.  32.  0.123
  80.  33.  0.1253
  80.  34.  0.1212
  80.  35.  0.1233
  80.  36.  0.1276
  80.  37.  0.1209
  80.  38.  0.1218
  80.  39.  0.1216
  80.  40.  0.1269
  81.  10.  0.4561
  81.  11.  0.4943
  81.  12.  0.1557
  81.  13.  0.1577
  81.  14.  0.1621
  81.  15.  0.1625
  81.  16.  0.1556
  81.  17.  0.1544
  81.  18.  0.1479
  81.  19.  0.1576
  81.  20.  0.1638
  81.  21.  0.1611
  81.  22.  0.1616
  81.  23.  0.1584
  81.  24.  0.1619
  81.  25.  0.1573
  81.  26.  0.1563
  81.  27.  0.155
  81.  28.  0.1612
  81.  29.  0.1603
  81.  30.  0.159
  81.  31.  0.1508
  81.  32.  0.1471
  81.  33.  0.1498
  81.  34.  0.1446
  81.  35.  0.1453
  81.  36.  0.1467
  81.  37.  0.1402
  81.  38.  0.1426
  81.  39.  0.1417
  81.  40.  0.1554
  82.  10.  0.456
  82.  11.  0.5081
  82.  12.  0.1638
  82.  13.  0.1607
  82.  14.  0.1597
  82.  15.  0.167
  82.  16.  0.1572
  82.  17.  0.1571
  82.  18.  0.1521
  82.  19.  0.1518
  82.  20.  0.1626
  82.  21.  0.158
  82.  22.  0.1579
  82.  23.  0.1581
  82.  24.  0.1561
  82.  25.  0.1576
  82.  26.  0.1565
  82.  27.  0.1621
  82.  28.  0.1592
  82.  29.  0.163
  82.  30.  0.1612
  82.  31.  0.1547
  82.  32.  0.1517
  82.  33.  0.1505
  82.  34.  0.1507
  82.  35.  0.1444
  82.  36.  0.1466
  82.  37.  0.1464
  82.  38.  0.1446
  82.  39.  0.1453
  82.  40.  0.1538
  82.  41.  0.1578
  83.  10.  0.49
  83.  11.  0.5268
  83.  12.  0.1848
  83.  13.  0.184
  83.  14.  0.19
  83.  15.  0.1917
  83.  16.  0.1851
  83.  17.  0.1884
  83.  18.  0.1814
  83.  19.  0.1741
  83.  20.  0.1766
  83.  21.  0.1778
  83.  22.  0.1731
  83.  23.  0.1686
  83.  24.  0.1718
  83.  25.  0.1735
  83.  26.  0.1762
  83.  27.  0.1756
  83.  28.  0.1744
  83.  29.  0.1811
  83.  30.  0.1749
  83.  31.  0.1722
  83.  32.  0.1624
  83.  33.  0.1597
  83.  34.  0.1614
  83.  35.  0.1598
  83.  36.  0.1613
  83.  37.  0.1618
  83.  38.  0.166
  83.  39.  0.1581
  83.  40.  0.1737
  83.  41.  0.1705
  84.  10.  0.4837
  84.  11.  0.5126
  84.  12.  0.1824
  84.  13.  0.1916
  84.  14.  0.1943
  84.  15.  0.1966
  84.  16.  0.1931
  84.  17.  0.1931
  84.  18.  0.184
  84.  19.  0.1806
  84.  20.  0.1813
  84.  21.  0.1783
  84.  22.  0.1768
  84.  23.  0.1656
  84.  24.  0.1765
  84.  25.  0.1784
  84.  26.  0.1768
  84.  27.  0.1827
  84.  28.  0.1794
  84.  29.  0.1816
  84.  30.  0.1817
  84.  31.  0.1811
  84.  32.  0.1663
  84.  33.  0.1698
  84.  34.  0.1658
  84.  35.  0.1638
  84.  36.  0.1681
  84.  37.  0.167
  84.  38.  0.1685
  84.  39.  0.1719
  84.  40.  0.1784
  84.  41.  0.1776
  84.  42.  0.1735
  85.  10.  0.5169
  85.  11.  0.5357
  85.  12.  0.1849
  85.  13.  0.1925
  85.  14.  0.197
  85.  15.  0.2006
  85.  16.  0.2171
  85.  17.  0.2174
  85.  18.  0.2096
  85.  19.  0.2107
  85.  20.  0.2023
  85.  21.  0.1957
  85.  22.  0.1995
  85.  23.  0.1908
  85.  24.  0.1927
  85.  25.  0.1977
  85.  26.  0.1957
  85.  27.  0.2023
  85.  28.  0.2041
  85.  29.  0.2124
  85.  30.  0.2056
  85.  31.  0.2001
  85.  32.  0.1902
  85.  33.  0.1889
  85.  34.  0.1809
  85.  35.  0.193
  85.  36.  0.1909
  85.  37.  0.1812
  85.  38.  0.1852
  85.  39.  0.1918
  85.  40.  0.1835
  85.  41.  0.182
  85.  42.  0.1782
  86.  10.  0.5353
  86.  11.  0.5752
  86.  12.  0.1979
  86.  13.  0.1993
  86.  14.  0.211
  86.  15.  0.2152
  86.  16.  0.223
  86.  17.  0.2319
  86.  18.  0.2095
  86.  19.  0.2189
  86.  20.  0.2005
  86.  21.  0.2138
  86.  22.  0.1979
  86.  23.  0.2009
  86.  24.  0.199
  86.  25.  0.2095
  86.  26.  0.2029
  86.  27.  0.2046
  86.  28.  0.2102
  86.  29.  0.2122
  86.  30.  0.221
  86.  31.  0.213
  86.  32.  0.2018
  86.  33.  0.1999
  86.  34.  0.1962
  86.  35.  0.2009
  86.  36.  0.1978
  86.  37.  0.1917
  86.  38.  0.1884
  86.  39.  0.1956
  86.  40.  0.1906
  86.  41.  0.1901
  86.  42.  0.1922
  86.  43.  0.1868
  87.  10.  0.5727
  87.  11.  0.6015
  87.  12.  0.2059
  87.  13.  0.2143
  87.  14.  0.213
  87.  15.  0.2129
  87.  16.  0.2303
  87.  17.  0.2364
  87.  18.  0.2224
  87.  19.  0.2203
  87.  20.  0.215
  87.  21.  0.2062
  87.  22.  0.2086
  87.  23.  0.2067
  87.  24.  0.2041
  87.  25.  0.213
  87.  26.  0.2104
  87.  27.  0.2131
  87.  28.  0.2144
  87.  29.  0.2147
  87.  30.  0.2308
  87.  31.  0.2145
  87.  32.  0.2105
  87.  33.  0.2106
  87.  34.  0.2094
  87.  35.  0.2038
  87.  36.  0.1998
  87.  37.  0.2029
  87.  38.  0.2053
  87.  39.  0.2035
  87.  40.  0.2032
  87.  41.  0.2036
  87.  42.  0.2022
  87.  43.  0.1984
  88.  12.  0.1894
  88.  13.  0.1941
  88.  14.  0.1994
  88.  15.  0.2155
  88.  16.  0.2249
  88.  17.  0.2355
  88.  18.  0.2283
  88.  19.  0.2238
  88.  20.  0.2097
  88.  21.  0.2014
  88.  22.  0.2045
  88.  23.  0.2043
  88.  24.  0.2023
  88.  25.  0.2139
  88.  26.  0.2203
  88.  27.  0.2176
  88.  28.  0.2266
  88.  29.  0.231
  88.  30.  0.2509
  88.  31.  0.2477
  88.  32.  0.2403
  88.  33.  0.2354
  88.  34.  0.2463
  88.  35.  0.239
  88.  36.  0.2336
  88.  37.  0.2392
  88.  38.  0.2359
  88.  39.  0.23
  88.  40.  0.2268
  88.  41.  0.2469
  88.  42.  0.2292
  88.  43.  0.2388
  88.  44.  0.2466
  89.  12.  0.1928
  89.  13.  0.1986
  89.  14.  0.2032
  89.  15.  0.2231
  89.  16.  0.2253
  89.  17.  0.2347
  89.  18.  0.2266
  89.  19.  0.2275
  89.  20.  0.2174
  89.  21.  0.2106
  89.  22.  0.2073
  89.  23.  0.2157
  89.  24.  0.2174
  89.  25.  0.2179
  89.  26.  0.2215
  89.  27.  0.2203
  89.  28.  0.2297
  89.  29.  0.2362
  89.  30.  0.2622
  89.  31.  0.2485
  89.  32.  0.2524
  89.  33.  0.2453
  89.  34.  0.2432
  89.  35.  0.2427
  89.  36.  0.238
  89.  37.  0.2414
  89.  38.  0.2407
  89.  39.  0.2314
  89.  40.  0.2335
  89.  41.  0.235
  89.  42.  0.2394
  89.  43.  0.2495
  89.  44.  0.2519
  90.  12.  0.2022
  90.  13.  0.2116
  90.  14.  0.215
  90.  15.  0.2328
  90.  16.  0.2355
  90.  17.  0.2561
  90.  18.  0.2461
  90.  19.  0.2474
  90.  20.  0.2306
  90.  21.  0.2158
  90.  22.  0.2237
  90.  23.  0.2219
  90.  24.  0.2229
  90.  25.  0.2288
  90.  26.  0.2327
  90.  27.  0.2417
  90.  28.  0.2448
  90.  29.  0.2426
  90.  30.  0.2684
  90.  31.  0.2707
  90.  32.  0.2628
  90.  33.  0.2646
  90.  34.  0.2594
  90.  35.  0.2631
  90.  36.  0.2599
  90.  37.  0.252
  90.  38.  0.2495
  90.  39.  0.2495
  90.  40.  0.2413
  90.  41.  0.2605
  90.  42.  0.2869
  90.  43.  0.2642
  90.  44.  0.2697
  90.  45.  0.2768
  91.  12.  0.2171
  91.  13.  0.2211
  91.  14.  0.2384
  91.  15.  0.2578
  91.  16.  0.2509
  91.  17.  0.2552
  91.  18.  0.2422
  91.  19.  0.2665
  91.  20.  0.2358
  91.  21.  0.2384
  91.  22.  0.24
  91.  23.  0.2309
  91.  24.  0.2362
  91.  25.  0.237
  91.  26.  0.2443
  91.  27.  0.2442
  91.  28.  0.252
  91.  29.  0.2537
  91.  30.  0.2704
  91.  31.  0.2689
  91.  32.  0.2748
  91.  33.  0.2694
  91.  34.  0.2734
  91.  35.  0.2602
  91.  36.  0.2603
  91.  37.  0.2592
  91.  38.  0.2562
  91.  39.  0.2566
  91.  40.  0.2534
  91.  41.  0.26
  91.  42.  0.2705
  91.  43.  0.2691
  91.  44.  0.2803
  91.  45.  0.2818
  92.  12.  0.2356
  92.  13.  0.2482
  92.  14.  0.2591
  92.  15.  0.2622
  92.  16.  0.2779
  92.  17.  0.28
  92.  18.  0.2715
  92.  19.  0.2799
  92.  20.  0.262
  92.  21.  0.2602
  92.  22.  0.2685
  92.  23.  0.2568
  92.  24.  0.2608
  92.  25.  0.2635
  92.  26.  0.2678
  92.  27.  0.2712
  92.  28.  0.273
  92.  29.  0.2778
  92.  30.  0.2936
  92.  31.  0.2908
  92.  32.  0.2975
  92.  33.  0.2977
  92.  34.  0.292
  92.  35.  0.287
  92.  36.  0.291
  92.  37.  0.2825
  92.  38.  0.2779
  92.  39.  0.2717
  92.  40.  0.2745
  92.  41.  0.276
  92.  42.  0.3001
  92.  43.  0.2933
  92.  44.  0.3076
  92.  45.  0.2996
  92.  46.  0.2858
  93.  12.  0.2535
  93.  13.  0.2613
  93.  14.  0.2656
  93.  15.  0.2805
  93.  16.  0.2851
  93.  17.  0.2978
  93.  18.  0.2887
  93.  19.  0.2924
  93.  20.  0.2698
  93.  21.  0.2732
  93.  22.  0.2838
  93.  23.  0.2721
  93.  24.  0.2742
  93.  25.  0.2811
  93.  26.  0.2849
  93.  27.  0.2874
  93.  28.  0.2898
  93.  29.  0.2967
  93.  30.  0.3106
  93.  31.  0.3225
  93.  32.  0.3108
  93.  33.  0.3077
  93.  34.  0.3119
  93.  35.  0.2914
  93.  36.  0.2903
  93.  37.  0.2923
  93.  38.  0.2921
  93.  39.  0.2857
  93.  40.  0.276
  93.  41.  0.2935
  93.  42.  0.3062
  93.  43.  0.3143
  93.  44.  0.3099
  93.  45.  0.3007
  93.  46.  0.2949
  94.  12.  0.2516
  94.  13.  0.2646
  94.  14.  0.2761
  94.  15.  0.2753
  94.  16.  0.2836
  94.  17.  0.2932
  94.  18.  0.2755
  94.  19.  0.2915
  94.  20.  0.2736
  94.  21.  0.2799
  94.  22.  0.2812
  94.  23.  0.28
  94.  24.  0.2778
  94.  25.  0.2813
  94.  26.  0.2877
  94.  27.  0.2913
  94.  28.  0.2944
  94.  29.  0.2972
  94.  30.  0.3095
  94.  31.  0.3101
  94.  32.  0.3123
  94.  33.  0.3105
  94.  34.  0.3105
  94.  35.  0.2927
  94.  36.  0.2884
  94.  37.  0.2881
  94.  38.  0.2864
  94.  39.  0.2821
  94.  40.  0.2826
  94.  41.  0.2869
  94.  42.  0.2912
  94.  43.  0.3062
  94.  44.  0.3158
  94.  45.  0.2947
  94.  46.  0.2981
  94.  47.  0.2979
  95.  12.  0.2598
  95.  13.  0.2658
  95.  14.  0.2853
  95.  15.  0.2871
  95.  16.  0.2813
  95.  17.  0.2932
  95.  18.  0.2823
  95.  19.  0.2895
  95.  20.  0.2692
  95.  21.  0.2798
  95.  22.  0.2908
  95.  23.  0.2873
  95.  24.  0.287
  95.  25.  0.2921
  95.  26.  0.2935
  95.  27.  0.2919
  95.  28.  0.3048
  95.  29.  0.3085
  95.  30.  0.3058
  95.  31.  0.3145
  95.  32.  0.3133
  95.  33.  0.2591
  95.  34.  0.3178
  95.  35.  0.2926
  95.  36.  0.2887
  95.  37.  0.2835
  95.  38.  0.2851
  95.  39.  0.278
  95.  40.  0.2822
  95.  41.  0.2897
  95.  42.  0.3028
  95.  43.  0.3077
  95.  44.  0.3185
  95.  45.  0.2987
  95.  46.  0.3007
  95.  47.  0.3004
  96.  12.  0.2607
  96.  13.  0.2638
  96.  14.  0.2844
  96.  15.  0.2929
  96.  16.  0.2901
  96.  17.  0.2999
  96.  18.  0.3094
  96.  19.  0.3093
  96.  20.  0.2821
  96.  21.  0.2859
  96.  22.  0.2937
  96.  23.  0.2968
  96.  24.  0.2977
  96.  25.  0.2946
  96.  26.  0.299
  96.  27.  0.3072
  96.  28.  0.3203
  96.  29.  0.314
  96.  30.  0.2586
  96.  31.  0.2619
  96.  32.  0.2645
  96.  33.  0.2668
  96.  34.  0.2675
  96.  35.  0.2977
  96.  36.  0.2873
  96.  37.  0.2878
  96.  38.  0.2872
  96.  39.  0.2875
  96.  40.  0.2808
  96.  41.  0.2904
  96.  42.  0.3082
  96.  43.  0.2793
  96.  44.  0.3068
  96.  45.  0.2831
  96.  46.  0.2979
  96.  47.  0.3039
  96.  48.  0.298
  97.  12.  0.269
  97.  13.  0.2696
  97.  14.  0.2947
  97.  15.  0.304
  97.  16.  0.2943
  97.  17.  0.3114
  97.  18.  0.3098
  97.  19.  0.3186
  97.  20.  0.3093
  97.  21.  0.3024
  97.  22.  0.3051
  97.  23.  0.3049
  97.  24.  0.245
  97.  25.  0.3149
  97.  26.  0.2379
  97.  27.  0.2418
  97.  28.  0.2496
  97.  29.  0.2535
  97.  30.  0.2651
  97.  31.  0.2666
  97.  32.  0.2682
  97.  33.  0.2697
  97.  34.  0.2747
  97.  35.  0.2349
  97.  36.  0.2329
  97.  37.  0.2955
  97.  38.  0.2969
  97.  39.  0.2997
  97.  40.  0.2915
  97.  41.  0.262
  97.  42.  0.2724
  97.  43.  0.2911
  97.  44.  0.2924
  97.  45.  0.2932
  97.  46.  0.3037
  97.  47.  0.3063
  97.  48.  0.3056
  98.  12.  0.2573
  98.  13.  0.2737
  98.  14.  0.2806
  98.  15.  0.2906
  98.  16.  0.3241
  98.  17.  0.3161
  98.  18.  0.3169
  98.  19.  0.3166
  98.  20.  0.2535
  98.  21.  0.3104
  98.  22.  0.2325
  98.  23.  0.2317
  98.  24.  0.2324
  98.  25.  0.2574
  98.  26.  0.249
  98.  27.  0.2443
  98.  28.  0.253
  98.  29.  0.2588
  98.  30.  0.2711
  98.  31.  0.2717
  98.  32.  0.27
  98.  33.  0.2648
  98.  34.  0.2611
  98.  35.  0.2798
  98.  36.  0.2776
  98.  37.  0.2687
  98.  38.  0.262
  98.  39.  0.2577
  98.  40.  0.2595
  98.  41.  0.2635
  98.  42.  0.2747
  98.  43.  0.2885
  98.  44.  0.2974
  98.  45.  0.2994
  98.  46.  0.2965
  98.  47.  0.2843
  98.  48.  0.274
  98.  49.  0.265
  99.  12.  0.2561
  99.  13.  0.2772
  99.  14.  0.2831
  99.  15.  0.2934
  99.  16.  0.3193
  99.  17.  0.3184
  99.  18.  0.3132
  99.  19.  0.3206
  99.  20.  0.2574
  99.  21.  0.2544
  99.  22.  0.2467
  99.  23.  0.2462
  99.  24.  0.2473
  99.  25.  0.2716
  99.  26.  0.2621
  99.  27.  0.2559
  99.  28.  0.2592
  99.  29.  0.2671
  99.  30.  0.2873
  99.  31.  0.2857
  99.  32.  0.2885
  99.  33.  0.2803
  99.  34.  0.2731
  99.  35.  0.2901
  99.  36.  0.2943
  99.  37.  0.2804
  99.  38.  0.27
  99.  39.  0.2688
  99.  40.  0.2684
  99.  41.  0.2784
  99.  42.  0.2884
  99.  43.  0.3039
  99.  44.  0.3103
  99.  45.  0.309
  99.  46.  0.3101
  99.  47.  0.305
  99.  48.  0.2912
  99.  49.  0.2793
  100.  12.  0.2732
  100.  13.  0.2826
  100.  14.  0.2885
  100.  15.  0.3025
  100.  16.  0.3204
  100.  17.  0.3201
  100.  18.  0.3273
  100.  19.  0.322
  100.  20.  0.2872
  100.  21.  0.2933
  100.  22.  0.2944
  100.  23.  0.2906
  100.  24.  0.2888
  100.  25.  0.3139
  100.  26.  0.3077
  100.  27.  0.3017
  100.  28.  0.2954
  100.  29.  0.294
  100.  30.  0.3044
  100.  31.  0.2969
  100.  32.  0.2897
  100.  33.  0.2876
  100.  34.  0.2665
  100.  35.  0.2714
  100.  36.  0.2723
  100.  37.  0.2616
  100.  38.  0.2945
  100.  39.  0.2835
  100.  40.  0.2779
  100.  41.  0.284
  100.  42.  0.2893
  100.  43.  0.2933
  100.  44.  0.2985
  100.  45.  0.2911
  100.  46.  0.296
  100.  47.  0.2896
  100.  48.  0.2938
  100.  49.  0.3166
  100.  50.  0.29
  101.  12.  0.2896
  101.  13.  0.2883
  101.  14.  0.2968
  101.  15.  0.3155
  101.  16.  0.3332
  101.  17.  0.336
  101.  18.  0.333
  101.  19.  0.3326
  101.  20.  0.2968
  101.  21.  0.303
  101.  22.  0.3102
  101.  23.  0.3116
  101.  24.  0.3139
  101.  25.  0.3359
  101.  26.  0.3333
  101.  27.  0.3252
  101.  28.  0.3218
  101.  29.  0.3209
  101.  30.  0.3196
  101.  31.  0.3162
  101.  32.  0.311
  101.  33.  0.3095
  101.  34.  0.2966
  101.  35.  0.289
  101.  36.  0.2898
  101.  37.  0.2769
  101.  38.  0.2694
  101.  39.  0.2657
  101.  40.  0.2662
  101.  41.  0.2779
  101.  42.  0.2857
  101.  43.  0.295
  101.  44.  0.3062
  101.  45.  0.3085
  101.  46.  0.31
  101.  47.  0.3123
  101.  48.  0.3134
  101.  49.  0.3095
  101.  50.  0.3056
  102.  12.  0.2959
  102.  13.  0.3038
  102.  14.  0.3118
  102.  15.  0.3173
  102.  16.  0.3317
  102.  17.  0.3302
  102.  18.  0.2676
  102.  19.  0.2698
  102.  20.  0.3096
  102.  21.  0.3182
  102.  22.  0.3277
  102.  23.  0.3354
  102.  24.  0.3368
  102.  25.  0.369
  102.  26.  0.3641
  102.  27.  0.3609
  102.  28.  0.3558
  102.  29.  0.3508
  102.  30.  0.3386
  102.  31.  0.3231
  102.  32.  0.3199
  102.  33.  0.3144
  102.  34.  0.3096
  102.  35.  0.3071
  102.  36.  0.3048
  102.  37.  0.2924
  102.  38.  0.2779
  102.  39.  0.2756
  102.  40.  0.2829
  102.  41.  0.2912
  102.  42.  0.2994
  102.  43.  0.3089
  102.  44.  0.3161
  102.  45.  0.3188
  102.  46.  0.3199
  102.  47.  0.3212
  102.  48.  0.3215
  102.  49.  0.3221
  102.  50.  0.3162
  102.  51.  0.3161
  103.  12.  0.2888
  103.  13.  0.293
  103.  14.  0.3066
  103.  15.  0.3131
  103.  16.  0.321
  103.  17.  0.2615
  103.  18.  0.2612
  103.  19.  0.262
  103.  20.  0.2886
  103.  21.  0.299
  103.  22.  0.3089
  103.  23.  0.3183
  103.  24.  0.3241
  103.  25.  0.3433
  103.  26.  0.3514
  103.  27.  0.3422
  103.  28.  0.3446
  103.  29.  0.3376
  103.  30.  0.3448
  103.  31.  0.3234
  103.  32.  0.322
  103.  33.  0.3236
  103.  34.  0.3189
  103.  35.  0.3209
  103.  36.  0.3129
  103.  37.  0.3067
  103.  38.  0.2887
  103.  39.  0.2843
  103.  40.  0.2711
  103.  41.  0.2798
  103.  42.  0.2963
  103.  43.  0.3073
  103.  44.  0.3115
  103.  45.  0.315
  103.  46.  0.3131
  103.  47.  0.3136
  103.  48.  0.3186
  103.  49.  0.3126
  103.  50.  0.3104
  103.  51.  0.3091
  104.  12.  0.2781
  104.  13.  0.2946
  104.  14.  0.2989
  104.  15.  0.2538
  104.  16.  0.2639
  104.  17.  0.2684
  104.  18.  0.2688
  104.  19.  0.2717
  104.  20.  0.303
  104.  21.  0.3101
  104.  22.  0.3094
  104.  23.  0.3207
  104.  24.  0.3282
  104.  25.  0.3355
  104.  26.  0.3489
  104.  27.  0.3476
  104.  28.  0.3477
  104.  29.  0.3442
  104.  30.  0.3692
  104.  31.  0.3483
  104.  32.  0.3271
  104.  33.  0.3317
  104.  34.  0.3286
  104.  35.  0.3314
  104.  36.  0.3209
  104.  37.  0.3164
  104.  38.  0.3023
  104.  39.  0.2965
  104.  40.  0.2892
  104.  41.  0.2963
  104.  42.  0.3119
  104.  43.  0.3183
  104.  44.  0.3214
  104.  45.  0.3222
  104.  46.  0.3229
  104.  47.  0.3207
  104.  48.  0.3227
  104.  49.  0.3271
  104.  50.  0.3221
  104.  51.  0.6109
  104.  52.  0.6155
  105.  12.  0.2765
  105.  13.  0.2559
  105.  14.  0.2681
  105.  15.  0.2709
  105.  16.  0.2819
  105.  17.  0.297
  105.  18.  0.3017
  105.  19.  0.2972
  105.  20.  0.3224
  105.  21.  0.3342
  105.  22.  0.3379
  105.  23.  0.3489
  105.  24.  0.356
  105.  25.  0.3619
  105.  26.  0.3673
  105.  27.  0.3741
  105.  28.  0.3717
  105.  29.  0.3753
  105.  30.  0.3971
  105.  31.  0.3821
  105.  32.  0.3652
  105.  33.  0.3597
  105.  34.  0.364
  105.  35.  0.3548
  105.  36.  0.3473
  105.  37.  0.3288
  105.  38.  0.3235
  105.  39.  0.3238
  105.  40.  0.3131
  105.  41.  0.3205
  105.  42.  0.326
  105.  43.  0.3338
  105.  44.  0.3455
  105.  45.  0.349
  105.  46.  0.3493
  105.  47.  0.3493
  105.  48.  0.3493
  105.  49.  0.3483
  105.  50.  0.3526
  105.  51.  0.6293
  105.  52.  0.6343
  106.  12.  0.4755
  106.  13.  0.4761
  106.  14.  0.4744
  106.  15.  0.4772
  106.  16.  0.4793
  106.  17.  0.4786
  106.  18.  0.4807
  106.  19.  0.4773
  106.  20.  0.5727
  106.  21.  0.5758
  106.  22.  0.5721
  106.  23.  0.5747
  106.  24.  0.5694
  106.  25.  0.5643
  106.  26.  0.5865
  106.  27.  0.5921
  106.  28.  0.5983
  106.  29.  0.594
  106.  30.  0.8141
  106.  31.  0.7987
  106.  32.  0.7813
  106.  33.  0.7548
  106.  34.  0.7414
  106.  35.  0.723
  106.  36.  0.7087
  106.  37.  0.6963
  106.  38.  0.7021
  106.  39.  0.7033
  106.  40.  0.6927
  106.  41.  0.7012
  106.  42.  0.7058
  106.  43.  0.7108
  106.  44.  0.7132
  106.  45.  0.7163
  106.  46.  0.7155
  106.  47.  0.71
  106.  48.  0.7008
  106.  49.  0.6869
  106.  50.  0.6707
  106.  51.  0.6716
  106.  52.  0.6735
  107.  12.  0.4843
  107.  13.  0.4822
  107.  14.  0.4824
  107.  15.  0.4865
  107.  16.  0.4878
  107.  17.  0.4877
  107.  18.  0.4848
  107.  19.  0.4892
  107.  20.  0.5881
  107.  21.  0.586
  107.  22.  0.5787
  107.  23.  0.575
  107.  24.  0.5786
  107.  25.  0.5854
  107.  26.  0.5833
  107.  27.  0.6016
  107.  28.  0.6023
  107.  29.  0.6027
  107.  30.  0.8397
  107.  31.  0.8291
  107.  32.  0.8055
  107.  33.  0.7841
  107.  34.  0.7628
  107.  35.  0.7431
  107.  36.  0.734
  107.  37.  0.7243
  107.  38.  0.7228
  107.  39.  0.7292
  107.  40.  0.7147
  107.  41.  0.7264
  107.  42.  0.732
  107.  43.  0.7375
  107.  44.  0.7407
  107.  45.  0.7392
  107.  46.  0.7368
  107.  47.  0.7238
  107.  48.  0.7158
  107.  49.  0.7055
  107.  50.  0.6946
  107.  51.  0.6887
  107.  52.  0.6886
  108.  12.  0.4159
  108.  13.  0.4076
  108.  14.  0.4042
  108.  15.  0.4068
  108.  16.  0.4047
  108.  17.  0.4077
  108.  18.  0.4064
  108.  19.  0.4083
  108.  20.  0.4769
  108.  21.  0.4727
  108.  22.  0.4722
  108.  23.  0.478
  108.  24.  0.4777
  108.  25.  0.4776
  108.  26.  0.4799
  108.  27.  0.5061
  108.  28.  0.5184
  108.  29.  0.52
  108.  30.  0.7395
  108.  31.  0.7433
  108.  32.  0.7446
  108.  33.  0.7372
  108.  34.  0.7421
  108.  35.  0.7338
  108.  36.  0.7381
  108.  37.  0.7437
  108.  38.  0.7548
  108.  39.  0.7648
  108.  40.  0.7542
  108.  41.  0.7745
  108.  42.  0.7951
  108.  43.  0.8035
  108.  44.  0.8083
  108.  45.  0.8093
  108.  46.  0.7981
  108.  47.  0.7788
  108.  48.  0.7549
  108.  49.  0.7292
  108.  50.  0.6999
  108.  51.  0.6797
  108.  52.  0.6683
  109.  12.  0.4375
  109.  13.  0.4342
  109.  14.  0.4347
  109.  15.  0.4311
  109.  16.  0.4329
  109.  17.  0.4293
  109.  18.  0.429
  109.  19.  0.4237
  109.  20.  0.5016
  109.  21.  0.5038
  109.  22.  0.4999
  109.  23.  0.5052
  109.  24.  0.5007
  109.  25.  0.51
  109.  26.  0.5182
  109.  27.  0.5416
  109.  28.  0.5517
  109.  29.  0.5573
  109.  30.  0.8256
  109.  31.  0.8293
  109.  32.  0.8278
  109.  33.  0.823
  109.  34.  0.8254
  109.  35.  0.8204
  109.  36.  0.8212
  109.  37.  0.8307
  109.  38.  0.8451
  109.  39.  0.8622
  109.  40.  0.8426
  109.  41.  0.8704
  109.  42.  0.8813
  109.  43.  0.8915
  109.  44.  0.8948
  109.  45.  0.8959
  109.  46.  0.8834
  109.  47.  0.8608
  109.  48.  0.8334
  109.  49.  0.803
  109.  50.  0.7722
  109.  51.  0.7463
  109.  52.  0.7224
  110.  12.  0.457
  110.  13.  0.4525
  110.  14.  0.4473
  110.  15.  0.4448
  110.  16.  0.4496
  110.  17.  0.4513
  110.  18.  0.4494
  110.  19.  0.4441
  110.  20.  0.5392
  110.  21.  0.5366
  110.  22.  0.5394
  110.  23.  0.5374
  110.  24.  0.5398
  110.  25.  0.5497
  110.  26.  0.5454
  110.  27.  0.5629
  110.  28.  0.5955
  110.  29.  0.6034
  110.  30.  0.9636
  110.  31.  0.9765
  110.  32.  0.9772
  110.  33.  0.9686
  110.  34.  0.9693
  110.  35.  0.9701
  110.  36.  0.9738
  110.  37.  0.982
  110.  38.  0.9959
  110.  48.  0.9642
  110.  49.  0.9125
  110.  50.  0.886
  110.  51.  0.8539
  110.  52.  0.8286
  111.  12.  0.732
  111.  13.  0.7302
  111.  14.  0.7181
  111.  15.  0.7311
  111.  16.  0.7293
  111.  17.  0.7321
  111.  18.  0.7179
  111.  19.  0.7173
  111.  20.  0.8798
  111.  21.  0.8814
  111.  22.  0.8721
  111.  23.  0.8704
  111.  24.  0.8571
  111.  25.  0.8679
  111.  26.  0.876
  111.  27.  0.8758
  111.  28.  0.9242
  111.  29.  0.9452
  112.  12.  0.8787
  112.  13.  0.8611
  112.  14.  0.8599
  112.  15.  0.8708
  112.  16.  0.8621
  112.  17.  0.8543
  112.  18.  0.8597
  112.  19.  0.8442
  112.  20.  0.9949
  112.  21.  0.989
  112.  22.  0.9841
  112.  23.  0.9706
  112.  24.  0.9475
  112.  25.  0.987
  112.  26.  0.9862
  112.  27.  0.9987
  112.  28.  0.993
