  45.69303    
  7.805300    
  51.42550    
  7.786519    
  55.44678    
  8.387521    
  56.98685    
  8.781928    
  58.18468    
  9.026085    
  59.12584    
  9.044867    
  61.43594    
  8.575334    
  63.23268    
  8.368739    
  65.97057    
  8.312395    
  67.68176    
  8.049457    
  70.41965    
  7.429674    
  74.69762    
  6.978923    
  78.29111    
  6.640859    
  80.51565    
  6.246452    
  83.33910    
  5.758138    
  84.62249    
  5.382513    
  85.73476    
  5.138355    
