  45.69303    
  9.833681    
  46.89086    
  9.890025    
  47.74645    
  10.04027    
  48.25981    
  10.20931    
  49.28652    
  10.34078    
  53.56448    
  10.35956    
  60.06699    
  10.30321    
  63.57492    
  10.09662    
  67.85287    
  9.514399    
  70.50521    
  9.289023    
  71.87417    
  9.307804    
  74.44094    
  9.176335    
  74.95430    
  8.894615    
  74.86874    
  8.556553    
  75.63877    
  8.237269    
  77.26440    
  7.880425    
  80.08785    
  7.504799    
  82.31239    
  6.978923    
  84.53693    
  6.490609    
  85.73476    
  6.302796    
