  45.26523    
  9.382930    
  54.24895    
  9.401711    
  60.40922    
  9.401711    
  63.83159    
  9.401711    
  65.37166    
  9.345366    
  66.82616    
  9.213898    
  67.33952    
  9.044867    
  67.93844    
  8.725584    
  69.22182    
  8.256051    
  70.84745    
  7.899207    
  73.41423    
  7.523581    
  75.55322    
  7.392112    
  76.92216    
  7.279424    
  81.11456    
  6.678422    
  83.16798    
  6.246452    
  84.62249    
  5.908389    
  85.64921    
  5.833264    
