  45.20045    
  10.97896    
  64.31239    
  10.96018    
  66.75694    
  10.82871    
  68.42368    
  10.67846    
  70.97935    
  10.35918    
  73.75725    
  10.00234    
  75.42399    
  9.852087    
  77.42407    
  9.776961    
  78.86858    
  9.645493    
  79.75751    
  9.063272    
  79.97974    
  8.650084    
  80.86867    
  8.199332    
  81.75760    
  7.692237    
  82.64652    
  7.448080    
  83.75768    
  7.372955    
  85.42442    
  7.354174    
  85.75777    
  7.335392    
