  45.43635    
  9.326586    
  55.10455    
  9.270242    
  57.24353    
  9.326586    
  58.44136    
  9.570743    
  59.55363    
  9.758555    
  60.75146    
  9.777337    
  62.29153    
  9.570743    
  64.43051    
  9.176335    
  66.39837    
  8.875834    
  68.19511    
  8.387521    
  68.62291    
  7.993113    
  71.10413    
  7.561143    
  77.34996    
  6.772328    
  81.02901    
  6.171327    
  82.82575    
  5.852045    
  84.45138    
  5.852045    
  85.82032    
  5.908389    
