  45.69303    
  6.828672    
  46.12083    
  6.772328    
  48.60204    
  6.772328    
  52.36665    
  6.791110    
  53.73560    
  6.866235    
  54.59119    
  7.072830    
  55.87458    
  7.298205    
  59.21140    
  7.316987    
  61.60705    
  7.335767    
  65.71390    
  7.354549    
  67.42508    
  7.166736    
  69.90630    
  6.828672    
  74.35538    
  6.377922    
  75.55322    
  6.096202    
  76.15213    
  5.119574    
  76.32325    
  4.142946    
  76.83660    
  3.842446    
  78.71890    
  3.748539    
  82.39796    
  3.692195    
  85.47809    
  3.804883    
  85.73476    
  2.058222    
