  45.26523    
  8.763146    
  50.99770    
  8.800710    
  52.62333    
  8.857053    
  56.64462    
  9.176335    
  58.86916    
  9.589523    
  60.23811    
  9.852462    
  63.74603    
  9.871243    
  66.91173    
  9.871243    
  69.13627    
  9.739774    
  70.50521    
  9.495618    
  73.41423    
  9.063647    
  76.57993    
  8.800710    
  80.60121    
  8.331177    
  82.56907    
  7.955551    
  84.70805    
  7.767738    
  85.73476    
  7.748956    
  85.82032    
  2.058222    
