 # combined gg->H->WW limits otained with the Bayesian method
 # CDF Note 10101, D0 Note 6029
 # CDF_D0_combined_gg-H-WW_4.8-5.4fb
 # Mh(in GeV),obs,exp in fb
 
         110.00   1980.000       1400.000    
         115.00   2350.000       1240.000    
         120.00   1770.000       1080.000    
         125.00   1340.000       980.0000    
         130.00   1260.000       940.0000    
         135.00   1240.000       890.0000    
         140.00   1340.000       810.0000    
         145.00   1000.000       770.0000    
         150.00   700.0000       660.0000    
         155.00   640.0000       540.0000    
         160.00   510.0000       420.0000    
         165.00   410.0000       370.0000    
         170.00   440.0000       410.0000    
         175.00   400.0000       430.0000    
         180.00   430.0000       470.0000    
         185.00   550.0000       500.0000    
         190.00   500.0000       550.0000    
         195.00   740.0000       570.0000    
         200.00   930.0000       620.0000    
         205.00   975.0000       630.0000    
         210.00   1020.000       640.0000    
         215.00   1020.000       635.0000    
         220.00   1020.000       630.0000    
         225.00   1060.000       640.0000    
         230.00   1100.000       650.0000    
         235.00   1110.000       645.0000    
         240.00   1120.000       640.0000    
         245.00   1095.000       625.0000    
         250.00   1070.000       610.0000    
         255.00   1060.000       605.0000    
         260.00   1050.000       600.0000    
