 # combined SM limits
 # CDF Note 9290, D0 Note 5645
 # CDF_D0_SM_combined_1.0-2.4fb arXiv:0804.3423 [hep-ex]
 # Mh(in GeV),obs,exp (normalised to SM values)
 
         110.00  0.2800000E+01  0.3100000E+01
         115.00  0.3700000E+01  0.3300000E+01
         120.00  0.6600000E+01  0.3800000E+01
         125.00  0.6150000E+01  0.4000000E+01
         130.00  0.5700000E+01  0.4200000E+01
         135.00  0.4600000E+01  0.3850000E+01
         140.00  0.3500000E+01  0.3500000E+01
         145.00  0.2900000E+01  0.3100000E+01
         150.00  0.2300000E+01  0.2700000E+01
         155.00  0.1700000E+01  0.2150000E+01
         160.00  0.1100000E+01  0.1600000E+01
         165.00  0.1200000E+01  0.1700000E+01
         170.00  0.1300000E+01  0.1800000E+01
         175.00  0.1850000E+01  0.2150000E+01
         180.00  0.2400000E+01  0.2500000E+01
         185.00  0.2600000E+01  0.3150000E+01
         190.00  0.2800000E+01  0.3800000E+01
         195.00  0.4000000E+01  0.4450000E+01
         200.00  0.5200000E+01  0.5100000E+01
