 # combined gg->H->WW limits otained with the Bayesian method
 # arxiv: 1005.3216, interpolated
 # CDF_D0_combined_gg-H-WW_4.8-5.4fb
 # Mh(in GeV),obs,exp in fb
 
         110.00   2.100000E+3       1.410000E+3
         115.00   2.350000E+3       1.220000E+3    
         120.00   1.750000E+3       1.080000E+3    
         125.00   1.290000E+3       1.000000E+3    
         130.00   1.360000E+3      0.9300000E+3    
         135.00   1.120000E+3      0.8800000E+3    
         140.00   1.290000E+3      0.8200000E+3    
         145.00   1.030000E+3      0.7600000E+3    
         150.00  0.6800000E+3      0.6700000E+3    
         155.00  0.6200000E+3      0.5600000E+3    
         160.00  0.4700000E+3      0.4000000E+3    
         165.00  0.3800000E+3      0.3600000E+3    
         170.00  0.4500000E+3      0.4000000E+3    
         175.00  0.3800000E+3      0.4400000E+3    
         180.00  0.4100000E+3      0.4800000E+3    
         185.00  0.4800000E+3      0.5000000E+3    
         190.00  0.4600000E+3      0.5400000E+3    
         195.00  0.6500000E+3      0.5800000E+3    
         200.00  0.8300000E+3      0.6100000E+3    
         205.00  0.9050000E+3      0.6250000E+3   
         210.00  0.9800000E+3      0.6400000E+3   
         215.00  0.9400000E+3      0.6350000E+3     
         220.00  0.9000000E+3      0.6300000E+3     
         225.00  0.9800000E+3      0.6500000E+3     
         230.00   1.060000E+3      0.6700000E+3     
         235.00  0.9950000E+3      0.6650000E+3     
         240.00  0.9300000E+3      0.6600000E+3     
         245.00  0.9750000E+3      0.6300000E+3     
         250.00   1.020000E+3      0.6000000E+3     
         255.00   1.020000E+3      0.5900000E+3     
         260.00   1.020000E+3      0.5800000E+3     
         265.00   1.035000E+3      0.5750000E+3     
         270.00   1.050000E+3      0.5700000E+3     
         275.00   1.060000E+3      0.5450000E+3     
         280.00   1.070000E+3      0.5200000E+3     
         285.00   1.015000E+3      0.5100000E+3     
         290.00  0.9600000E+3      0.5000000E+3     
         295.00  0.9450000E+3      0.4850000E+3     
         300.00  0.9300000E+3      0.4700000E+3     
