 #arxiv:0805.3556 D0 22 May 2008
 #D0_bbH_bb_1.0fb
 #no interpolation
 #columns: Mh, obs, exp (fb)
 
          90.00  0.1840000E+06  0.1700000E+06
         100.00  0.1280000E+06  0.1170000E+06
         110.00  0.6900000E+05  0.7100000E+05
         120.00  0.3400000E+05  0.4100000E+05
         130.00  0.2400000E+05  0.2800000E+05
         140.00  0.2200000E+05  0.2500000E+05
         150.00  0.2400000E+05  0.2100000E+05
         160.00  0.2600000E+05  0.1700000E+05
         170.00  0.2450000E+05  0.1500000E+05
         180.00  0.2300000E+05  0.1300000E+05
         190.00  0.2000000E+05  0.1100000E+05
         200.00  0.1700000E+05  0.9000000E+04
         210.00  0.1450000E+05  0.8000000E+04
         220.00  0.1200000E+05  0.7000000E+04
