#arxiv:0912.0968 D0 15 Dec 2009
#D0_Hb_tautaub_2.7fb
#
#columns: Mh, obs, exp (fb)

   90       0.460E+04       0.300E+04
  100       0.344E+04       0.230E+04
  110       0.295E+04       0.175E+04
  120       0.208E+04       0.150E+04
  130       0.189E+04       0.124E+04
  140       0.168E+04       0.104E+04
  150       0.156E+04        900.    
  160       0.142E+04        813.    
  170       0.114E+04        737.    
  180        785.            699.    
  190        689.            632.    
  200        670.            555.    
  210        526.            507.    
  220        574.            498.    
  230        603.            469.    
  240        469.            440.    
  250        450.            421.    
  260        450.            383.    
  270        373.            383.    
  280        316.            373.    
  290        325.            344.    
  300        297.            344.    
  310        268.            325.    
  320        306.            325.    
