#D0 Note 6219 Jul 21th 2011 4th generation limits
#D0_H-WW_8.1fb
#interpolated
#columns: Mh(in GeV), obs, exp in fb

         115.00   1640.000       1190.000    
         120.00   1700.000       1120.000    
         125.00   1990.000       1060.000    
         130.00   2220.000       1020.000    
         135.00   2020.000       960.0000    
         140.00   2110.000       890.0000    
         145.00   1530.000       810.0000    
         150.00   1210.000       730.0000    
         155.00   1230.000       630.0000    
         160.00   760.0000       460.0000    
         165.00   610.0000       410.0000    
         170.00   480.0000       440.0000    
         175.00   550.0000       490.0000    
         180.00   750.0000       520.0000    
         185.00   770.0000       540.0000    
         190.00   690.0000       570.0000    
         195.00   600.0000       620.0000    
         200.00   590.0000       660.0000    
         205.00   540.0000       665.0000    
         210.00   490.0000       670.0000    
         215.00   545.0000       675.0000    
         220.00   600.0000       680.0000    
         225.00   535.0000       640.0000    
         230.00   470.0000       600.0000    
         235.00   495.0000       605.0000    
         240.00   520.0000       610.0000    
         245.00   520.0000       590.0000    
         250.00   520.0000       570.0000    
         255.00   470.0000       570.0000    
         260.00   420.0000       570.0000    
         265.00   460.0000       570.0000    
         270.00   500.0000       570.0000    
         275.00   480.0000       565.0000    
         280.00   460.0000       560.0000    
         285.00   525.0000       550.0000    
         290.00   590.0000       540.0000    
         295.00   505.0000       540.0000    
         300.00   420.0000       540.0000    
