 #D0 Note 5740 Jul 29th 2008
 #D0_H-tautau_2.2fb
 #interpolation needed
 #columns: Mh(GeV), obs, exp (fb)
 
          90.00   14115.50       25758.59    
         100.00   21880.27       17722.21    
         110.00   13970.49       8535.204    
         120.00   6426.848       4693.575    
         130.00   3153.497       2970.620    
         140.00   2488.705       2127.799    
         150.00   1724.337       1616.011    
         160.00   1374.759       1290.194    
         170.00   1249.139       1057.166    
         180.00   1039.282       883.1991    
         190.00   1016.159       765.7221    
         200.00   1063.036       672.6551    
         210.00   1003.891       613.9170    
         220.00   944.7458       555.1788    
         230.00   912.3431       517.6924    
         240.00   879.9404       480.2059    
         250.00   876.3504       458.0894    
         260.00   872.7604       435.9729    
         270.00   841.6112       426.5982    
         280.00   810.4621       417.2235    
         290.00   786.4479       397.6049    
         300.00   762.4336       377.9863    

