#D0 Note 6276 Feb 28, 2012
#D0_H-VV_9.7fb_6276
#no interpolation
#columns: Mh(in GeV), obs, exp (as ratio to SM cross sections)

100   30.78 15.82
105   40.39 16.46
110   30.30 16.54
115	29.68 15.25
120	22.30 13.34
125	18.42 12.25               
130	16.75 9.57               
135	12.72 8.29                
140	10.78 7.99             
145	9.69  7.41           
150	8.24  7.01         
155	8.82  7.14            
160	7.46  7.13             
165	7.24  7.07         
170	7.27  7.74             
175	9.63  8.64             
180	9.65  9.72         
185	10.66 10.74         
190	13.89 12.29         
195	13.30 13.20            
200	16.54 14.67
