 #D0 Note 6083 Jul 19, 2010
 #D0_Hb_tautaub_4.3fb
 #
 #columns: Mh, (TB limit obs)**2, (TB limit exp)**2

   90       0.111E+04        804.    
  100       0.148E+04        975.    
  110       0.183E+04       0.126E+04
  120       0.196E+04       0.127E+04
  130       0.248E+04       0.156E+04
  140       0.313E+04       0.189E+04
  150       0.280E+04       0.228E+04
  160       0.315E+04       0.250E+04
  170       0.429E+04       0.324E+04
  180       0.326E+04       0.355E+04
  190       0.419E+04       0.432E+04
  200       0.511E+04       0.516E+04
