#D0 Note 6219 Jul 21th 2011 4th generation limits
#D0_H-WW_8.1fb
#no interpolation
#columns: Mh(in GeV), obs, exp in fb

115	1.64E+3     1.19E+3                  
120	1.70E+3     1.12E+3                        
125	1.99E+3     1.06E+3                          
130	2.22E+3     1.02E+3                             
135	2.02E+3     0.96E+3                        
140     2.11E+3     0.89E+3                    
145	1.53E+3     0.81E+3                 
150	1.21E+3     0.73E+3                 
155	1.23E+3     0.63E+3                   
160	0.76E+3     0.46E+3                         
165	0.61E+3     0.41E+3                     
170     0.48E+3     0.44E+3                  
175	0.55E+3     0.49E+3                        
180	0.75E+3     0.52E+3                    
185	0.77E+3     0.54E+3                        
190	0.69E+3     0.57E+3                     
195     0.60E+3     0.62E+3                   
200	0.59E+3     0.66E+3                     
210     0.49E+3     0.67E+3              
220     0.60E+3     0.68E+3              
230     0.47E+3     0.60E+3              
240     0.52E+3     0.61E+3              
250     0.52E+3     0.57E+3              
260     0.42E+3     0.57E+3              
270     0.50E+3     0.57E+3              
280     0.46E+3     0.56E+3              
290     0.59E+3     0.54E+3              
300     0.42E+3     0.54E+3                
