#D0 Note 6227 Jul 20, 2011
#D0_h-bb_h-tautau_comb_Br0.10_5.2-7.3fb
#Br(h->tautau)=0.10, Br(h->tautau)+Br(h->bb)=1
#columns: Mh, obs, exp (fb)

   90        24.5E+3            12.9E+3   
  100        19.0E+3            10.7E+3    
  110        16.8E+3            8.06E+3    
  120        7.52E+3            6.65E+3    
  130        5.39E+3            5.12E+3    
  140        4.41E+3            4.08E+3   
  150        2.56E+3            3.22E+3    
  160        2.03E+3            2.52E+3    
  170        1.87E+3            2.27E+3    
  180        1.99E+3            2.13E+3    
  190        2.13E+3            1.82E+3    
  200        2.15E+3            1.70E+3    
  210        1.89E+3            1.52E+3    
  220        1.81E+3            1.43E+3    
  230        1.44E+3            1.31E+3    
  240        1.26E+3            1.14E+3    
  250        1.14E+3            1.09E+3    
  260        1.10E+3           0.989E+3    
  270       0.955E+3           0.898E+3    
  280       0.823E+3           0.852E+3    
  290       0.633E+3           0.802E+3    
  300       0.555E+3           0.754E+3    
