#arXiv:1106.4885, June 24th, 2011
#D0_Hb_tautaub_7.3fb_4885
#numbers read in from Fig 2b
#Mh(GeV) obs exp (in fb)

   90       0.237E+04       0.133E+04
  100       0.196E+04       0.107E+04
  110       0.146E+04        805.    
  120        587.            669.    
  130        465.            516.    
  140        385.            415.    
  150        233.            339.    
  160        196.            263.    
  170        175.            252.    
  180        213.            242.    
  190        193.            210.    
  200        178.            191.    
  210        174.            180.    
  220        176.            180.    
  230        155.            164.    
  240        145.            147.    
  250        145.            142.    
  260        151.            144.    
  270        145.            131.    
  280        138.            130.    
  290        140.            126.    
  300        136.            129.    
  310        134.            125.    
  320        121.            116.    
