#D0 Note 6219 Jul 21th 2011
#D0_H-VV_8.1fb
#no interpolation
#columns: Mh(in GeV), obs, exp (as ratio to SM cross sections)

115	9.54	8.52                
120	8.18	5.46                
125	7.14	3.99                
130	4.59	3.01                
135	3.55	2.43                
140	3.01	1.98             
145	3.10	1.76           
150	2.05    1.47         
155	1.92	1.27             
160	1.22	0.96             
165	0.78    0.90         
170	1.10	1.05             
175	1.59	1.22             
180	1.88    1.46         
185	2.02    1.89         
190	2.47    2.28         
195	2.86	2.74             
200	3.62	3.16           
  
