 #arxiv:0908.1811 D0 13 Aug 2009
 #D0_Hp_qq_1.0fb
 #used interpolation
 #columns: Mh, obs, exp BR(t -> H+ b)*BR(H+ -> q q')
 
          80.00  0.2100000      0.2500000    
          85.00  0.2125000      0.2500000    
          90.00  0.2150000      0.2500000    
          95.00  0.2175000      0.2500000    
         100.00  0.2200000      0.2500000    
         105.00  0.2200000      0.2500000    
         110.00  0.2200000      0.2500000    
         115.00  0.2200000      0.2500000    
         120.00  0.2200000      0.2500000    
         125.00  0.2175000      0.2475000    
         130.00  0.2150000      0.2450000    
         135.00  0.2125000      0.2425000    
         140.00  0.2100000      0.2400000    
         145.00  0.2050000      0.2300000    
         150.00  0.2000000      0.2200000    
         155.00  0.1900000      0.2200000    
