#arXiv:0805.2491 [hep-ex] May 16 2008
#D0_ppH_tautau_1fb
#210,230,250,270,290 interpolated, added a s.f. to 230 to make it the same as OB's table
#columns: Mh(in GeV), obs, exp (fb)

          90.00  0.1474770E+05  0.2737280E+05
         100.00  0.2749620E+05  0.2071120E+05
         110.00  0.2021470E+05  0.1019880E+05
         120.00  0.9559100E+04  0.5724300E+04
         130.00  0.4481630E+04  0.3603050E+04
         140.00  0.3202670E+04  0.2597500E+04
         150.00  0.1829740E+04  0.1988840E+04
         160.00  0.1404550E+04  0.1572590E+04
         170.00  0.1248370E+04  0.1294880E+04
         180.00  0.1161260E+04  0.1092120E+04
         190.00  0.1121940E+04  0.9504300E+03
         200.00  0.1196810E+04  0.8410130E+03
         210.00  0.1123930E+04  0.7499655E+03
         220.00  0.1051050E+04  0.6589180E+03
         230.00  0.10182275E+04  0.6020125E+03
         240.00  0.9854050E+03  0.5451070E+03
         250.00  0.9447560E+03  0.5135065E+03
         260.00  0.9041070E+03  0.4819060E+03
         270.00  0.8619605E+03  0.4508330E+03
         280.00  0.8198140E+03  0.4197600E+03
         290.00  0.7873875E+03  0.3979465E+03
         300.00  0.7549610E+03  0.3761330E+03
