 #arXiv:0712.0598 Dec 4, 2007
 #D0_SM_combined
 #interpolation
 #columns: Mh, obs, exp (as ratio to SM cross sections)
 	
         100.00   5.500000       8.700000    
         105.00   6.300000       9.750000    
         110.00   7.100000       10.80000    
         115.00   8.500000       12.10000    
         120.00   10.50000       14.30000    
         125.00   12.35000       15.00000    
         130.00   14.20000       15.70000    
         135.00   13.50000       14.75000    
         140.00   12.80000       13.80000    
         145.00   12.15000       12.60000    
         150.00   11.50000       11.40000    
         155.00   10.85000       10.20000    
         160.00   10.20000       9.000000    
         165.00   11.67500       9.775000    
         170.00   13.15000       10.55000    
         175.00   14.62500       11.32500    
         180.00   16.10000       12.10000    
         185.00   18.00000       14.95000    
         190.00   19.90000       17.80000    
         195.00   21.80000       20.65000    
         200.00   23.70000       23.50000    

