7	80.0	0.71851516
7	81.0	0.69226083
7	82.0	0.66714706
7	83.0	0.6431105
7	84.0	0.62009507
7	85.0	0.59806434
7	86.0	0.5769617
7	87.0	0.55674633
7	88.0	0.5373961
7	89.0	0.51877868
7	90.0	0.50099335
7	91.0	0.48392184
7	92.0	0.46754447
7	93.0	0.45182988
7	94.0	0.43674914
7	95.0	0.42226996
7	96.0	0.4083554
7	97.0	0.39498991
7	98.0	0.38215395
7	99.0	0.36981481
7	100.0	0.35795255
7	101.0	0.34654556
7	102.0	0.33557331
7	103.0	0.32501386
7	104.0	0.31485097
7	105.0	0.30506747
7	106.0	0.29564715
7	107.0	0.28657346
7	108.0	0.27783107
7	109.0	0.26940647
7	110.0	0.26128706
7	111.0	0.2534596
7	112.0	0.24591215
7	113.0	0.23863343
7	114.0	0.23161238
7	115.0	0.22483742
7	116.0	0.21829957
7	117.0	0.21198928
7	118.0	0.20589578
7	119.0	0.20000966
7	120.0	0.19432578
7	121.0	0.18883568
7	122.0	0.18353133
7	123.0	0.17840556
7	124.0	0.17345199
7	125.0	0.1686649
7	126.0	0.16403765
7	127.0	0.15956488
7	128.0	0.15523468
7	129.0	0.15100615
7	130.0	0.1468668
7	131.0	0.14291654
7	132.0	0.1391193
7	133.0	0.13544327
7	134.0	0.13188101
7	135.0	0.12842845
7	136.0	0.12508203
7	137.0	0.12183835
7	138.0	0.118694
7	139.0	0.11564565
7	140.0	0.11269012
7	141.0	0.10982423
7	142.0	0.10704441
7	143.0	0.10434798
7	144.0	0.1017321
7	145.0	0.09919391
7	146.0	0.096730941
7	147.0	0.094340483
7	148.0	0.092020199
7	149.0	0.089767557
7	150.0	0.087580469
7	151.0	0.085456599
7	152.0	0.083393844
7	153.0	0.081390139
7	154.0	0.079443567
7	155.0	0.077552123
7	156.0	0.075714077
7	157.0	0.073927637
7	158.0	0.072191099
7	159.0	0.070502853
7	160.0	0.068861298
7	161.0	0.067265052
7	162.0	0.065712592
7	163.0	0.064202702
7	164.0	0.062733898
7	165.0	0.061304918
7	166.0	0.059914524
7	167.0	0.058561475
7	168.0	0.057244608
7	169.0	0.055962758
7	170.0	0.054714873
7	171.0	0.05349983
7	172.0	0.052316605
7	173.0	0.051164237
7	174.0	0.050041782
7	175.0	0.048948364
7	176.0	0.047883117
7	177.0	0.046845255
7	178.0	0.045833925
7	179.0	0.044848345
7	180.0	0.043887757
7	181.0	0.042951363
7	182.0	0.042038531
7	183.0	0.041148553
7	184.0	0.040280761
7	185.0	0.039434483
7	186.0	0.038609081
7	187.0	0.037803961
7	188.0	0.0370186
7	189.0	0.036252427
7	190.0	0.035504892
7	191.0	0.034775514
7	192.0	0.034063787
7	193.0	0.033369202
7	194.0	0.032691253
7	195.0	0.032029475
7	196.0	0.031383425
7	197.0	0.030752701
7	198.0	0.030136994
7	199.0	0.029535764
7	200.0	0.0289486
7	201.0	0.02837515
7	202.0	0.027815041
7	203.0	0.0272679
7	204.0	0.026733382
7	205.0	0.026211176
7	206.0	0.025700966
7	207.0	0.02520242
7	208.0	0.024715189
7	209.0	0.024239011
7	210.0	0.023773597
7	211.0	0.023318674
7	212.0	0.022874005
7	213.0	0.022439276
7	214.0	0.022014226
7	215.0	0.021598604
7	216.0	0.021192194
7	217.0	0.020794767
7	218.0	0.020406039
7	219.0	0.020025791
7	220.0	0.019653836
7	221.0	0.019289972
7	222.0	0.018933992
7	223.0	0.018585707
7	224.0	0.018244931
7	225.0	0.017911501
7	226.0	0.017585226
7	227.0	0.017265908
7	228.0	0.016953345
7	229.0	0.016647386
7	230.0	0.016347865
7	231.0	0.016054641
7	232.0	0.015767559
7	233.0	0.015486463
7	234.0	0.015211209
7	235.0	0.014941639
7	236.0	0.014677627
7	237.0	0.014419085
7	238.0	0.014165848
7	239.0	0.013917784
7	240.0	0.013674808
7	241.0	0.01343679
7	242.0	0.013203609
7	243.0	0.01297513
7	244.0	0.012751249
7	245.0	0.012531871
7	246.0	0.012316875
7	247.0	0.01210617
7	248.0	0.011899677
7	249.0	0.011697263
7	250.0	0.01149887
7	251.0	0.011304395
7	252.0	0.011113745
7	253.0	0.010926844
7	254.0	0.010743601
7	255.0	0.01056393
7	256.0	0.010387751
7	257.0	0.010214984
7	258.0	0.010045558
7	259.0	0.0098794048
7	260.0	0.0097164496
7	261.0	0.0095566169
7	262.0	0.009399834
7	263.0	0.0092460318
7	264.0	0.0090951523
7	265.0	0.0089471469
7	266.0	0.0088019255
7	267.0	0.0086594173
7	268.0	0.0085195834
7	269.0	0.0083823938
7	270.0	0.0082477699
7	271.0	0.0081156549
7	272.0	0.0079859984
7	273.0	0.0078587513
7	274.0	0.0077338432
7	275.0	0.0076112326
7	276.0	0.007490874
7	277.0	0.0073727192
7	278.0	0.0072567255
7	279.0	0.0071428397
7	280.0	0.0070310179
7	281.0	0.0069212384
7	282.0	0.0068134486
7	283.0	0.0067076033
7	284.0	0.0066036604
7	285.0	0.0065015842
7	286.0	0.006401337
7	287.0	0.0063028676
7	288.0	0.0062061483
7	289.0	0.0061111461
7	290.0	0.0060178285
7	291.0	0.0059261581
7	292.0	0.0058360973
7	293.0	0.0057476222
7	294.0	0.005660703
7	295.0	0.0055753096
7	296.0	0.0054914073
7	297.0	0.0054089628
7	298.0	0.0053279562
7	299.0	0.0052483452
7	300.0	0.0051701037
7	301.0	0.0050932088
7	302.0	0.0050176352
7	303.0	0.0049433578
7	304.0	0.0048703495
7	305.0	0.0047985889
7	306.0	0.0047280427
7	307.0	0.0046586916
7	308.0	0.0045905119
7	309.0	0.0045234803
7	310.0	0.0044575752
7	311.0	0.004392773
7	312.0	0.0043290506
7	313.0	0.0042663999
7	314.0	0.0042047947
7	315.0	0.0041442395
7	316.0	0.0040846777
7	317.0	0.0040260893
7	318.0	0.0039684677
7	319.0	0.0039117951
7	320.0	0.0038560564
7	321.0	0.0038012271
7	322.0	0.003747296
7	323.0	0.0036942425
7	324.0	0.0036420464
7	325.0	0.0035906984
7	326.0	0.0035401814
7	327.0	0.0034904852
7	328.0	0.0034415987
7	329.0	0.003393497
7	330.0	0.003346167
7	331.0	0.0032995965
7	332.0	0.00325377
7	333.0	0.003208672
7	334.0	0.0031642918
7	335.0	0.0031206182
7	336.0	0.0030776376
7	337.0	0.0030353351
7	338.0	0.0029937003
7	339.0	0.0029527233
7	340.0	0.0029123894
7	341.0	0.0028726857
7	342.0	0.002833602
7	343.0	0.0027951285
7	344.0	0.0027572584
7	345.0	0.0027199786
7	346.0	0.0026832763
7	347.0	0.0026471405
7	348.0	0.002611561
7	349.0	0.0025765304
7	350.0	0.0025420414
7	351.0	0.0025080808
7	352.0	0.0024746386
7	353.0	0.002441708
7	354.0	0.0024092799
7	355.0	0.0023773451
7	356.0	0.002345894
7	357.0	0.0023149207
7	358.0	0.0022844162
7	359.0	0.0022543713
7	360.0	0.0022247777
7	361.0	0.0021956266
7	362.0	0.0021669129
7	363.0	0.0021386294
7	364.0	0.0021107686
7	365.0	0.0020833227
7	366.0	0.0020562844
7	367.0	0.0020296473
7	368.0	0.0020034049
7	369.0	0.0019775505
7	370.0	0.0019520774
7	371.0	0.0019269796
7	372.0	0.0019022523
7	373.0	0.0018778883
7	374.0	0.0018538812
7	375.0	0.0018302259
7	376.0	0.0018069141
7	377.0	0.0017839394
7	378.0	0.0017612982
7	379.0	0.0017389845
7	380.0	0.0017169932
7	381.0	0.0016953195
7	382.0	0.0016739586
7	383.0	0.0016529046
7	384.0	0.0016321531
7	385.0	0.0016116994
7	386.0	0.0015915386
7	387.0	0.0015716647
7	388.0	0.0015520737
7	389.0	0.0015327599
7	390.0	0.0015137194
7	391.0	0.0014949481
7	392.0	0.0014764432
7	393.0	0.0014582005
7	394.0	0.0014402145
7	395.0	0.0014224812
7	396.0	0.0014049974
7	397.0	0.0013877585
7	398.0	0.0013707604
7	399.0	0.0013540001
7	400.0	0.001337473
7	401.0	0.001321175
7	402.0	0.0013051037
7	403.0	0.001289255
7	404.0	0.0012736252
7	405.0	0.0012582113
7	406.0	0.0012430098
7	407.0	0.0012280175
7	408.0	0.0012132305
7	409.0	0.0011986465
7	410.0	0.0011842619
7	411.0	0.0011700732
7	412.0	0.0011560779
7	413.0	0.0011422726
7	414.0	0.0011286545
7	415.0	0.0011152208
7	416.0	0.0011019683
7	417.0	0.0010888941
7	418.0	0.0010759961
7	419.0	0.0010632716
7	420.0	0.0010507178
7	421.0	0.0010383326
7	422.0	0.0010261137
7	423.0	0.0010140582
7	424.0	0.0010021634
7	425.0	0.00099042608
7	426.0	0.00097884484
7	427.0	0.00096741738
7	428.0	0.00095614147
7	429.0	0.00094501474
7	430.0	0.00093403505
7	431.0	0.00092319974
7	432.0	0.00091250657
7	433.0	0.00090195354
7	434.0	0.00089153886
7	435.0	0.00088126047
7	436.0	0.0008711163
7	437.0	0.00086110444
7	438.0	0.00085122321
7	439.0	0.00084147042
7	440.0	0.00083184419
7	441.0	0.0008223426
7	442.0	0.00081296397
7	443.0	0.00080370632
7	444.0	0.00079456787
7	445.0	0.00078554706
7	446.0	0.00077664221
7	447.0	0.00076785173
7	448.0	0.00075917371
7	449.0	0.00075060651
7	450.0	0.00074214853
7	451.0	0.00073379844
7	452.0	0.00072555463
7	453.0	0.00071741572
7	454.0	0.00070937979
7	455.0	0.00070144545
7	456.0	0.00069361161
7	457.0	0.00068587688
7	458.0	0.00067823952
7	459.0	0.00067069821
7	460.0	0.00066325162
7	461.0	0.00065589832
7	462.0	0.00064863709
7	463.0	0.00064146653
7	464.0	0.00063438553
7	465.0	0.00062739282
7	466.0	0.00062048704
7	467.0	0.00061366706
7	468.0	0.00060693178
7	469.0	0.00060028009
7	470.0	0.00059371077
7	471.0	0.00058722274
7	472.0	0.00058081487
7	473.0	0.00057448589
7	474.0	0.00056823471
7	475.0	0.0005620603
7	476.0	0.00055596151
7	477.0	0.0005499373
7	478.0	0.00054398664
7	479.0	0.0005381085
7	480.0	0.00053230193
7	481.0	0.00052656608
7	482.0	0.00052089991
7	483.0	0.00051530252
7	484.0	0.000509773
7	485.0	0.0005043103
7	486.0	0.00049891354
7	487.0	0.00049358182
7	488.0	0.00048831439
7	489.0	0.00048311022
7	490.0	0.0004779685
7	491.0	0.00047288842
7	492.0	0.00046786906
7	493.0	0.00046290963
7	494.0	0.00045800939
7	495.0	0.00045316752
7	496.0	0.00044838328
7	497.0	0.00044365586
7	498.0	0.00043898457
7	499.0	0.00043436865
7	500.0	0.00042980733
7	501.0	0.00042529989
7	502.0	0.00042084563
7	503.0	0.00041644385
7	504.0	0.00041209384
7	505.0	0.0004077949
7	506.0	0.00040354636
7	507.0	0.00039934773
7	508.0	0.00039519825
7	509.0	0.00039109727
7	510.0	0.00038704412
7	511.0	0.00038303818
7	512.0	0.00037907886
7	513.0	0.00037516555
7	514.0	0.00037129764
7	515.0	0.00036747453
7	516.0	0.00036369563
7	517.0	0.00035996038
7	518.0	0.00035626822
7	519.0	0.0003526186
7	520.0	0.00034901095
7	521.0	0.00034544471
7	522.0	0.0003419194
7	523.0	0.00033843445
7	524.0	0.00033498928
7	525.0	0.00033158348
7	526.0	0.00032821656
7	527.0	0.00032488809
7	528.0	0.00032159751
7	529.0	0.00031834434
7	530.0	0.00031512814
7	531.0	0.00031194839
7	532.0	0.00030880464
7	533.0	0.00030569644
7	534.0	0.0003026233
7	535.0	0.00029958486
7	536.0	0.00029658063
7	537.0	0.0002936102
7	538.0	0.00029067316
7	539.0	0.00028776903
7	540.0	0.00028489736
7	541.0	0.0002820578
7	542.0	0.00027925001
7	543.0	0.00027647351
7	544.0	0.00027372788
7	545.0	0.00027101276
7	546.0	0.00026832778
7	547.0	0.00026567255
7	548.0	0.00026304679
7	549.0	0.00026045008
7	550.0	0.00025788201
7	551.0	0.00025534226
7	552.0	0.00025283044
7	553.0	0.0002503462
7	554.0	0.00024788924
7	555.0	0.0002454592
7	556.0	0.00024305577
7	557.0	0.00024067862
7	558.0	0.00023832744
7	559.0	0.00023600192
7	560.0	0.00023370179
7	561.0	0.00023142668
7	562.0	0.0002291763
7	563.0	0.00022695037
7	564.0	0.00022474854
7	565.0	0.00022257056
7	566.0	0.00022041615
7	567.0	0.00021828502
7	568.0	0.00021617687
7	569.0	0.00021409136
7	570.0	0.00021202831
7	571.0	0.0002099875
7	572.0	0.00020796865
7	573.0	0.00020597145
7	574.0	0.00020399564
7	575.0	0.00020204101
7	576.0	0.00020010727
7	577.0	0.00019819416
7	578.0	0.00019630145
7	579.0	0.00019442888
7	580.0	0.00019257631
7	581.0	0.00019074338
7	582.0	0.00018892991
7	583.0	0.00018713569
7	584.0	0.00018536047
7	585.0	0.00018360404
7	586.0	0.00018186617
7	587.0	0.00018014664
7	588.0	0.00017844523
7	589.0	0.00017676173
7	590.0	0.00017509597
7	591.0	0.00017344771
7	592.0	0.00017181675
7	593.0	0.00017020282
7	594.0	0.00016860577
7	595.0	0.0001670254
7	596.0	0.00016546152
7	597.0	0.00016391396
7	598.0	0.00016238253
7	599.0	0.00016086702
7	600.0	0.00015936723
7	601.0	0.000157883
7	602.0	0.00015641417
7	603.0	0.00015496055
7	604.0	0.00015352196
7	605.0	0.00015209823
7	606.0	0.00015068919
7	607.0	0.0001492947
7	608.0	0.00014791455
7	609.0	0.0001465486
7	610.0	0.00014519668
7	611.0	0.00014385863
7	612.0	0.00014253433
7	613.0	0.0001412236
7	614.0	0.00013992625
7	615.0	0.00013864219
7	616.0	0.00013737119
7	617.0	0.00013611315
7	618.0	0.00013486787
7	619.0	0.00013363521
7	620.0	0.00013241509
7	621.0	0.00013120738
7	622.0	0.00013001193
7	623.0	0.00012882862
7	624.0	0.00012765735
7	625.0	0.00012649792
7	626.0	0.00012535018
7	627.0	0.000124214
7	628.0	0.00012308924
7	629.0	0.00012197578
7	630.0	0.00012087348
7	631.0	0.00011978225
7	632.0	0.00011870197
7	633.0	0.00011763251
7	634.0	0.00011657375
7	635.0	0.00011552557
7	636.0	0.00011448782
7	637.0	0.00011346042
7	638.0	0.00011244325
7	639.0	0.00011143619
7	640.0	0.00011043913
7	641.0	0.00010945197
7	642.0	0.00010847459
7	643.0	0.0001075069
7	644.0	0.00010654878
7	645.0	0.00010560013
7	646.0	0.00010466086
7	647.0	0.00010373084
7	648.0	0.00010280998
7	649.0	0.00010189818
7	650.0	0.00010099534
7	651.0	0.00010010137
7	652.0	9.9216175e-05
7	653.0	9.8339648e-05
7	654.0	9.7471692e-05
7	655.0	9.6612219e-05
7	656.0	9.5761143e-05
7	657.0	9.491838e-05
7	658.0	9.4083827e-05
7	659.0	9.3257406e-05
7	660.0	9.2439039e-05
7	661.0	9.162862e-05
7	662.0	9.0826071e-05
7	663.0	9.0031311e-05
7	664.0	8.9244259e-05
7	665.0	8.8464845e-05
7	666.0	8.769297e-05
7	667.0	8.6928554e-05
7	668.0	8.6171492e-05
7	669.0	8.5421723e-05
7	670.0	8.4679177e-05
7	671.0	8.3943774e-05
7	672.0	8.3215462e-05
7	673.0	8.2494159e-05
7	674.0	8.1779774e-05
7	675.0	8.1072228e-05
7	676.0	8.0371448e-05
7	677.0	7.9677365e-05
7	678.0	7.8989911e-05
7	679.0	7.8309025e-05
7	680.0	7.7634626e-05
7	681.0	7.6966645e-05
7	682.0	7.630502e-05
7	683.0	7.5649682e-05
7	684.0	7.5000567e-05
7	685.0	7.4357608e-05
7	686.0	7.3720741e-05
7	687.0	7.3089902e-05
7	688.0	7.2465028e-05
7	689.0	7.1846058e-05
7	690.0	7.1232933e-05
7	691.0	7.062559e-05
7	692.0	7.0023969e-05
7	693.0	6.942801e-05
7	694.0	6.8837654e-05
7	695.0	6.8252844e-05
7	696.0	6.7673519e-05
7	697.0	6.7099626e-05
7	698.0	6.6531109e-05
7	699.0	6.5967912e-05
7	700.0	6.5409982e-05
7	701.0	6.4857262e-05
7	702.0	6.4309702e-05
7	703.0	6.3767253e-05
7	704.0	6.322986e-05
7	705.0	6.2697461e-05
7	706.0	6.217001e-05
7	707.0	6.1647457e-05
7	708.0	6.1129753e-05
7	709.0	6.0616847e-05
7	710.0	6.0108699e-05
7	711.0	5.9605247e-05
7	712.0	5.9106448e-05
7	713.0	5.8612249e-05
7	714.0	5.8122612e-05
7	715.0	5.7637492e-05
7	716.0	5.715684e-05
7	717.0	5.6680583e-05
7	718.0	5.6208696e-05
7	719.0	5.5741131e-05
7	720.0	5.5277845e-05
7	721.0	5.481882e-05
7	722.0	5.4364011e-05
7	723.0	5.3913355e-05
7	724.0	5.3466808e-05
7	725.0	5.3024333e-05
7	726.0	5.2585888e-05
7	727.0	5.2151434e-05
7	728.0	5.1720929e-05
7	729.0	5.1294336e-05
7	730.0	5.0871617e-05
7	731.0	5.0452733e-05
7	732.0	5.0037645e-05
7	733.0	4.9626316e-05
7	734.0	4.9218709e-05
7	735.0	4.8814786e-05
7	736.0	4.841451e-05
7	737.0	4.8017847e-05
7	738.0	4.7624761e-05
7	739.0	4.7235223e-05
7	740.0	4.6849195e-05
7	741.0	4.6466636e-05
7	742.0	4.6087513e-05
7	743.0	4.5711791e-05
7	744.0	4.5339439e-05
7	745.0	4.4970425e-05
7	746.0	4.4604711e-05
7	747.0	4.424226e-05
7	748.0	4.3883048e-05
7	749.0	4.3527045e-05
7	750.0	4.3174219e-05
7	751.0	4.2824535e-05
7	752.0	4.2477956e-05
7	753.0	4.2134456e-05
7	754.0	4.1794005e-05
7	755.0	4.1456574e-05
7	756.0	4.1122135e-05
7	757.0	4.0790659e-05
7	758.0	4.0462118e-05
7	759.0	4.0136479e-05
7	760.0	3.9813713e-05
7	761.0	3.9493796e-05
7	762.0	3.9176703e-05
7	763.0	3.8862406e-05
7	764.0	3.855088e-05
7	765.0	3.8242095e-05
7	766.0	3.7936025e-05
7	767.0	3.7632634e-05
7	768.0	3.7331911e-05
7	769.0	3.7033823e-05
7	770.0	3.673834e-05
7	771.0	3.6445443e-05
7	772.0	3.6155108e-05
7	773.0	3.586731e-05
7	774.0	3.5582022e-05
7	775.0	3.5299225e-05
7	776.0	3.5018899e-05
7	777.0	3.4741013e-05
7	778.0	3.4465588e-05
7	779.0	3.4192547e-05
7	780.0	3.3921874e-05
7	781.0	3.3653548e-05
7	782.0	3.3387535e-05
7	783.0	3.3123823e-05
7	784.0	3.2862386e-05
7	785.0	3.2603199e-05
7	786.0	3.2346254e-05
7	787.0	3.2091525e-05
7	788.0	3.1838983e-05
7	789.0	3.1588618e-05
7	790.0	3.1340413e-05
7	791.0	3.109436e-05
7	792.0	3.0850427e-05
7	793.0	3.0608594e-05
7	794.0	3.0368839e-05
7	795.0	3.0131141e-05
7	796.0	2.9895481e-05
7	797.0	2.9661837e-05
7	798.0	2.9430191e-05
7	799.0	2.9200522e-05
7	800.0	2.8972813e-05
7	801.0	2.8747046e-05
7	802.0	2.8523207e-05
7	803.0	2.8301281e-05
7	804.0	2.8081244e-05
7	805.0	2.7863082e-05
7	806.0	2.7646775e-05
7	807.0	2.7432307e-05
7	808.0	2.7219664e-05
7	809.0	2.7008827e-05
7	810.0	2.6799785e-05
7	811.0	2.6592513e-05
7	812.0	2.6386994e-05
7	813.0	2.6183212e-05
7	814.0	2.5981154e-05
7	815.0	2.5780801e-05
7	816.0	2.5582138e-05
7	817.0	2.5385146e-05
7	818.0	2.5189814e-05
7	819.0	2.4996117e-05
7	820.0	2.4804028e-05
7	821.0	2.4613551e-05
7	822.0	2.4424676e-05
7	823.0	2.4237386e-05
7	824.0	2.4051671e-05
7	825.0	2.3867513e-05
7	826.0	2.3684897e-05
7	827.0	2.3503813e-05
7	828.0	2.3324248e-05
7	829.0	2.3146183e-05
7	830.0	2.2969603e-05
7	831.0	2.2794494e-05
7	832.0	2.2620843e-05
7	833.0	2.2448637e-05
7	834.0	2.2277863e-05
7	835.0	2.2108508e-05
7	836.0	2.1940561e-05
7	837.0	2.1774009e-05
7	838.0	2.1608839e-05
7	839.0	2.1445035e-05
7	840.0	2.1282585e-05
7	841.0	2.1121477e-05
7	842.0	2.09617e-05
7	843.0	2.0803243e-05
7	844.0	2.0646093e-05
7	845.0	2.0490237e-05
7	846.0	2.0335662e-05
7	847.0	2.018236e-05
7	848.0	2.0030319e-05
7	849.0	1.9879529e-05
7	850.0	1.9729978e-05
7	851.0	1.9581655e-05
7	852.0	1.9434548e-05
7	853.0	1.9288642e-05
7	854.0	1.914393e-05
7	855.0	1.9000401e-05
7	856.0	1.8858043e-05
7	857.0	1.8716849e-05
7	858.0	1.8576807e-05
7	859.0	1.8437911e-05
7	860.0	1.8300148e-05
7	861.0	1.8163507e-05
7	862.0	1.8027978e-05
7	863.0	1.7893552e-05
7	864.0	1.7760218e-05
7	865.0	1.7627965e-05
7	866.0	1.7496783e-05
7	867.0	1.7366664e-05
7	868.0	1.72376e-05
7	869.0	1.710958e-05
7	870.0	1.6982596e-05
7	871.0	1.6856637e-05
7	872.0	1.6731695e-05
7	873.0	1.660776e-05
7	874.0	1.6484826e-05
7	875.0	1.6362882e-05
7	876.0	1.6241926e-05
7	877.0	1.6121943e-05
7	878.0	1.6002926e-05
7	879.0	1.5884865e-05
7	880.0	1.5767753e-05
7	881.0	1.5651581e-05
7	882.0	1.5536341e-05
7	883.0	1.5422024e-05
7	884.0	1.5308624e-05
7	885.0	1.5196131e-05
7	886.0	1.5084537e-05
7	887.0	1.4973835e-05
7	888.0	1.4864017e-05
7	889.0	1.4755075e-05
7	890.0	1.4647001e-05
7	891.0	1.4539786e-05
7	892.0	1.4433425e-05
7	893.0	1.4327909e-05
7	894.0	1.4223232e-05
7	895.0	1.4119387e-05
7	896.0	1.4016365e-05
7	897.0	1.391416e-05
7	898.0	1.3812766e-05
7	899.0	1.3712176e-05
7	900.0	1.3612383e-05
7	901.0	1.3513379e-05
7	902.0	1.3415158e-05
7	903.0	1.3317711e-05
7	904.0	1.3221034e-05
7	905.0	1.3125119e-05
7	906.0	1.3029959e-05
7	907.0	1.2935549e-05
7	908.0	1.2841881e-05
7	909.0	1.2748952e-05
7	910.0	1.2656753e-05
7	911.0	1.2565278e-05
7	912.0	1.247452e-05
7	913.0	1.2384474e-05
7	914.0	1.2295134e-05
7	915.0	1.2206492e-05
7	916.0	1.2118542e-05
7	917.0	1.2031281e-05
7	918.0	1.1944702e-05
7	919.0	1.1858797e-05
7	920.0	1.1773564e-05
7	921.0	1.1688996e-05
7	922.0	1.1605087e-05
7	923.0	1.1521833e-05
7	924.0	1.1439227e-05
7	925.0	1.1357264e-05
7	926.0	1.1275938e-05
7	927.0	1.1195244e-05
7	928.0	1.1115174e-05
7	929.0	1.1035726e-05
7	930.0	1.0956895e-05
7	931.0	1.0878674e-05
7	932.0	1.0801057e-05
7	933.0	1.0724039e-05
7	934.0	1.0647617e-05
7	935.0	1.0571786e-05
7	936.0	1.0496541e-05
7	937.0	1.0421877e-05
7	938.0	1.0347787e-05
7	939.0	1.0274267e-05
7	940.0	1.0201312e-05
7	941.0	1.0128919e-05
7	942.0	1.0057083e-05
7	943.0	9.9857992e-06
7	944.0	9.9150635e-06
7	945.0	9.8448697e-06
7	946.0	9.7752148e-06
7	947.0	9.7060942e-06
7	948.0	9.6375031e-06
7	949.0	9.5694377e-06
7	950.0	9.5018934e-06
7	951.0	9.4348665e-06
7	952.0	9.3683521e-06
7	953.0	9.3023467e-06
7	954.0	9.2368457e-06
7	955.0	9.1718445e-06
7	956.0	9.1073392e-06
7	957.0	9.0433259e-06
7	958.0	8.9798005e-06
7	959.0	8.9167583e-06
7	960.0	8.854195e-06
7	961.0	8.7921066e-06
7	962.0	8.7304892e-06
7	963.0	8.6693388e-06
7	964.0	8.6086513e-06
7	965.0	8.5484227e-06
7	966.0	8.4886495e-06
7	967.0	8.4293283e-06
7	968.0	8.3704535e-06
7	969.0	8.312022e-06
7	970.0	8.2540318e-06
7	971.0	8.1964792e-06
7	972.0	8.1393602e-06
7	973.0	8.0826717e-06
7	974.0	8.0264102e-06
7	975.0	7.9705721e-06
7	976.0	7.9151545e-06
7	977.0	7.860154e-06
7	978.0	7.8055665e-06
7	979.0	7.7513888e-06
7	980.0	7.6976172e-06
7	981.0	7.6442476e-06
7	982.0	7.591278e-06
7	983.0	7.5387052e-06
7	984.0	7.4865262e-06
7	985.0	7.4347374e-06
7	986.0	7.3833356e-06
7	987.0	7.3323176e-06
7	988.0	7.2816803e-06
7	989.0	7.2314208e-06
7	990.0	7.1815358e-06
7	991.0	7.1320221e-06
7	992.0	7.082877e-06
7	993.0	7.0340973e-06
7	994.0	6.9856803e-06
7	995.0	6.9376229e-06
7	996.0	6.8899221e-06
7	997.0	6.8425751e-06
7	998.0	6.7955795e-06
7	999.0	6.7489321e-06
7	1000.0	6.7026302e-06
10	80.0	1.3050496
10	81.0	1.2598737
10	82.0	1.2165838
10	83.0	1.17507
10	84.0	1.1352501
10	85.0	1.09705
10	86.0	1.0603989
10	87.0	1.0252177
10	88.0	0.99144143
10	89.0	0.95901128
10	90.0	0.9278613
10	91.0	0.89793359
10	92.0	0.86917476
10	93.0	0.84152814
10	94.0	0.8149481
10	95.0	0.7893782
10	96.0	0.76477778
10	97.0	0.74110482
10	98.0	0.71831589
10	99.0	0.69637458
10	100.0	0.67525084
10	101.0	0.65490293
10	102.0	0.6352945
10	103.0	0.61638965
10	104.0	0.59816089
10	105.0	0.58058159
10	106.0	0.56363277
10	107.0	0.54727731
10	108.0	0.53149371
10	109.0	0.51626144
10	110.0	0.50155529
10	111.0	0.48735933
10	112.0	0.47364737
10	113.0	0.46040566
10	114.0	0.44760381
10	115.0	0.4352398
10	116.0	0.42327937
10	117.0	0.41172009
10	118.0	0.40054727
10	119.0	0.38975823
10	120.0	0.37924613
10	121.0	0.36913469
10	122.0	0.35934489
10	123.0	0.34986944
10	124.0	0.3406971
10	125.0	0.33181566
10	126.0	0.32321282
10	127.0	0.31487933
10	128.0	0.30680733
10	129.0	0.29898929
10	130.0	0.29138192
10	131.0	0.28403745
10	132.0	0.27690992
10	133.0	0.26999813
10	134.0	0.26329417
10	135.0	0.25679007
10	136.0	0.25047944
10	137.0	0.24435549
10	138.0	0.23841168
10	139.0	0.23264215
10	140.0	0.22704085
10	141.0	0.22160158
10	142.0	0.21631908
10	143.0	0.21118917
10	144.0	0.20620587
10	145.0	0.20136405
10	146.0	0.196659
10	147.0	0.19208615
10	148.0	0.18764146
10	149.0	0.18332036
10	150.0	0.17911917
10	151.0	0.17503404
10	152.0	0.17106102
10	153.0	0.16719667
10	154.0	0.16343737
10	155.0	0.15977973
10	156.0	0.1562206
10	157.0	0.15275679
10	158.0	0.14938542
10	159.0	0.14610362
10	160.0	0.14290867
10	161.0	0.13979787
10	162.0	0.13676865
10	163.0	0.13381869
10	164.0	0.13094547
10	165.0	0.12814697
10	166.0	0.12541982
10	167.0	0.12276209
10	168.0	0.12017255
10	169.0	0.11764949
10	170.0	0.11519041
10	171.0	0.11279279
10	172.0	0.11045581
10	173.0	0.10817772
10	174.0	0.10595618
10	175.0	0.10378744
10	176.0	0.10166394
10	177.0	0.099575764
10	178.0	0.097531233
10	179.0	0.095550776
10	180.0	0.093631051
10	181.0	0.091761696
10	182.0	0.0899377
10	183.0	0.088156778
10	184.0	0.086417555
10	185.0	0.084718968
10	186.0	0.083059968
10	187.0	0.081439607
10	188.0	0.079856944
10	189.0	0.078310915
10	190.0	0.076800532
10	191.0	0.075324836
10	192.0	0.073882925
10	193.0	0.072473888
10	194.0	0.071096878
10	195.0	0.069751059
10	196.0	0.06843562
10	197.0	0.06714972
10	198.0	0.065892648
10	199.0	0.064663667
10	200.0	0.063462007
10	201.0	0.06228705
10	202.0	0.061137969
10	203.0	0.060014321
10	204.0	0.058915277
10	205.0	0.057840005
10	206.0	0.056788139
10	207.0	0.055759104
10	208.0	0.054752325
10	209.0	0.053767216
10	210.0	0.052803228
10	211.0	0.051859835
10	212.0	0.05093653
10	213.0	0.050032818
10	214.0	0.049148199
10	215.0	0.048282232
10	216.0	0.04743446
10	217.0	0.046604394
10	218.0	0.045791597
10	219.0	0.04499568
10	220.0	0.044216295
10	221.0	0.043453027
10	222.0	0.04270545
10	223.0	0.041973183
10	224.0	0.04125585
10	225.0	0.040553083
10	226.0	0.03986455
10	227.0	0.039189902
10	228.0	0.038528809
10	229.0	0.037880934
10	230.0	0.037245995
10	231.0	0.036623695
10	232.0	0.036013749
10	233.0	0.035415855
10	234.0	0.034829747
10	235.0	0.034255146
10	236.0	0.033691785
10	237.0	0.033139398
10	238.0	0.032597712
10	239.0	0.032066518
10	240.0	0.031545579
10	241.0	0.031034664
10	242.0	0.030533552
10	243.0	0.030042037
10	244.0	0.029559896
10	245.0	0.029086915
10	246.0	0.028622909
10	247.0	0.028167662
10	248.0	0.027720981
10	249.0	0.02728269
10	250.0	0.026852586
10	251.0	0.026430512
10	252.0	0.026016296
10	253.0	0.025609752
10	254.0	0.025210701
10	255.0	0.024818984
10	256.0	0.024434464
10	257.0	0.024056997
10	258.0	0.023686442
10	259.0	0.023322638
10	260.0	0.022965448
10	261.0	0.022614729
10	262.0	0.022270342
10	263.0	0.021932146
10	264.0	0.021600009
10	265.0	0.021273789
10	266.0	0.02095338
10	267.0	0.020638685
10	268.0	0.020329564
10	269.0	0.0200259
10	270.0	0.019727588
10	271.0	0.019434506
10	272.0	0.019146548
10	273.0	0.018863636
10	274.0	0.018585689
10	275.0	0.018312572
10	276.0	0.018044182
10	277.0	0.01778042
10	278.0	0.017521195
10	279.0	0.017266424
10	280.0	0.01701602
10	281.0	0.016769896
10	282.0	0.016527959
10	283.0	0.016290138
10	284.0	0.016056358
10	285.0	0.015826536
10	286.0	0.015600593
10	287.0	0.015378435
10	288.0	0.01516
10	289.0	0.01494522
10	290.0	0.014734021
10	291.0	0.014526336
10	292.0	0.01432211
10	293.0	0.014121274
10	294.0	0.01392376
10	295.0	0.013729491
10	296.0	0.013538405
10	297.0	0.013350437
10	298.0	0.013165528
10	299.0	0.012983664
10	300.0	0.012804742
10	301.0	0.012628704
10	302.0	0.012455492
10	303.0	0.012285066
10	304.0	0.012117381
10	305.0	0.011952382
10	306.0	0.011790019
10	307.0	0.011630237
10	308.0	0.011472991
10	309.0	0.011318234
10	310.0	0.011165928
10	311.0	0.011016031
10	312.0	0.0108685
10	313.0	0.010723292
10	314.0	0.010580362
10	315.0	0.010439666
10	316.0	0.010301158
10	317.0	0.010164798
10	318.0	0.010030551
10	319.0	0.0098983803
10	320.0	0.0097682457
10	321.0	0.0096401135
10	322.0	0.0095139498
10	323.0	0.0093897207
10	324.0	0.0092673914
10	325.0	0.0091469274
10	326.0	0.0090282986
10	327.0	0.00891147
10	328.0	0.008796412
10	329.0	0.0086830898
10	330.0	0.0085714773
10	331.0	0.0084615377
10	332.0	0.0083532421
10	333.0	0.0082465701
10	334.0	0.0081414978
10	335.0	0.0080379893
10	336.0	0.0079360145
10	337.0	0.0078355426
10	338.0	0.0077365711
10	339.0	0.0076390657
10	340.0	0.007542996
10	341.0	0.0074483376
10	342.0	0.007355064
10	343.0	0.0072631541
10	344.0	0.0071725859
10	345.0	0.0070833318
10	346.0	0.0069953729
10	347.0	0.0069086899
10	348.0	0.0068232607
10	349.0	0.0067390646
10	350.0	0.0066560827
10	351.0	0.0065742903
10	352.0	0.0064936713
10	353.0	0.0064142069
10	354.0	0.0063358766
10	355.0	0.0062586612
10	356.0	0.0061825423
10	357.0	0.0061075034
10	358.0	0.0060335273
10	359.0	0.0059605963
10	360.0	0.0058886929
10	361.0	0.0058178008
10	362.0	0.0057479031
10	363.0	0.0056789851
10	364.0	0.0056110275
10	365.0	0.0055440173
10	366.0	0.0054779424
10	367.0	0.0054127836
10	368.0	0.0053485241
10	369.0	0.0052851535
10	370.0	0.0052226582
10	371.0	0.0051610243
10	372.0	0.0051002393
10	373.0	0.005040289
10	374.0	0.0049811616
10	375.0	0.0049228358
10	376.0	0.0048652973
10	377.0	0.0048085427
10	378.0	0.0047525569
10	379.0	0.0046973322
10	380.0	0.0046428565
10	381.0	0.0045891165
10	382.0	0.0045360998
10	383.0	0.0044837962
10	384.0	0.0044321944
10	385.0	0.0043812842
10	386.0	0.0043310496
10	387.0	0.004281475
10	388.0	0.0042325625
10	389.0	0.0041842961
10	390.0	0.0041366772
10	391.0	0.0040896904
10	392.0	0.0040433237
10	393.0	0.0039975658
10	394.0	0.0039524088
10	395.0	0.0039078417
10	396.0	0.003863856
10	397.0	0.0038204471
10	398.0	0.0037776051
10	399.0	0.0037353189
10	400.0	0.0036935831
10	401.0	0.0036523887
10	402.0	0.0036117262
10	403.0	0.0035715887
10	404.0	0.0035319686
10	405.0	0.0034928577
10	406.0	0.0034542454
10	407.0	0.0034161258
10	408.0	0.0033784944
10	409.0	0.003341343
10	410.0	0.0033046649
10	411.0	0.0032684538
10	412.0	0.0032326968
10	413.0	0.0031973945
10	414.0	0.0031625428
10	415.0	0.0031281333
10	416.0	0.0030941558
10	417.0	0.0030606051
10	418.0	0.003027475
10	419.0	0.0029947596
10	420.0	0.0029624526
10	421.0	0.0029305491
10	422.0	0.0028990414
10	423.0	0.0028679238
10	424.0	0.002837192
10	425.0	0.0028068421
10	426.0	0.0027768685
10	427.0	0.0027472648
10	428.0	0.0027180262
10	429.0	0.0026891484
10	430.0	0.0026606266
10	431.0	0.0026324561
10	432.0	0.0026046297
10	433.0	0.0025771423
10	434.0	0.0025499893
10	435.0	0.0025231653
10	436.0	0.0024966658
10	437.0	0.002470487
10	438.0	0.0024446251
10	439.0	0.0024190751
10	440.0	0.0023938321
10	441.0	0.0023688922
10	442.0	0.0023442501
10	443.0	0.0023199053
10	444.0	0.0022958537
10	445.0	0.0022721002
10	446.0	0.0022486319
10	447.0	0.0022254433
10	448.0	0.0022025244
10	449.0	0.0021798746
10	450.0	0.002157493
10	451.0	0.0021353757
10	452.0	0.0021135205
10	453.0	0.0020919217
10	454.0	0.0020705777
10	455.0	0.0020494842
10	456.0	0.0020286369
10	457.0	0.0020080336
10	458.0	0.0019876709
10	459.0	0.0019675457
10	460.0	0.0019476552
10	461.0	0.0019279962
10	462.0	0.0019085678
10	463.0	0.001889366
10	464.0	0.0018703876
10	465.0	0.0018516283
10	466.0	0.001833085
10	467.0	0.0018147555
10	468.0	0.0017966377
10	469.0	0.0017787271
10	470.0	0.0017610217
10	471.0	0.0017435188
10	472.0	0.0017262159
10	473.0	0.0017091109
10	474.0	0.0016922016
10	475.0	0.0016754844
10	476.0	0.0016589572
10	477.0	0.0016426166
10	478.0	0.0016264609
10	479.0	0.0016104878
10	480.0	0.0015946962
10	481.0	0.0015790822
10	482.0	0.0015636432
10	483.0	0.001548377
10	484.0	0.0015332837
10	485.0	0.0015183595
10	486.0	0.0015036026
10	487.0	0.0014890107
10	488.0	0.0014745817
10	489.0	0.0014603128
10	490.0	0.0014462022
10	491.0	0.0014322481
10	492.0	0.0014184492
10	493.0	0.0014048024
10	494.0	0.0013913068
10	495.0	0.0013779609
10	496.0	0.001364761
10	497.0	0.0013517056
10	498.0	0.0013387935
10	499.0	0.0013260233
10	500.0	0.0013133933
10	501.0	0.0013009009
10	502.0	0.0012885444
10	503.0	0.0012763225
10	504.0	0.0012642337
10	505.0	0.0012522758
10	506.0	0.0012404478
10	507.0	0.0012287479
10	508.0	0.0012171744
10	509.0	0.0012057252
10	510.0	0.0011943995
10	511.0	0.0011831961
10	512.0	0.0011721129
10	513.0	0.001161149
10	514.0	0.0011503026
10	515.0	0.0011395723
10	516.0	0.0011289568
10	517.0	0.0011184544
10	518.0	0.001108064
10	519.0	0.0010977841
10	520.0	0.0010876134
10	521.0	0.0010775509
10	522.0	0.0010675951
10	523.0	0.0010577445
10	524.0	0.0010479979
10	525.0	0.0010383545
10	526.0	0.0010288128
10	527.0	0.0010193718
10	528.0	0.0010100297
10	529.0	0.0010007858
10	530.0	0.0009916385
10	531.0	0.00098258679
10	532.0	0.00097362917
10	533.0	0.000964765
10	534.0	0.00095599287
10	535.0	0.00094731161
10	536.0	0.00093872018
10	537.0	0.00093021755
10	538.0	0.00092180294
10	539.0	0.00091347534
10	540.0	0.00090523361
10	541.0	0.00089707688
10	542.0	0.00088900414
10	543.0	0.00088101442
10	544.0	0.00087310676
10	545.0	0.00086528012
10	546.0	0.00085753352
10	547.0	0.00084986578
10	548.0	0.00084227637
10	549.0	0.00083476427
10	550.0	0.00082732819
10	551.0	0.00081996729
10	552.0	0.00081268078
10	553.0	0.00080546826
10	554.0	0.00079832914
10	555.0	0.00079126226
10	556.0	0.00078426696
10	557.0	0.00077734202
10	558.0	0.00077048674
10	559.0	0.00076370059
10	560.0	0.00075698268
10	561.0	0.00075033184
10	562.0	0.0007437476
10	563.0	0.00073722938
10	564.0	0.00073077605
10	565.0	0.00072438683
10	566.0	0.00071806137
10	567.0	0.00071179875
10	568.0	0.0007055983
10	569.0	0.0006994595
10	570.0	0.00069338157
10	571.0	0.0006873639
10	572.0	0.00068140581
10	573.0	0.00067550662
10	574.0	0.00066966567
10	575.0	0.00066388226
10	576.0	0.00065815574
10	577.0	0.00065248564
10	578.0	0.00064687114
10	579.0	0.00064131171
10	580.0	0.00063580671
10	581.0	0.0006303555
10	582.0	0.00062495752
10	583.0	0.00061961213
10	584.0	0.00061431873
10	585.0	0.00060907675
10	586.0	0.00060388563
10	587.0	0.00059874472
10	588.0	0.0005936535
10	589.0	0.00058861149
10	590.0	0.00058361803
10	591.0	0.0005786727
10	592.0	0.00057377501
10	593.0	0.00056892447
10	594.0	0.0005641207
10	595.0	0.00055936328
10	596.0	0.00055465145
10	597.0	0.00054998457
10	598.0	0.00054536228
10	599.0	0.00054078413
10	600.0	0.00053624962
10	601.0	0.00053175827
10	602.0	0.00052730951
10	603.0	0.00052290298
10	604.0	0.00051853816
10	605.0	0.00051421475
10	606.0	0.00050993225
10	607.0	0.00050569013
10	608.0	0.00050148797
10	609.0	0.00049732544
10	610.0	0.00049320224
10	611.0	0.00048911786
10	612.0	0.00048507192
10	613.0	0.00048106415
10	614.0	0.00047709399
10	615.0	0.00047316102
10	616.0	0.00046926484
10	617.0	0.00046540501
10	618.0	0.00046158118
10	619.0	0.00045779295
10	620.0	0.00045403997
10	621.0	0.00045032183
10	622.0	0.00044663826
10	623.0	0.00044298887
10	624.0	0.00043937329
10	625.0	0.0004357911
10	626.0	0.00043224202
10	627.0	0.00042872574
10	628.0	0.00042524189
10	629.0	0.00042179012
10	630.0	0.00041837012
10	631.0	0.00041498155
10	632.0	0.00041162414
10	633.0	0.00040829752
10	634.0	0.00040500135
10	635.0	0.00040173531
10	636.0	0.00039849905
10	637.0	0.00039529231
10	638.0	0.00039211481
10	639.0	0.0003889662
10	640.0	0.00038584622
10	641.0	0.00038275455
10	642.0	0.0003796909
10	643.0	0.00037665506
10	644.0	0.00037364669
10	645.0	0.00037066553
10	646.0	0.0003677113
10	647.0	0.00036478368
10	648.0	0.00036188244
10	649.0	0.00035900733
10	650.0	0.00035615806
10	651.0	0.00035333435
10	652.0	0.00035053596
10	653.0	0.00034776262
10	654.0	0.00034501409
10	655.0	0.00034229013
10	656.0	0.00033959038
10	657.0	0.00033691474
10	658.0	0.00033426295
10	659.0	0.00033163473
10	660.0	0.00032902988
10	661.0	0.00032644816
10	662.0	0.00032388934
10	663.0	0.0003213532
10	664.0	0.00031883952
10	665.0	0.00031634805
10	666.0	0.0003138786
10	667.0	0.00031143103
10	668.0	0.00030900508
10	669.0	0.00030660048
10	670.0	0.00030421703
10	671.0	0.0003018545
10	672.0	0.00029951271
10	673.0	0.00029719146
10	674.0	0.00029489046
10	675.0	0.00029260959
10	676.0	0.00029034862
10	677.0	0.00028810737
10	678.0	0.00028588567
10	679.0	0.00028368332
10	680.0	0.00028150013
10	681.0	0.00027933591
10	682.0	0.00027719051
10	683.0	0.00027506374
10	684.0	0.00027295537
10	685.0	0.00027086524
10	686.0	0.00026879325
10	687.0	0.00026673918
10	688.0	0.00026470275
10	689.0	0.00026268381
10	690.0	0.00026068221
10	691.0	0.00025869779
10	692.0	0.00025673043
10	693.0	0.00025477995
10	694.0	0.00025284617
10	695.0	0.00025092895
10	696.0	0.0002490281
10	697.0	0.00024714349
10	698.0	0.00024527495
10	699.0	0.00024342234
10	700.0	0.00024158548
10	701.0	0.00023976425
10	702.0	0.0002379585
10	703.0	0.00023616806
10	704.0	0.0002343928
10	705.0	0.00023263258
10	706.0	0.00023088724
10	707.0	0.00022915669
10	708.0	0.00022744076
10	709.0	0.0002257393
10	710.0	0.00022405219
10	711.0	0.00022237928
10	712.0	0.00022072044
10	713.0	0.00021907552
10	714.0	0.00021744439
10	715.0	0.00021582694
10	716.0	0.00021422304
10	717.0	0.00021263255
10	718.0	0.00021105535
10	719.0	0.00020949132
10	720.0	0.00020794031
10	721.0	0.00020640223
10	722.0	0.00020487693
10	723.0	0.00020336432
10	724.0	0.00020186427
10	725.0	0.00020037665
10	726.0	0.00019890137
10	727.0	0.00019743829
10	728.0	0.00019598731
10	729.0	0.00019454831
10	730.0	0.00019312119
10	731.0	0.00019170584
10	732.0	0.00019030214
10	733.0	0.00018890998
10	734.0	0.00018752925
10	735.0	0.00018615985
10	736.0	0.00018480169
10	737.0	0.00018345467
10	738.0	0.00018211875
10	739.0	0.00018079375
10	740.0	0.00017947958
10	741.0	0.00017817614
10	742.0	0.00017688332
10	743.0	0.00017560106
10	744.0	0.00017432918
10	745.0	0.00017306764
10	746.0	0.00017181635
10	747.0	0.00017057522
10	748.0	0.00016934417
10	749.0	0.00016812309
10	750.0	0.0001669119
10	751.0	0.0001657105
10	752.0	0.0001645188
10	753.0	0.00016333672
10	754.0	0.00016216416
10	755.0	0.00016100105
10	756.0	0.00015984729
10	757.0	0.00015870281
10	758.0	0.00015756751
10	759.0	0.00015644132
10	760.0	0.00015532418
10	761.0	0.000154216
10	762.0	0.00015311668
10	763.0	0.00015202615
10	764.0	0.00015094436
10	765.0	0.00014987122
10	766.0	0.00014880664
10	767.0	0.00014775054
10	768.0	0.00014670284
10	769.0	0.00014566348
10	770.0	0.00014463236
10	771.0	0.00014360942
10	772.0	0.00014259458
10	773.0	0.00014158778
10	774.0	0.00014058894
10	775.0	0.00013959801
10	776.0	0.00013861491
10	777.0	0.00013763957
10	778.0	0.00013667192
10	779.0	0.0001357119
10	780.0	0.00013475943
10	781.0	0.00013381444
10	782.0	0.00013287687
10	783.0	0.00013194667
10	784.0	0.00013102377
10	785.0	0.00013010812
10	786.0	0.00012919968
10	787.0	0.00012829833
10	788.0	0.00012740402
10	789.0	0.00012651667
10	790.0	0.00012563621
10	791.0	0.00012476259
10	792.0	0.00012389577
10	793.0	0.00012303569
10	794.0	0.00012218229
10	795.0	0.00012133551
10	796.0	0.00012049528
10	797.0	0.00011966157
10	798.0	0.0001188343
10	799.0	0.00011801344
10	800.0	0.0001171989
10	801.0	0.00011639064
10	802.0	0.0001155886
10	803.0	0.00011479274
10	804.0	0.00011400298
10	805.0	0.0001132193
10	806.0	0.00011244163
10	807.0	0.00011166994
10	808.0	0.00011090417
10	809.0	0.00011014427
10	810.0	0.00010939018
10	811.0	0.00010864183
10	812.0	0.00010789921
10	813.0	0.00010716227
10	814.0	0.00010643095
10	815.0	0.0001057052
10	816.0	0.00010498498
10	817.0	0.00010427023
10	818.0	0.00010356093
10	819.0	0.00010285703
10	820.0	0.00010215846
10	821.0	0.00010146519
10	822.0	0.00010077716
10	823.0	0.00010009435
10	824.0	9.9416713e-05
10	825.0	9.8744194e-05
10	826.0	9.807675e-05
10	827.0	9.741433e-05
10	828.0	9.6756922e-05
10	829.0	9.6104462e-05
10	830.0	9.545691e-05
10	831.0	9.481422e-05
10	832.0	9.4176368e-05
10	833.0	9.3543308e-05
10	834.0	9.2914999e-05
10	835.0	9.2291401e-05
10	836.0	9.1672476e-05
10	837.0	9.1058181e-05
10	838.0	9.0448472e-05
10	839.0	8.9843319e-05
10	840.0	8.9242692e-05
10	841.0	8.8646545e-05
10	842.0	8.8054835e-05
10	843.0	8.7467531e-05
10	844.0	8.6884592e-05
10	845.0	8.6305977e-05
10	846.0	8.5731652e-05
10	847.0	8.5161591e-05
10	848.0	8.4595755e-05
10	849.0	8.4034108e-05
10	850.0	8.3476618e-05
10	851.0	8.2923258e-05
10	852.0	8.2373988e-05
10	853.0	8.1828767e-05
10	854.0	8.1287562e-05
10	855.0	8.0750332e-05
10	856.0	8.0217058e-05
10	857.0	7.9687703e-05
10	858.0	7.9162238e-05
10	859.0	7.8640631e-05
10	860.0	7.8122854e-05
10	861.0	7.7608876e-05
10	862.0	7.7098682e-05
10	863.0	7.6592218e-05
10	864.0	7.6089459e-05
10	865.0	7.5590378e-05
10	866.0	7.5094941e-05
10	867.0	7.4603119e-05
10	868.0	7.4114881e-05
10	869.0	7.36302e-05
10	870.0	7.3149045e-05
10	871.0	7.2671383e-05
10	872.0	7.219719e-05
10	873.0	7.1726439e-05
10	874.0	7.1259098e-05
10	875.0	7.0795141e-05
10	876.0	7.0334552e-05
10	877.0	6.9877292e-05
10	878.0	6.9423311e-05
10	879.0	6.8972625e-05
10	880.0	6.8525201e-05
10	881.0	6.808101e-05
10	882.0	6.7640027e-05
10	883.0	6.7202231e-05
10	884.0	6.6767583e-05
10	885.0	6.6336063e-05
10	886.0	6.5907644e-05
10	887.0	6.548231e-05
10	888.0	6.5060031e-05
10	889.0	6.464078e-05
10	890.0	6.4224533e-05
10	891.0	6.3811268e-05
10	892.0	6.3400957e-05
10	893.0	6.2993579e-05
10	894.0	6.2589106e-05
10	895.0	6.2187515e-05
10	896.0	6.1788777e-05
10	897.0	6.1392873e-05
10	898.0	6.0999789e-05
10	899.0	6.0609503e-05
10	900.0	6.0221992e-05
10	901.0	5.9837234e-05
10	902.0	5.9455207e-05
10	903.0	5.907589e-05
10	904.0	5.8699262e-05
10	905.0	5.83253e-05
10	906.0	5.7953979e-05
10	907.0	5.7585286e-05
10	908.0	5.7219196e-05
10	909.0	5.685569e-05
10	910.0	5.649475e-05
10	911.0	5.6136353e-05
10	912.0	5.578048e-05
10	913.0	5.5427114e-05
10	914.0	5.507623e-05
10	915.0	5.4727812e-05
10	916.0	5.4381838e-05
10	917.0	5.4038293e-05
10	918.0	5.3697156e-05
10	919.0	5.3358412e-05
10	920.0	5.3022039e-05
10	921.0	5.2688017e-05
10	922.0	5.2356329e-05
10	923.0	5.2026958e-05
10	924.0	5.1699885e-05
10	925.0	5.1375091e-05
10	926.0	5.105256e-05
10	927.0	5.0732276e-05
10	928.0	5.041422e-05
10	929.0	5.0098374e-05
10	930.0	4.9784724e-05
10	931.0	4.9473256e-05
10	932.0	4.9163947e-05
10	933.0	4.8856781e-05
10	934.0	4.8551739e-05
10	935.0	4.8248806e-05
10	936.0	4.7947968e-05
10	937.0	4.7649209e-05
10	938.0	4.7352512e-05
10	939.0	4.7057863e-05
10	940.0	4.6765246e-05
10	941.0	4.6474639e-05
10	942.0	4.6186031e-05
10	943.0	4.5899408e-05
10	944.0	4.5614758e-05
10	945.0	4.533207e-05
10	946.0	4.5051325e-05
10	947.0	4.4772508e-05
10	948.0	4.44956e-05
10	949.0	4.4220585e-05
10	950.0	4.3947453e-05
10	951.0	4.3676188e-05
10	952.0	4.3406777e-05
10	953.0	4.3139205e-05
10	954.0	4.2873452e-05
10	955.0	4.2609507e-05
10	956.0	4.2347362e-05
10	957.0	4.2087e-05
10	958.0	4.1828408e-05
10	959.0	4.1571571e-05
10	960.0	4.1316478e-05
10	961.0	4.1063118e-05
10	962.0	4.0811487e-05
10	963.0	4.0561561e-05
10	964.0	4.0313329e-05
10	965.0	4.0066776e-05
10	966.0	3.9821892e-05
10	967.0	3.9578662e-05
10	968.0	3.9337073e-05
10	969.0	3.9097113e-05
10	970.0	3.8858773e-05
10	971.0	3.8622038e-05
10	972.0	3.8386898e-05
10	973.0	3.815334e-05
10	974.0	3.7921352e-05
10	975.0	3.7690923e-05
10	976.0	3.7462042e-05
10	977.0	3.7234697e-05
10	978.0	3.7008878e-05
10	979.0	3.6784571e-05
10	980.0	3.6561767e-05
10	981.0	3.6340453e-05
10	982.0	3.612062e-05
10	983.0	3.5902258e-05
10	984.0	3.5685354e-05
10	985.0	3.5469898e-05
10	986.0	3.5255879e-05
10	987.0	3.5043287e-05
10	988.0	3.483211e-05
10	989.0	3.4622338e-05
10	990.0	3.4413962e-05
10	991.0	3.420697e-05
10	992.0	3.4001353e-05
10	993.0	3.3797101e-05
10	994.0	3.3594202e-05
10	995.0	3.3392651e-05
10	996.0	3.3192435e-05
10	997.0	3.2993544e-05
10	998.0	3.2795969e-05
10	999.0	3.2599699e-05
10	1000.0	3.2404726e-05
14	80.0	2.1932502
14	81.0	2.1207789
14	82.0	2.0511933
14	83.0	1.984435
14	84.0	1.9202396
14	85.0	1.8585029
14	86.0	1.7991837
14	87.0	1.7421632
14	88.0	1.6873349
14	89.0	1.634631
14	90.0	1.5839453
14	91.0	1.5351715
14	92.0	1.4882211
14	93.0	1.4430269
14	94.0	1.3994996
14	95.0	1.3575786
14	96.0	1.3172026
14	97.0	1.2783016
14	98.0	1.240808
14	99.0	1.2046377
14	100.0	1.1697605
14	101.0	1.1361173
14	102.0	1.1036647
14	103.0	1.0723299
14	104.0	1.0420804
14	105.0	1.0128731
14	106.0	0.9846745
14	107.0	0.95742134
14	108.0	0.93108772
14	109.0	0.90564406
14	110.0	0.88104933
14	111.0	0.8572742
14	112.0	0.83428761
14	113.0	0.81205373
14	114.0	0.79054117
14	115.0	0.76972536
14	116.0	0.7495719
14	117.0	0.73006314
14	118.0	0.71117446
14	119.0	0.69288438
14	120.0	0.67516988
14	121.0	0.65801034
14	122.0	0.64138567
14	123.0	0.62527648
14	124.0	0.60966304
14	125.0	0.5945248
14	126.0	0.57984542
14	127.0	0.5656106
14	128.0	0.55180197
14	129.0	0.53840389
14	130.0	0.52540482
14	131.0	0.51278868
14	132.0	0.5005402
14	133.0	0.48864784
14	134.0	0.47709806
14	135.0	0.46588069
14	136.0	0.4549854
14	137.0	0.44440176
14	138.0	0.43411867
14	139.0	0.42412722
14	140.0	0.41441687
14	141.0	0.40497668
14	142.0	0.39579595
14	143.0	0.38686931
14	144.0	0.37818713
14	145.0	0.36974448
14	146.0	0.36153452
14	147.0	0.35353921
14	148.0	0.34576322
14	149.0	0.33819685
14	150.0	0.33082986
14	151.0	0.32366066
14	152.0	0.31668072
14	153.0	0.30988375
14	154.0	0.30326555
14	155.0	0.29681909
14	156.0	0.29053714
14	157.0	0.28442356
14	158.0	0.27846976
14	159.0	0.27261723
14	160.0	0.26696802
14	161.0	0.26145244
14	162.0	0.25607331
14	163.0	0.25082681
14	164.0	0.24571185
14	165.0	0.2407232
14	166.0	0.23585713
14	167.0	0.23111109
14	168.0	0.22648246
14	169.0	0.22196721
14	170.0	0.21756218
14	171.0	0.21326428
14	172.0	0.20907219
14	173.0	0.20495403
14	174.0	0.20096014
14	175.0	0.19705732
14	176.0	0.1932453
14	177.0	0.18952249
14	178.0	0.18588652
14	179.0	0.18233526
14	180.0	0.17886619
14	181.0	0.17547751
14	182.0	0.17216607
14	183.0	0.16893035
14	184.0	0.16576816
14	185.0	0.16267762
14	186.0	0.1596568
14	187.0	0.15670402
14	188.0	0.15381726
14	189.0	0.15099479
14	190.0	0.14823518
14	191.0	0.14553673
14	192.0	0.14289739
14	193.0	0.14031609
14	194.0	0.1377913
14	195.0	0.13532157
14	196.0	0.13290541
14	197.0	0.13054148
14	198.0	0.12822839
14	199.0	0.12596482
14	200.0	0.12374972
14	201.0	0.12158177
14	202.0	0.11945981
14	203.0	0.11738255
14	204.0	0.11534904
14	205.0	0.11335815
14	206.0	0.11140889
14	207.0	0.10950014
14	208.0	0.10763098
14	209.0	0.10580047
14	210.0	0.10400754
14	211.0	0.10225131
14	212.0	0.10053088
14	213.0	0.098845425
14	214.0	0.09719412
14	215.0	0.095576152
14	216.0	0.093990772
14	217.0	0.092437233
14	218.0	0.090914749
14	219.0	0.089422629
14	220.0	0.087960111
14	221.0	0.086526478
14	222.0	0.085121071
14	223.0	0.083743208
14	224.0	0.082392443
14	225.0	0.081067931
14	226.0	0.079769059
14	227.0	0.078495384
14	228.0	0.077246456
14	229.0	0.076021824
14	230.0	0.074820859
14	231.0	0.073642736
14	232.0	0.07248691
14	233.0	0.071352866
14	234.0	0.070240055
14	235.0	0.069147753
14	236.0	0.06807494
14	237.0	0.067020011
14	238.0	0.065980941
14	239.0	0.064957211
14	240.0	0.063951108
14	241.0	0.062966159
14	242.0	0.062003345
14	243.0	0.06106116
14	244.0	0.060137729
14	245.0	0.059231748
14	246.0	0.058342381
14	247.0	0.05746905
14	248.0	0.05661133
14	249.0	0.055768894
14	250.0	0.054941399
14	251.0	0.054128546
14	252.0	0.053330056
14	253.0	0.052545624
14	254.0	0.051774968
14	255.0	0.051017809
14	256.0	0.050273875
14	257.0	0.049542923
14	258.0	0.048824686
14	259.0	0.048118915
14	260.0	0.047425356
14	261.0	0.046743772
14	262.0	0.046073922
14	263.0	0.045415566
14	264.0	0.04476847
14	265.0	0.044132435
14	266.0	0.043507258
14	267.0	0.042892673
14	268.0	0.042288465
14	269.0	0.041694445
14	270.0	0.041110408
14	271.0	0.040536159
14	272.0	0.039971515
14	273.0	0.039416257
14	274.0	0.038870208
14	275.0	0.038333204
14	276.0	0.037805063
14	277.0	0.037285604
14	278.0	0.036774679
14	279.0	0.036272123
14	280.0	0.03577782
14	281.0	0.035291572
14	282.0	0.034813251
14	283.0	0.034342681
14	284.0	0.033879643
14	285.0	0.033424109
14	286.0	0.032975916
14	287.0	0.032534852
14	288.0	0.032100846
14	289.0	0.031673774
14	290.0	0.031253496
14	291.0	0.030839883
14	292.0	0.030432809
14	293.0	0.030032151
14	294.0	0.029637792
14	295.0	0.029249622
14	296.0	0.028867534
14	297.0	0.028491408
14	298.0	0.028121132
14	299.0	0.027756609
14	300.0	0.027397723
14	301.0	0.027044368
14	302.0	0.026696446
14	303.0	0.026353856
14	304.0	0.026016503
14	305.0	0.025684294
14	306.0	0.02535714
14	307.0	0.025034945
14	308.0	0.024717634
14	309.0	0.024405109
14	310.0	0.024097285
14	311.0	0.023794082
14	312.0	0.023495419
14	313.0	0.023201217
14	314.0	0.022911395
14	315.0	0.022625875
14	316.0	0.022344585
14	317.0	0.022067456
14	318.0	0.021794418
14	319.0	0.0215254
14	320.0	0.021260335
14	321.0	0.020999154
14	322.0	0.020741785
14	323.0	0.020488172
14	324.0	0.020238249
14	325.0	0.019991947
14	326.0	0.019749202
14	327.0	0.019509948
14	328.0	0.01927413
14	329.0	0.019041697
14	330.0	0.018812592
14	331.0	0.018586762
14	332.0	0.018364152
14	333.0	0.01814471
14	334.0	0.017928385
14	335.0	0.017715113
14	336.0	0.017504859
14	337.0	0.017297568
14	338.0	0.017093197
14	339.0	0.01689169
14	340.0	0.016693002
14	341.0	0.01649709
14	342.0	0.016303906
14	343.0	0.016113406
14	344.0	0.015925546
14	345.0	0.015740281
14	346.0	0.015557568
14	347.0	0.015377371
14	348.0	0.015199645
14	349.0	0.015024353
14	350.0	0.014851456
14	351.0	0.014680917
14	352.0	0.014512692
14	353.0	0.014346753
14	354.0	0.014183064
14	355.0	0.014021592
14	356.0	0.0138623
14	357.0	0.013705145
14	358.0	0.0135501
14	359.0	0.013397132
14	360.0	0.013246211
14	361.0	0.013097303
14	362.0	0.012950378
14	363.0	0.012805403
14	364.0	0.012662357
14	365.0	0.012521203
14	366.0	0.012381912
14	367.0	0.01224445
14	368.0	0.012108792
14	369.0	0.01197491
14	370.0	0.011842773
14	371.0	0.01171236
14	372.0	0.011583646
14	373.0	0.011456604
14	374.0	0.011331211
14	375.0	0.011207443
14	376.0	0.011085275
14	377.0	0.010964685
14	378.0	0.010845647
14	379.0	0.010728138
14	380.0	0.010612128
14	381.0	0.010497596
14	382.0	0.010384524
14	383.0	0.01027289
14	384.0	0.010162674
14	385.0	0.010053852
14	386.0	0.0099464061
14	387.0	0.0098403176
14	388.0	0.0097355671
14	389.0	0.0096321324
14	390.0	0.0095299915
14	391.0	0.0094291255
14	392.0	0.0093295203
14	393.0	0.0092311589
14	394.0	0.0091340226
14	395.0	0.0090380927
14	396.0	0.0089433524
14	397.0	0.0088497852
14	398.0	0.0087573732
14	399.0	0.0086660994
14	400.0	0.0085759492
14	401.0	0.0084869036
14	402.0	0.008398945
14	403.0	0.0083120572
14	404.0	0.0082262364
14	405.0	0.0081414601
14	406.0	0.0080577075
14	407.0	0.0079749661
14	408.0	0.0078932249
14	409.0	0.0078124684
14	410.0	0.0077326833
14	411.0	0.0076538557
14	412.0	0.007575975
14	413.0	0.0074990263
14	414.0	0.0074229964
14	415.0	0.0073478743
14	416.0	0.0072736464
14	417.0	0.0072003001
14	418.0	0.0071278222
14	419.0	0.0070562007
14	420.0	0.0069854285
14	421.0	0.0069154916
14	422.0	0.0068463768
14	423.0	0.0067780725
14	424.0	0.0067105708
14	425.0	0.0066438555
14	426.0	0.0065779182
14	427.0	0.0065127535
14	428.0	0.0064483471
14	429.0	0.0063846877
14	430.0	0.0063217649
14	431.0	0.0062595731
14	432.0	0.0061981015
14	433.0	0.0061373378
14	434.0	0.0060772729
14	435.0	0.006017897
14	436.0	0.0059592016
14	437.0	0.0059011778
14	438.0	0.0058438172
14	439.0	0.0057871106
14	440.0	0.0057310495
14	441.0	0.0056756257
14	442.0	0.0056208303
14	443.0	0.0055666557
14	444.0	0.0055130938
14	445.0	0.0054601364
14	446.0	0.0054077747
14	447.0	0.0053560014
14	448.0	0.0053048088
14	449.0	0.0052541897
14	450.0	0.0052041372
14	451.0	0.0051546444
14	452.0	0.0051057059
14	453.0	0.0050573095
14	454.0	0.0050094487
14	455.0	0.004962119
14	456.0	0.0049153154
14	457.0	0.0048690281
14	458.0	0.0048232507
14	459.0	0.0047779772
14	460.0	0.0047332022
14	461.0	0.0046889194
14	462.0	0.0046451201
14	463.0	0.0046017993
14	464.0	0.0045589527
14	465.0	0.0045165723
14	466.0	0.0044746512
14	467.0	0.0044331831
14	468.0	0.0043921654
14	469.0	0.0043515985
14	470.0	0.0043114707
14	471.0	0.0042717763
14	472.0	0.0042325095
14	473.0	0.0041936648
14	474.0	0.0041552371
14	475.0	0.0041172191
14	476.0	0.0040796081
14	477.0	0.0040423987
14	478.0	0.0040055852
14	479.0	0.0039691629
14	480.0	0.0039331285
14	481.0	0.0038974767
14	482.0	0.0038622029
14	483.0	0.0038273022
14	484.0	0.0037927701
14	485.0	0.0037586007
14	486.0	0.0037247911
14	487.0	0.0036913372
14	488.0	0.003658234
14	489.0	0.0036254771
14	490.0	0.0035930623
14	491.0	0.0035609857
14	492.0	0.0035292435
14	493.0	0.0034978324
14	494.0	0.0034667484
14	495.0	0.0034359875
14	496.0	0.0034055453
14	497.0	0.0033754186
14	498.0	0.0033456032
14	499.0	0.0033160957
14	500.0	0.0032868906
14	501.0	0.0032579856
14	502.0	0.0032293769
14	503.0	0.0032010619
14	504.0	0.0031730361
14	505.0	0.0031452959
14	506.0	0.0031178389
14	507.0	0.0030906602
14	508.0	0.0030637574
14	509.0	0.0030371273
14	510.0	0.0030107675
14	511.0	0.0029846751
14	512.0	0.0029588463
14	513.0	0.0029332771
14	514.0	0.0029079666
14	515.0	0.0028829114
14	516.0	0.002858108
14	517.0	0.0028335537
14	518.0	0.0028092451
14	519.0	0.0027851793
14	520.0	0.0027613517
14	521.0	0.0027377564
14	522.0	0.0027143963
14	523.0	0.002691272
14	524.0	0.0026683782
14	525.0	0.0026457125
14	526.0	0.0026232698
14	527.0	0.0026010492
14	528.0	0.0025790481
14	529.0	0.002557264
14	530.0	0.002535693
14	531.0	0.0025143336
14	532.0	0.0024931831
14	533.0	0.0024722392
14	534.0	0.0024514994
14	535.0	0.0024309613
14	536.0	0.0024106252
14	537.0	0.0023904866
14	538.0	0.0023705439
14	539.0	0.0023507948
14	540.0	0.0023312371
14	541.0	0.0023118684
14	542.0	0.0022926871
14	543.0	0.0022736906
14	544.0	0.0022548774
14	545.0	0.0022362448
14	546.0	0.0022177907
14	547.0	0.0021995101
14	548.0	0.0021814028
14	549.0	0.0021634698
14	550.0	0.0021457085
14	551.0	0.0021281175
14	552.0	0.0021106936
14	553.0	0.0020934349
14	554.0	0.0020763391
14	555.0	0.0020594055
14	556.0	0.002042632
14	557.0	0.0020260165
14	558.0	0.0020095583
14	559.0	0.0019932564
14	560.0	0.0019771085
14	561.0	0.0019611124
14	562.0	0.0019452662
14	563.0	0.0019295687
14	564.0	0.0019140164
14	565.0	0.0018986083
14	566.0	0.0018833439
14	567.0	0.0018682217
14	568.0	0.0018532405
14	569.0	0.0018383989
14	570.0	0.0018236952
14	571.0	0.0018091277
14	572.0	0.0017946942
14	573.0	0.0017803953
14	574.0	0.0017662296
14	575.0	0.001752195
14	576.0	0.0017382898
14	577.0	0.0017245117
14	578.0	0.0017108598
14	579.0	0.0016973326
14	580.0	0.0016839293
14	581.0	0.0016706487
14	582.0	0.0016574894
14	583.0	0.0016444499
14	584.0	0.001631529
14	585.0	0.0016187256
14	586.0	0.0016060382
14	587.0	0.0015934663
14	588.0	0.0015810084
14	589.0	0.0015686635
14	590.0	0.0015564299
14	591.0	0.0015443064
14	592.0	0.0015322921
14	593.0	0.0015203862
14	594.0	0.0015085872
14	595.0	0.0014968946
14	596.0	0.0014853071
14	597.0	0.0014738237
14	598.0	0.0014624434
14	599.0	0.0014511651
14	600.0	0.0014399876
14	601.0	0.001428909
14	602.0	0.0014179286
14	603.0	0.0014070449
14	604.0	0.0013962577
14	605.0	0.0013855661
14	606.0	0.0013749686
14	607.0	0.0013644644
14	608.0	0.0013540527
14	609.0	0.0013437332
14	610.0	0.0013335046
14	611.0	0.0013233657
14	612.0	0.001313315
14	613.0	0.0013033519
14	614.0	0.0012934766
14	615.0	0.0012836882
14	616.0	0.0012739853
14	617.0	0.0012643676
14	618.0	0.0012548347
14	619.0	0.0012453879
14	620.0	0.0012360236
14	621.0	0.0012267404
14	622.0	0.0012175379
14	623.0	0.0012084131
14	624.0	0.0011993657
14	625.0	0.0011903963
14	626.0	0.0011815043
14	627.0	0.0011726891
14	628.0	0.0011639493
14	629.0	0.0011552847
14	630.0	0.001146694
14	631.0	0.0011381765
14	632.0	0.0011297322
14	633.0	0.0011213602
14	634.0	0.0011130595
14	635.0	0.0011048296
14	636.0	0.0010966698
14	637.0	0.0010885797
14	638.0	0.0010805584
14	639.0	0.0010726059
14	640.0	0.0010647218
14	641.0	0.0010569042
14	642.0	0.0010491531
14	643.0	0.0010414674
14	644.0	0.0010338462
14	645.0	0.0010262889
14	646.0	0.0010187953
14	647.0	0.0010113652
14	648.0	0.001003998
14	649.0	0.00099669267
14	650.0	0.00098944815
14	651.0	0.00098226412
14	652.0	0.00097514003
14	653.0	0.00096807544
14	654.0	0.00096106977
14	655.0	0.00095412244
14	656.0	0.0009472331
14	657.0	0.00094040099
14	658.0	0.00093362585
14	659.0	0.00092690694
14	660.0	0.00092024372
14	661.0	0.00091363562
14	662.0	0.00090708196
14	663.0	0.00090058219
14	664.0	0.00089413598
14	665.0	0.00088774285
14	666.0	0.00088140236
14	667.0	0.00087511406
14	668.0	0.00086887729
14	669.0	0.00086269187
14	670.0	0.00085655689
14	671.0	0.0008504722
14	672.0	0.00084443759
14	673.0	0.00083845232
14	674.0	0.00083251596
14	675.0	0.00082662787
14	676.0	0.00082078765
14	677.0	0.00081499489
14	678.0	0.00080924905
14	679.0	0.00080354978
14	680.0	0.00079789688
14	681.0	0.00079229022
14	682.0	0.00078672854
14	683.0	0.00078121141
14	684.0	0.0007757387
14	685.0	0.00077030998
14	686.0	0.00076492501
14	687.0	0.0007595832
14	688.0	0.00075428408
14	689.0	0.00074902744
14	690.0	0.00074381274
14	691.0	0.00073863981
14	692.0	0.00073350835
14	693.0	0.00072841779
14	694.0	0.00072336784
14	695.0	0.00071835799
14	696.0	0.00071338802
14	697.0	0.00070845746
14	698.0	0.00070356615
14	699.0	0.00069871354
14	700.0	0.00069389926
14	701.0	0.00068912309
14	702.0	0.00068438461
14	703.0	0.00067968344
14	704.0	0.0006750194
14	705.0	0.00067039208
14	706.0	0.0006658012
14	707.0	0.00066124583
14	708.0	0.00065672664
14	709.0	0.00065224308
14	710.0	0.00064779463
14	711.0	0.00064338104
14	712.0	0.00063900193
14	713.0	0.00063465701
14	714.0	0.00063034598
14	715.0	0.00062606857
14	716.0	0.00062182444
14	717.0	0.00061761329
14	718.0	0.00061343484
14	719.0	0.00060928879
14	720.0	0.00060517482
14	721.0	0.00060109268
14	722.0	0.0005970421
14	723.0	0.0005930228
14	724.0	0.00058903451
14	725.0	0.00058507696
14	726.0	0.00058114991
14	727.0	0.0005772531
14	728.0	0.0005733862
14	729.0	0.00056954912
14	730.0	0.00056574159
14	731.0	0.00056196333
14	732.0	0.00055821374
14	733.0	0.00055449245
14	734.0	0.00055079942
14	735.0	0.00054713486
14	736.0	0.00054349841
14	737.0	0.00053988962
14	738.0	0.00053630823
14	739.0	0.00053275394
14	740.0	0.00052922658
14	741.0	0.00052572579
14	742.0	0.00052225145
14	743.0	0.00051880332
14	744.0	0.00051538119
14	745.0	0.00051198486
14	746.0	0.0005086141
14	747.0	0.00050526864
14	748.0	0.00050194827
14	749.0	0.0004986528
14	750.0	0.0004953821
14	751.0	0.00049213593
14	752.0	0.00048891412
14	753.0	0.00048571644
14	754.0	0.00048254268
14	755.0	0.00047939261
14	756.0	0.00047626604
14	757.0	0.00047316276
14	758.0	0.00047008257
14	759.0	0.00046702522
14	760.0	0.0004639906
14	761.0	0.00046097849
14	762.0	0.00045798869
14	763.0	0.00045502103
14	764.0	0.00045207523
14	765.0	0.00044915116
14	766.0	0.00044624871
14	767.0	0.00044336766
14	768.0	0.00044050791
14	769.0	0.00043766939
14	770.0	0.00043485163
14	771.0	0.00043205457
14	772.0	0.00042927812
14	773.0	0.00042652194
14	774.0	0.00042378594
14	775.0	0.00042107004
14	776.0	0.00041837404
14	777.0	0.00041569767
14	778.0	0.00041304087
14	779.0	0.00041040346
14	780.0	0.00040778522
14	781.0	0.00040518602
14	782.0	0.00040260573
14	783.0	0.00040004412
14	784.0	0.00039750113
14	785.0	0.00039497658
14	786.0	0.00039247026
14	787.0	0.00038998206
14	788.0	0.00038751184
14	789.0	0.00038505949
14	790.0	0.00038262493
14	791.0	0.00038020793
14	792.0	0.00037780834
14	793.0	0.00037542602
14	794.0	0.00037306085
14	795.0	0.00037071266
14	796.0	0.00036838134
14	797.0	0.00036606674
14	798.0	0.00036376872
14	799.0	0.00036148715
14	800.0	0.00035922193
14	801.0	0.00035697291
14	802.0	0.00035473994
14	803.0	0.00035252293
14	804.0	0.00035032176
14	805.0	0.00034813626
14	806.0	0.00034596634
14	807.0	0.00034381189
14	808.0	0.00034167269
14	809.0	0.00033954863
14	810.0	0.00033743961
14	811.0	0.00033534551
14	812.0	0.00033326612
14	813.0	0.00033120135
14	814.0	0.00032915114
14	815.0	0.00032711537
14	816.0	0.00032509392
14	817.0	0.00032308669
14	818.0	0.00032109361
14	819.0	0.00031911452
14	820.0	0.0003171493
14	821.0	0.00031519784
14	822.0	0.00031326019
14	823.0	0.000311336
14	824.0	0.00030942526
14	825.0	0.00030752786
14	826.0	0.00030564371
14	827.0	0.0003037727
14	828.0	0.00030191477
14	829.0	0.00030006979
14	830.0	0.00029823763
14	831.0	0.00029641808
14	832.0	0.00029461115
14	833.0	0.00029281674
14	834.0	0.00029103475
14	835.0	0.00028926509
14	836.0	0.00028750764
14	837.0	0.00028576232
14	838.0	0.00028402903
14	839.0	0.00028230768
14	840.0	0.00028059813
14	841.0	0.00027890033
14	842.0	0.0002772142
14	843.0	0.00027553968
14	844.0	0.00027387665
14	845.0	0.00027222499
14	846.0	0.00027058464
14	847.0	0.00026895553
14	848.0	0.00026733757
14	849.0	0.00026573067
14	850.0	0.00026413472
14	851.0	0.00026254967
14	852.0	0.00026097541
14	853.0	0.00025941186
14	854.0	0.000257859
14	855.0	0.00025631672
14	856.0	0.00025478492
14	857.0	0.00025326352
14	858.0	0.00025175235
14	859.0	0.00025025142
14	860.0	0.00024876065
14	861.0	0.00024727996
14	862.0	0.00024580928
14	863.0	0.0002443485
14	864.0	0.0002428976
14	865.0	0.00024145648
14	866.0	0.00024002507
14	867.0	0.00023860329
14	868.0	0.00023719105
14	869.0	0.00023578831
14	870.0	0.00023439496
14	871.0	0.00023301096
14	872.0	0.00023163623
14	873.0	0.00023027071
14	874.0	0.00022891432
14	875.0	0.00022756701
14	876.0	0.00022622869
14	877.0	0.0002248993
14	878.0	0.00022357877
14	879.0	0.00022226704
14	880.0	0.00022096404
14	881.0	0.00021966969
14	882.0	0.00021838392
14	883.0	0.00021710669
14	884.0	0.00021583794
14	885.0	0.00021457761
14	886.0	0.00021332563
14	887.0	0.00021208191
14	888.0	0.00021084642
14	889.0	0.00020961907
14	890.0	0.0002083998
14	891.0	0.00020718855
14	892.0	0.00020598528
14	893.0	0.00020478992
14	894.0	0.00020360241
14	895.0	0.00020242271
14	896.0	0.00020125075
14	897.0	0.00020008647
14	898.0	0.0001989298
14	899.0	0.0001977807
14	900.0	0.00019663912
14	901.0	0.000195505
14	902.0	0.00019437829
14	903.0	0.00019325893
14	904.0	0.00019214686
14	905.0	0.00019104204
14	906.0	0.00018994439
14	907.0	0.00018885389
14	908.0	0.00018777047
14	909.0	0.00018669408
14	910.0	0.00018562467
14	911.0	0.0001845622
14	912.0	0.0001835066
14	913.0	0.00018245783
14	914.0	0.00018141583
14	915.0	0.00018038057
14	916.0	0.000179352
14	917.0	0.00017833005
14	918.0	0.00017731469
14	919.0	0.00017630586
14	920.0	0.00017530353
14	921.0	0.00017430764
14	922.0	0.00017331816
14	923.0	0.00017233502
14	924.0	0.00017135818
14	925.0	0.00017038761
14	926.0	0.00016942325
14	927.0	0.00016846507
14	928.0	0.00016751303
14	929.0	0.00016656706
14	930.0	0.00016562714
14	931.0	0.00016469322
14	932.0	0.00016376525
14	933.0	0.00016284319
14	934.0	0.000161927
14	935.0	0.00016101664
14	936.0	0.00016011207
14	937.0	0.00015921324
14	938.0	0.00015832011
14	939.0	0.00015743265
14	940.0	0.0001565508
14	941.0	0.00015567455
14	942.0	0.00015480384
14	943.0	0.00015393864
14	944.0	0.00015307889
14	945.0	0.00015222458
14	946.0	0.00015137564
14	947.0	0.00015053206
14	948.0	0.00014969377
14	949.0	0.00014886075
14	950.0	0.00014803296
14	951.0	0.00014721038
14	952.0	0.00014639297
14	953.0	0.00014558068
14	954.0	0.00014477348
14	955.0	0.00014397133
14	956.0	0.0001431742
14	957.0	0.00014238205
14	958.0	0.00014159484
14	959.0	0.00014081255
14	960.0	0.00014003511
14	961.0	0.00013926253
14	962.0	0.00013849475
14	963.0	0.00013773173
14	964.0	0.00013697349
14	965.0	0.00013621993
14	966.0	0.00013547105
14	967.0	0.0001347268
14	968.0	0.00013398717
14	969.0	0.00013325211
14	970.0	0.00013252161
14	971.0	0.0001317956
14	972.0	0.00013107408
14	973.0	0.000130357
14	974.0	0.00012964434
14	975.0	0.00012893606
14	976.0	0.00012823214
14	977.0	0.00012753255
14	978.0	0.00012683725
14	979.0	0.00012614622
14	980.0	0.00012545941
14	981.0	0.00012477682
14	982.0	0.00012409841
14	983.0	0.00012342416
14	984.0	0.00012275403
14	985.0	0.00012208801
14	986.0	0.00012142606
14	987.0	0.00012076815
14	988.0	0.00012011426
14	989.0	0.00011946436
14	990.0	0.00011881841
14	991.0	0.00011817639
14	992.0	0.00011753828
14	993.0	0.00011690404
14	994.0	0.00011627365
14	995.0	0.0001156471
14	996.0	0.00011502435
14	997.0	0.00011440538
14	998.0	0.00011379016
14	999.0	0.00011317866
14	1000.0	0.00011257085
