 140.000  175.000    2.500 0.742     1.1649    1.5689
 160.000  175.000    2.500 0.616     1.0171    1.6496
 180.000  175.000    2.500 0.513     0.8102    1.5784
 200.000  175.000    2.500 0.428     0.6622    1.5448
 250.000  175.000    2.500 0.278     0.4260    1.5353
 300.000  175.000    2.500 0.184     0.2825    1.5367
 350.000  175.000    2.500 0.124     0.1916    1.5398
 400.000  175.000    2.500 0.859E-01 0.1327    1.5441
 450.000  175.000    2.500 0.604E-01 0.0936    1.5485
 500.000  175.000    2.500 0.432E-01 0.0671    1.5529
 550.000  175.000    2.500 0.313E-01 0.0488    1.5571
 600.000  175.000    2.500 0.230E-01 0.0359    1.5611
 650.000  175.000    2.500 0.171E-01 0.0268    1.5650
 700.000  175.000    2.500 0.129E-01 0.0202    1.5684
 750.000  175.000    2.500 0.978E-02 0.0154    1.5714
 800.000  175.000    2.500 0.749E-02 0.0118    1.5742
 850.000  175.000    2.500 0.579E-02 0.0091    1.5770
 900.000  175.000    2.500 0.451E-02 0.0071    1.5796
 950.000  175.000    2.500 0.353E-02 0.0056    1.5821
1000.000  175.000    2.500 0.279E-02 0.0044    1.5845
 140.000  175.000    3.000 0.521     0.8162    1.5663
 160.000  175.000    3.000 0.432     0.7126    1.6468
 180.000  175.000    3.000 0.360     0.5676    1.5758
 200.000  175.000    3.000 0.300     0.4639    1.5422
 250.000  175.000    3.000 0.195     0.2985    1.5327
 300.000  175.000    3.000 0.129     0.1979    1.5341
 350.000  175.000    3.000 0.874E-01 0.1343    1.5372
 400.000  175.000    3.000 0.603E-01 0.0930    1.5415
 450.000  175.000    3.000 0.424E-01 0.0656    1.5459
 500.000  175.000    3.000 0.303E-01 0.0470    1.5503
 550.000  175.000    3.000 0.220E-01 0.0342    1.5545
 600.000  175.000    3.000 0.162E-01 0.0252    1.5585
 650.000  175.000    3.000 0.120E-01 0.0188    1.5623
 700.000  175.000    3.000 0.904E-02 0.0142    1.5658
 750.000  175.000    3.000 0.686E-02 0.0108    1.5687
 800.000  175.000    3.000 0.526E-02 0.0083    1.5716
 850.000  175.000    3.000 0.406E-02 0.0064    1.5744
 900.000  175.000    3.000 0.316E-02 0.0050    1.5770
 950.000  175.000    3.000 0.248E-02 0.0039    1.5795
1000.000  175.000    3.000 0.196E-02 0.0031    1.5818
 140.000  175.000    4.000 0.306     0.4761    1.5557
 160.000  175.000    4.000 0.254     0.4157    1.6358
 180.000  175.000    4.000 0.211     0.3311    1.5653
 200.000  175.000    4.000 0.176     0.2706    1.5319
 250.000  175.000    4.000 0.114     0.1742    1.5225
 300.000  175.000    4.000 0.758E-01 0.1155    1.5239
 350.000  175.000    4.000 0.513E-01 0.0783    1.5269
 400.000  175.000    4.000 0.354E-01 0.0542    1.5312
 450.000  175.000    4.000 0.249E-01 0.0382    1.5356
 500.000  175.000    4.000 0.178E-01 0.0274    1.5399
 550.000  175.000    4.000 0.129E-01 0.0199    1.5441
 600.000  175.000    4.000 0.949E-02 0.0147    1.5481
 650.000  175.000    4.000 0.706E-02 0.0110    1.5519
 700.000  175.000    4.000 0.531E-02 0.0083    1.5553
 750.000  175.000    4.000 0.403E-02 0.0063    1.5583
 800.000  175.000    4.000 0.309E-02 0.0048    1.5611
 850.000  175.000    4.000 0.239E-02 0.0037    1.5639
 900.000  175.000    4.000 0.186E-02 0.0029    1.5665
 950.000  175.000    4.000 0.146E-02 0.0023    1.5689
1000.000  175.000    4.000 0.115E-02 0.0018    1.5713
 140.000  175.000    5.000 0.213     0.327     1.5363
 160.000  175.000    5.000 0.177     0.286     1.6154
 180.000  175.000    5.000 0.147     0.227     1.5458
 200.000  175.000    5.000 0.123     0.186     1.5128
 250.000  175.000    5.000 0.798E-01 0.120     1.5025
 300.000  175.000    5.000 0.528E-01 0.795E-01 1.5040
 350.000  175.000    5.000 0.358E-01 0.539E-01 1.5067
 400.000  175.000    5.000 0.247E-01 0.373E-01 1.5116
 450.000  175.000    5.000 0.174E-01 0.263E-01 1.5158
 500.000  175.000    5.000 0.124E-01 0.189E-01 1.5199
 550.000  175.000    5.000 0.900E-02 0.137E-01 1.5241
 600.000  175.000    5.000 0.662E-02 0.101E-01 1.5279
 650.000  175.000    5.000 0.492E-02 0.754E-02 1.5317
 700.000  175.000    5.000 0.370E-02 0.568E-02 1.5352
 750.000  175.000    5.000 0.281E-02 0.432E-02 1.5382
 800.000  175.000    5.000 0.215E-02 0.332E-02 1.5415
 850.000  175.000    5.000 0.166E-02 0.257E-02 1.5444
 900.000  175.000    5.000 0.130E-02 0.200E-02 1.5467
 950.000  175.000    5.000 0.102E-02 0.157E-02 1.5493
1000.000  175.000    5.000 0.801E-03 0.124E-02 1.5515
 140.000  175.000   10.000 0.164     0.227     1.3897
 160.000  175.000   10.000 0.136     0.199     1.4610
 180.000  175.000   10.000 0.113     0.158     1.3980
 200.000  175.000   10.000 0.947E-01 0.129     1.3682
 250.000  175.000   10.000 0.614E-01 0.834E-01 1.3589
 300.000  175.000   10.000 0.406E-01 0.553E-01 1.3602
 350.000  175.000   10.000 0.275E-01 0.375E-01 1.3626
 400.000  175.000   10.000 0.190E-01 0.260E-01 1.3671
 450.000  175.000   10.000 0.134E-01 0.183E-01 1.3708
 500.000  175.000   10.000 0.955E-02 0.131E-01 1.3746
 550.000  175.000   10.000 0.692E-02 0.954E-02 1.3784
 600.000  175.000   10.000 0.509E-02 0.703E-02 1.3819
 650.000  175.000   10.000 0.379E-02 0.524E-02 1.3853
 700.000  175.000   10.000 0.285E-02 0.395E-02 1.3884
 750.000  175.000   10.000 0.216E-02 0.301E-02 1.3911
 800.000  175.000   10.000 0.166E-02 0.231E-02 1.3941
 850.000  175.000   10.000 0.128E-02 0.179E-02 1.3967
 900.000  175.000   10.000 0.997E-03 0.139E-02 1.3988
 950.000  175.000   10.000 0.781E-03 0.109E-02 1.4011
1000.000  175.000   10.000 0.616E-03 0.865E-03 1.4032
 140.000  175.000   15.000 0.286     0.382     1.3368
 160.000  175.000   15.000 0.237     0.334     1.4056
 180.000  175.000   15.000 0.197     0.266     1.3449
 200.000  175.000   15.000 0.165     0.217     1.3163
 250.000  175.000   15.000 0.107     0.140     1.3073
 300.000  175.000   15.000 0.709E-01 0.927E-01 1.3086
 350.000  175.000   15.000 0.480E-01 0.629E-01 1.3109
 400.000  175.000   15.000 0.331E-01 0.436E-01 1.3152
 450.000  175.000   15.000 0.233E-01 0.307E-01 1.3188
 500.000  175.000   15.000 0.167E-01 0.220E-01 1.3224
 550.000  175.000   15.000 0.121E-01 0.160E-01 1.3261
 600.000  175.000   15.000 0.888E-02 0.118E-01 1.3294
 650.000  175.000   15.000 0.660E-02 0.880E-02 1.3327
 700.000  175.000   15.000 0.497E-02 0.663E-02 1.3357
 750.000  175.000   15.000 0.377E-02 0.505E-02 1.3383
 800.000  175.000   15.000 0.289E-02 0.388E-02 1.3412
 850.000  175.000   15.000 0.223E-02 0.300E-02 1.3437
 900.000  175.000   15.000 0.174E-02 0.234E-02 1.3457
 950.000  175.000   15.000 0.136E-02 0.184E-02 1.3480
1000.000  175.000   15.000 0.108E-02 0.145E-02 1.3499
 140.000  175.000   20.000 0.483     0.641     1.3247
 160.000  175.000   20.000 0.401     0.559     1.3929
 180.000  175.000   20.000 0.334     0.445     1.3328
 200.000  175.000   20.000 0.279     0.364     1.3044
 250.000  175.000   20.000 0.181     0.235     1.2955
 300.000  175.000   20.000 0.120     0.155     1.2968
 350.000  175.000   20.000 0.812E-01 0.105     1.2991
 400.000  175.000   20.000 0.560E-01 0.730E-01 1.3034
 450.000  175.000   20.000 0.394E-01 0.515E-01 1.3070
 500.000  175.000   20.000 0.282E-01 0.369E-01 1.3105
 550.000  175.000   20.000 0.204E-01 0.268E-01 1.3141
 600.000  175.000   20.000 0.150E-01 0.198E-01 1.3175
 650.000  175.000   20.000 0.112E-01 0.148E-01 1.3207
 700.000  175.000   20.000 0.840E-02 0.111E-01 1.3237
 750.000  175.000   20.000 0.638E-02 0.846E-02 1.3263
 800.000  175.000   20.000 0.489E-02 0.650E-02 1.3291
 850.000  175.000   20.000 0.378E-02 0.503E-02 1.3316
 900.000  175.000   20.000 0.294E-02 0.392E-02 1.3336
 950.000  175.000   20.000 0.230E-02 0.308E-02 1.3358
1000.000  175.000   20.000 0.182E-02 0.243E-02 1.3378
 140.000  175.000   25.000 0.745     0.985     1.3212
 160.000  175.000   25.000 0.619     0.860     1.3892
 180.000  175.000   25.000 0.515     0.685     1.3293
 200.000  175.000   25.000 0.430     0.559     1.3010
 250.000  175.000   25.000 0.279     0.360     1.2921
 300.000  175.000   25.000 0.185     0.239     1.2934
 350.000  175.000   25.000 0.125     0.162     1.2957
 400.000  175.000   25.000 0.863E-01 0.112     1.2999
 450.000  175.000   25.000 0.607E-01 0.791E-01 1.3035
 500.000  175.000   25.000 0.434E-01 0.567E-01 1.3070
 550.000  175.000   25.000 0.315E-01 0.412E-01 1.3106
 600.000  175.000   25.000 0.231E-01 0.304E-01 1.3140
 650.000  175.000   25.000 0.172E-01 0.227E-01 1.3172
 700.000  175.000   25.000 0.129E-01 0.171E-01 1.3202
 750.000  175.000   25.000 0.983E-02 0.130E-01 1.3227
 800.000  175.000   25.000 0.753E-02 0.998E-02 1.3256
 850.000  175.000   25.000 0.582E-02 0.773E-02 1.3281
 900.000  175.000   25.000 0.453E-02 0.602E-02 1.3301
 950.000  175.000   25.000 0.355E-02 0.473E-02 1.3323
1000.000  175.000   25.000 0.280E-02 0.374E-02 1.3343
 140.000  175.000   30.000 1.068     1.410     1.3201
 160.000  175.000   30.000 0.886     1.230     1.3879
 180.000  175.000   30.000 0.738     0.980     1.3280
 200.000  175.000   30.000 0.616     0.801     1.2997
 250.000  175.000   30.000 0.400     0.516     1.2909
 300.000  175.000   30.000 0.265     0.342     1.2921
 350.000  175.000   30.000 0.179     0.232     1.2944
 400.000  175.000   30.000 0.124     0.161     1.2987
 450.000  175.000   30.000 0.870E-01 0.113     1.3022
 500.000  175.000   30.000 0.622E-01 0.812E-01 1.3058
 550.000  175.000   30.000 0.451E-01 0.590E-01 1.3094
 600.000  175.000   30.000 0.331E-01 0.435E-01 1.3127
 650.000  175.000   30.000 0.247E-01 0.324E-01 1.3159
 700.000  175.000   30.000 0.185E-01 0.244E-01 1.3189
 750.000  175.000   30.000 0.141E-01 0.186E-01 1.3215
 800.000  175.000   30.000 0.108E-01 0.143E-01 1.3243
 850.000  175.000   30.000 0.833E-02 0.111E-01 1.3268
 900.000  175.000   30.000 0.649E-02 0.862E-02 1.3288
 950.000  175.000   30.000 0.509E-02 0.677E-02 1.3310
1000.000  175.000   30.000 0.401E-02 0.535E-02 1.3330
 140.000  175.000   35.000 1.450     1.913     1.3194
 160.000  175.000   35.000 1.204     1.671     1.3873
 180.000  175.000   35.000 1.002     1.331     1.3275
 200.000  175.000   35.000 0.837     1.088     1.2991
 250.000  175.000   35.000 0.543     0.700     1.2903
 300.000  175.000   35.000 0.359     0.464     1.2916
 350.000  175.000   35.000 0.243     0.315     1.2939
 400.000  175.000   35.000 0.168     0.218     1.2981
 450.000  175.000   35.000 0.118     0.154     1.3017
 500.000  175.000   35.000 0.844E-01 0.110     1.3052
 550.000  175.000   35.000 0.612E-01 0.801E-01 1.3088
 600.000  175.000   35.000 0.450E-01 0.591E-01 1.3121
 650.000  175.000   35.000 0.335E-01 0.440E-01 1.3154
 700.000  175.000   35.000 0.252E-01 0.332E-01 1.3184
 750.000  175.000   35.000 0.191E-01 0.253E-01 1.3209
 800.000  175.000   35.000 0.146E-01 0.194E-01 1.3238
 850.000  175.000   35.000 0.113E-01 0.150E-01 1.3263
 900.000  175.000   35.000 0.881E-02 0.117E-01 1.3282
 950.000  175.000   35.000 0.691E-02 0.919E-02 1.3304
1000.000  175.000   35.000 0.545E-02 0.726E-02 1.3324
 140.000  175.000   40.000 1.892     2.496     1.3192
 160.000  175.000   40.000 1.571     2.179     1.3870
 180.000  175.000   40.000 1.308     1.736     1.3272
 200.000  175.000   40.000 1.092     1.419     1.2989
 250.000  175.000   40.000 0.708     0.913     1.2901
 300.000  175.000   40.000 0.469     0.605     1.2913
 350.000  175.000   40.000 0.317     0.411     1.2936
 400.000  175.000   40.000 0.219     0.284     1.2979
 450.000  175.000   40.000 0.154     0.201     1.3014
 500.000  175.000   40.000 0.110     0.144     1.3049
 550.000  175.000   40.000 0.799E-01 0.105     1.3086
 600.000  175.000   40.000 0.587E-01 0.770E-01 1.3119
 650.000  175.000   40.000 0.437E-01 0.574E-01 1.3151
 700.000  175.000   40.000 0.328E-01 0.433E-01 1.3181
 750.000  175.000   40.000 0.249E-01 0.329E-01 1.3206
 800.000  175.000   40.000 0.191E-01 0.253E-01 1.3235
 850.000  175.000   40.000 0.148E-01 0.196E-01 1.3260
 900.000  175.000   40.000 0.115E-01 0.153E-01 1.3279
 950.000  175.000   40.000 0.901E-02 0.120E-01 1.3302
1000.000  175.000   40.000 0.711E-02 0.947E-02 1.3321
 140.000  175.000   45.000 2.394     3.158     1.3191
 160.000  175.000   45.000 1.987     2.757     1.3869
 180.000  175.000   45.000 1.654     2.196     1.3270
 200.000  175.000   45.000 1.382     1.795     1.2987
 250.000  175.000   45.000 0.895     1.16      1.2899
 300.000  175.000   45.000 0.593     0.766     1.2912
 350.000  175.000   45.000 0.402     0.519     1.2934
 400.000  175.000   45.000 0.277     0.360     1.2977
 450.000  175.000   45.000 0.195     0.254     1.3013
 500.000  175.000   45.000 0.139     0.182     1.3048
 550.000  175.000   45.000 0.101     0.132     1.3084
 600.000  175.000   45.000 0.743E-01 0.974E-01 1.3117
 650.000  175.000   45.000 0.553E-01 0.727E-01 1.3150
 700.000  175.000   45.000 0.415E-01 0.548E-01 1.3180
 750.000  175.000   45.000 0.316E-01 0.417E-01 1.3205
 800.000  175.000   45.000 0.242E-01 0.320E-01 1.3234
 850.000  175.000   45.000 0.187E-01 0.248E-01 1.3258
 900.000  175.000   45.000 0.145E-01 0.193E-01 1.3278
 950.000  175.000   45.000 0.114E-01 0.152E-01 1.3300
1000.000  175.000   45.000 0.899E-02 0.120E-01 1.3320
 140.000  175.000   50.000 2.954     3.896     1.3188
 160.000  175.000   50.000 2.453     3.402     1.3868
 180.000  175.000   50.000 2.042     2.710     1.3270
 200.000  175.000   50.000 1.705     2.215     1.2987
 250.000  175.000   50.000 1.11      1.43      1.2898
 300.000  175.000   50.000 0.732     0.945     1.2911
 350.000  175.000   50.000 0.496     0.641     1.2934
 400.000  175.000   50.000 0.342     0.444     1.2977
 450.000  175.000   50.000 0.241     0.313     1.3012
 500.000  175.000   50.000 0.172     0.224     1.3047
 550.000  175.000   50.000 0.125     0.163     1.3083
 600.000  175.000   50.000 0.917E-01 0.120     1.3116
 650.000  175.000   50.000 0.682E-01 0.897E-01 1.3149
 700.000  175.000   50.000 0.513E-01 0.676E-01 1.3179
 750.000  175.000   50.000 0.389E-01 0.514E-01 1.3204
 800.000  175.000   50.000 0.298E-01 0.395E-01 1.3233
 850.000  175.000   50.000 0.231E-01 0.306E-01 1.3258
 900.000  175.000   50.000 0.179E-01 0.238E-01 1.3277
 950.000  175.000   50.000 0.141E-01 0.187E-01 1.3299
1000.000  175.000   50.000 0.111E-01 0.148E-01 1.3319
 140.000  175.000   55.000 3.574     4.714     1.3189
 160.000  175.000   55.000 2.968     4.115     1.3867
 180.000  175.000   55.000 2.470     3.278     1.3269
 200.000  175.000   55.000 2.063     2.679     1.2986
 250.000  175.000   55.000 1.34      1.72      1.2898
 300.000  175.000   55.000 0.885     1.14      1.2911
 350.000  175.000   55.000 0.599     0.775     1.2933
 400.000  175.000   55.000 0.414     0.537     1.2976
 450.000  175.000   55.000 0.291     0.379     1.3011
 500.000  175.000   55.000 0.208     0.271     1.3047
 550.000  175.000   55.000 0.151     0.197     1.3083
 600.000  175.000   55.000 0.111     0.145     1.3116
 650.000  175.000   55.000 0.825E-01 0.108     1.3148
 700.000  175.000   55.000 0.620E-01 0.817E-01 1.3178
 750.000  175.000   55.000 0.471E-01 0.622E-01 1.3204
 800.000  175.000   55.000 0.361E-01 0.478E-01 1.3232
 850.000  175.000   55.000 0.279E-01 0.370E-01 1.3257
 900.000  175.000   55.000 0.217E-01 0.288E-01 1.3277
 950.000  175.000   55.000 0.170E-01 0.226E-01 1.3299
1000.000  175.000   55.000 0.134E-01 0.179E-01 1.3318
 140.000  175.000   60.000 4.253     5.610     1.3190
 160.000  175.000   60.000 3.531     4.897     1.3867
 180.000  175.000   60.000 2.940     3.901     1.3269
 200.000  175.000   60.000 2.455     3.188     1.2986
 250.000  175.000   60.000 1.59      2.05      1.2898
 300.000  175.000   60.000 1.05      1.36      1.2910
 350.000  175.000   60.000 0.713     0.923     1.2933
 400.000  175.000   60.000 0.493     0.639     1.2976
 450.000  175.000   60.000 0.346     0.451     1.3011
 500.000  175.000   60.000 0.247     0.323     1.3046
 550.000  175.000   60.000 0.180     0.235     1.3083
 600.000  175.000   60.000 0.132     0.173     1.3116
 650.000  175.000   60.000 0.982E-01 0.129     1.3148
 700.000  175.000   60.000 0.738E-01 0.973E-01 1.3178
 750.000  175.000   60.000 0.561E-01 0.740E-01 1.3203
 800.000  175.000   60.000 0.430E-01 0.568E-01 1.3232
 850.000  175.000   60.000 0.332E-01 0.440E-01 1.3257
 900.000  175.000   60.000 0.258E-01 0.343E-01 1.3276
 950.000  175.000   60.000 0.203E-01 0.269E-01 1.3299
1000.000  175.000   60.000 0.160E-01 0.213E-01 1.3318
 180.000  175.000   20.000   0.334540     0.446055     1.3333
 190.000  175.000   20.000   0.305593     0.401300     1.3132
 200.000  175.000   20.000   0.279388     0.364662     1.3052
 210.000  175.000   20.000   0.255651     0.332680     1.3013
 220.000  175.000   20.000   0.234142     0.304208     1.2992
 230.000  175.000   20.000   0.214637     0.278641     1.2982
 240.000  175.000   20.000   0.196940     0.255587     1.2978
 250.000  175.000   20.000   0.180869     0.234713     1.2977
 260.000  175.000   20.000   0.166264     0.215544     1.2964
 270.000  175.000   20.000   0.152980     0.198365     1.2967
 280.000  175.000   20.000   0.140885     0.182739     1.2971
 290.000  175.000   20.000   0.129863     0.168498     1.2975
 300.000  175.000   20.000   0.119809     0.155507     1.2980
 310.000  175.000   20.000   0.110630     0.143647     1.2984
 320.000  175.000   20.000   0.102243     0.132810     1.2990
 330.000  175.000   20.000   0.945724E-01 0.122896     1.2995
 340.000  175.000   20.000   0.875505E-01 0.113820     1.3000
 350.000  175.000   20.000   0.811163E-01 0.105501     1.3006
 360.000  175.000   20.000   0.752149E-01 0.978701E-01 1.3012
 370.000  175.000   20.000   0.697893E-01 0.908635E-01 1.3020
 380.000  175.000   20.000   0.648054E-01 0.844241E-01 1.3027
 390.000  175.000   20.000   0.602233E-01 0.785009E-01 1.3035
 400.000  175.000   20.000   0.560068E-01 0.730477E-01 1.3043
 410.000  175.000   20.000   0.521237E-01 0.680226E-01 1.3050
 420.000  175.000   20.000   0.485445E-01 0.633885E-01 1.3058
 430.000  175.000   20.000   0.452430E-01 0.591114E-01 1.3065
 440.000  175.000   20.000   0.421948E-01 0.551605E-01 1.3073
 450.000  175.000   20.000   0.393784E-01 0.515080E-01 1.3080
 460.000  175.000   20.000   0.367741E-01 0.481289E-01 1.3088
 470.000  175.000   20.000   0.343642E-01 0.450001E-01 1.3095
 480.000  175.000   20.000   0.321325E-01 0.421010E-01 1.3102
 490.000  175.000   20.000   0.300641E-01 0.394127E-01 1.3110
 500.000  175.000   20.000   0.281456E-01 0.369180E-01 1.3117
 510.000  175.000   20.000   0.263651E-01 0.346015E-01 1.3124
 520.000  175.000   20.000   0.247114E-01 0.324489E-01 1.3131
 530.000  175.000   20.000   0.231745E-01 0.304473E-01 1.3138
 540.000  175.000   20.000   0.217453E-01 0.285848E-01 1.3145
 550.000  175.000   20.000   0.204152E-01 0.268508E-01 1.3152
 560.000  175.000   20.000   0.191768E-01 0.252351E-01 1.3159
 570.000  175.000   20.000   0.180227E-01 0.237288E-01 1.3166
 580.000  175.000   20.000   0.169468E-01 0.223237E-01 1.3173
 590.000  175.000   20.000   0.159430E-01 0.210121E-01 1.3180
 600.000  175.000   20.000   0.150059E-01 0.197871E-01 1.3186
 180.000  175.000   22.000   0.401747     0.534910     1.3315
 190.000  175.000   22.000   0.366986     0.481239     1.3113
 200.000  175.000   22.000   0.335515     0.437303     1.3034
 210.000  175.000   22.000   0.307010     0.398950     1.2995
 220.000  175.000   22.000   0.281180     0.364806     1.2974
 230.000  175.000   22.000   0.257757     0.334146     1.2964
 240.000  175.000   22.000   0.236504     0.306501     1.2960
 250.000  175.000   22.000   0.217205     0.281469     1.2959
 260.000  175.000   22.000   0.199666     0.258480     1.2946
 270.000  175.000   22.000   0.183713     0.237880     1.2948
 280.000  175.000   22.000   0.169188     0.219141     1.2953
 290.000  175.000   22.000   0.155952     0.202063     1.2957
 300.000  175.000   22.000   0.143878     0.186485     1.2961
 310.000  175.000   22.000   0.132855     0.172262     1.2966
 320.000  175.000   22.000   0.122783     0.159265     1.2971
 330.000  175.000   22.000   0.113572     0.147378     1.2977
 340.000  175.000   22.000   0.105139     0.136493     1.2982
 350.000  175.000   22.000   0.974122E-01 0.126517     1.2988
 360.000  175.000   22.000   0.903252E-01 0.117366     1.2994
 370.000  175.000   22.000   0.838097E-01 0.108964     1.3001
 380.000  175.000   22.000   0.778245E-01 0.101242     1.3009
 390.000  175.000   22.000   0.723219E-01 0.941384E-01 1.3017
 400.000  175.000   22.000   0.672583E-01 0.875988E-01 1.3024
 410.000  175.000   22.000   0.625952E-01 0.815728E-01 1.3032
 420.000  175.000   22.000   0.582969E-01 0.760155E-01 1.3039
 430.000  175.000   22.000   0.543321E-01 0.708865E-01 1.3047
 440.000  175.000   22.000   0.506715E-01 0.661486E-01 1.3054
 450.000  175.000   22.000   0.472893E-01 0.617685E-01 1.3062
 460.000  175.000   22.000   0.441619E-01 0.577162E-01 1.3069
 470.000  175.000   22.000   0.412678E-01 0.539642E-01 1.3077
 480.000  175.000   22.000   0.385877E-01 0.504875E-01 1.3084
 490.000  175.000   22.000   0.361038E-01 0.472637E-01 1.3091
 500.000  175.000   22.000   0.338000E-01 0.442722E-01 1.3098
 510.000  175.000   22.000   0.316617E-01 0.414942E-01 1.3105
 520.000  175.000   22.000   0.296758E-01 0.389128E-01 1.3113
 530.000  175.000   22.000   0.278302E-01 0.365124E-01 1.3120
 540.000  175.000   22.000   0.261138E-01 0.342790E-01 1.3127
 550.000  175.000   22.000   0.245166E-01 0.321995E-01 1.3134
 560.000  175.000   22.000   0.230293E-01 0.302620E-01 1.3141
 570.000  175.000   22.000   0.216434E-01 0.284557E-01 1.3147
 580.000  175.000   22.000   0.203513E-01 0.267706E-01 1.3154
 590.000  175.000   22.000   0.191458E-01 0.251977E-01 1.3161
 600.000  175.000   22.000   0.180206E-01 0.237287E-01 1.3168
 180.000  175.000   24.000   0.475817     0.632957     1.3303
 190.000  175.000   24.000   0.434647     0.569448     1.3101
 200.000  175.000   24.000   0.397374     0.517458     1.3022
 210.000  175.000   24.000   0.363613     0.472075     1.2983
 220.000  175.000   24.000   0.333021     0.431674     1.2962
 230.000  175.000   24.000   0.305280     0.395394     1.2952
 240.000  175.000   24.000   0.280108     0.362681     1.2948
 250.000  175.000   24.000   0.257251     0.333060     1.2947
 260.000  175.000   24.000   0.236479     0.305858     1.2934
 270.000  175.000   24.000   0.217584     0.281482     1.2937
 280.000  175.000   24.000   0.200381     0.259308     1.2941
 290.000  175.000   24.000   0.184704     0.239100     1.2945
 300.000  175.000   24.000   0.170404     0.220666     1.2950
 310.000  175.000   24.000   0.157349     0.203837     1.2954
 320.000  175.000   24.000   0.145420     0.188458     1.2960
 330.000  175.000   24.000   0.134511     0.174391     1.2965
 340.000  175.000   24.000   0.124523     0.161511     1.2970
 350.000  175.000   24.000   0.115372     0.149707     1.2976
 360.000  175.000   24.000   0.106978     0.138878     1.2982
 370.000  175.000   24.000   0.992616E-01 0.128936     1.2990
 380.000  175.000   24.000   0.921729E-01 0.119799     1.2997
 390.000  175.000   24.000   0.856558E-01 0.111393     1.3005
 400.000  175.000   24.000   0.796587E-01 0.103655     1.3012
 410.000  175.000   24.000   0.741358E-01 0.965247E-01 1.3020
 420.000  175.000   24.000   0.690451E-01 0.899488E-01 1.3028
 430.000  175.000   24.000   0.643492E-01 0.838797E-01 1.3035
 440.000  175.000   24.000   0.600138E-01 0.782733E-01 1.3043
 450.000  175.000   24.000   0.560080E-01 0.730904E-01 1.3050
 460.000  175.000   24.000   0.523039E-01 0.682953E-01 1.3057
 470.000  175.000   24.000   0.488763E-01 0.638556E-01 1.3065
 480.000  175.000   24.000   0.457021E-01 0.597417E-01 1.3072
 490.000  175.000   24.000   0.427602E-01 0.559270E-01 1.3079
 500.000  175.000   24.000   0.400316E-01 0.523870E-01 1.3086
 510.000  175.000   24.000   0.374992E-01 0.490999E-01 1.3094
 520.000  175.000   24.000   0.351471E-01 0.460453E-01 1.3101
 530.000  175.000   24.000   0.329612E-01 0.432050E-01 1.3108
 540.000  175.000   24.000   0.309284E-01 0.405621E-01 1.3115
 550.000  175.000   24.000   0.290367E-01 0.381015E-01 1.3122
 560.000  175.000   24.000   0.272752E-01 0.358088E-01 1.3129
 570.000  175.000   24.000   0.256338E-01 0.336714E-01 1.3136
 580.000  175.000   24.000   0.241034E-01 0.316775E-01 1.3142
 590.000  175.000   24.000   0.226757E-01 0.298164E-01 1.3149
 600.000  175.000   24.000   0.213430E-01 0.280781E-01 1.3156
 180.000  175.000   26.000   0.556651     0.740041     1.3295
 190.000  175.000   26.000   0.508486     0.665788     1.3094
 200.000  175.000   26.000   0.464882     0.605002     1.3014
 210.000  175.000   26.000   0.425385     0.551941     1.2975
 220.000  175.000   26.000   0.389596     0.504705     1.2955
 230.000  175.000   26.000   0.357142     0.462287     1.2944
 240.000  175.000   26.000   0.327694     0.424040     1.2940
 250.000  175.000   26.000   0.300954     0.389408     1.2939
 260.000  175.000   26.000   0.276653     0.357604     1.2926
 270.000  175.000   26.000   0.254548     0.329103     1.2929
 280.000  175.000   26.000   0.234422     0.303178     1.2933
 290.000  175.000   26.000   0.216083     0.279551     1.2937
 300.000  175.000   26.000   0.199353     0.257999     1.2942
 310.000  175.000   26.000   0.184081     0.238322     1.2947
 320.000  175.000   26.000   0.170125     0.220342     1.2952
 330.000  175.000   26.000   0.157362     0.203895     1.2957
 340.000  175.000   26.000   0.145678     0.188836     1.2963
 350.000  175.000   26.000   0.134972     0.175034     1.2968
 360.000  175.000   26.000   0.125152     0.162374     1.2974
 370.000  175.000   26.000   0.116125     0.150750     1.2982
 380.000  175.000   26.000   0.107832     0.140066     1.2989
 390.000  175.000   26.000   0.100207     0.130239     1.2997
 400.000  175.000   26.000   0.931915E-01 0.121192     1.3005
 410.000  175.000   26.000   0.867303E-01 0.112855     1.3012
 420.000  175.000   26.000   0.807748E-01 0.105166     1.3020
 430.000  175.000   26.000   0.752812E-01 0.980705E-01 1.3027
 440.000  175.000   26.000   0.702092E-01 0.915156E-01 1.3035
 450.000  175.000   26.000   0.655229E-01 0.854558E-01 1.3042
 460.000  175.000   26.000   0.611896E-01 0.798496E-01 1.3050
 470.000  175.000   26.000   0.571797E-01 0.746587E-01 1.3057
 480.000  175.000   26.000   0.534662E-01 0.698488E-01 1.3064
 490.000  175.000   26.000   0.500245E-01 0.653887E-01 1.3071
 500.000  175.000   26.000   0.468324E-01 0.612499E-01 1.3079
 510.000  175.000   26.000   0.438697E-01 0.574066E-01 1.3086
 520.000  175.000   26.000   0.411180E-01 0.538353E-01 1.3093
 530.000  175.000   26.000   0.385608E-01 0.505144E-01 1.3100
 540.000  175.000   26.000   0.361827E-01 0.474245E-01 1.3107
 550.000  175.000   26.000   0.339696E-01 0.445475E-01 1.3114
 560.000  175.000   26.000   0.319088E-01 0.418670E-01 1.3121
 570.000  175.000   26.000   0.299886E-01 0.393680E-01 1.3128
 580.000  175.000   26.000   0.281982E-01 0.370367E-01 1.3134
 590.000  175.000   26.000   0.265280E-01 0.348607E-01 1.3141
 600.000  175.000   26.000   0.249689E-01 0.328284E-01 1.3148
 180.000  175.000   28.000   0.644186     0.856061     1.3289
 190.000  175.000   28.000   0.588447     0.770167     1.3088
 200.000  175.000   28.000   0.537985     0.699852     1.3009
 210.000  175.000   28.000   0.492278     0.638472     1.2970
 220.000  175.000   28.000   0.450861     0.583830     1.2949
 230.000  175.000   28.000   0.413303     0.534762     1.2939
 240.000  175.000   28.000   0.379225     0.490519     1.2935
 250.000  175.000   28.000   0.348279     0.450457     1.2934
 260.000  175.000   28.000   0.320157     0.413667     1.2921
 270.000  175.000   28.000   0.294576     0.380699     1.2924
 280.000  175.000   28.000   0.271286     0.350709     1.2928
 290.000  175.000   28.000   0.250062     0.323378     1.2932
 300.000  175.000   28.000   0.230702     0.298447     1.2936
 310.000  175.000   28.000   0.213028     0.275685     1.2941
 320.000  175.000   28.000   0.196878     0.254886     1.2946
 330.000  175.000   28.000   0.182107     0.235860     1.2952
 340.000  175.000   28.000   0.168586     0.218441     1.2957
 350.000  175.000   28.000   0.156197     0.202475     1.2963
 360.000  175.000   28.000   0.144833     0.187830     1.2969
 370.000  175.000   28.000   0.134385     0.174383     1.2976
 380.000  175.000   28.000   0.124788     0.162025     1.2984
 390.000  175.000   28.000   0.115965     0.150657     1.2992
 400.000  175.000   28.000   0.107846     0.140192     1.2999
 410.000  175.000   28.000   0.100369     0.130548     1.3007
 420.000  175.000   28.000   0.934768E-01 0.121654     1.3014
 430.000  175.000   28.000   0.871193E-01 0.113446     1.3022
 440.000  175.000   28.000   0.812497E-01 0.105863     1.3029
 450.000  175.000   28.000   0.758265E-01 0.988533E-01 1.3037
 460.000  175.000   28.000   0.708118E-01 0.923680E-01 1.3044
 470.000  175.000   28.000   0.661713E-01 0.863634E-01 1.3051
 480.000  175.000   28.000   0.618739E-01 0.807994E-01 1.3059
 490.000  175.000   28.000   0.578910E-01 0.756401E-01 1.3066
 500.000  175.000   28.000   0.541969E-01 0.708524E-01 1.3073
 510.000  175.000   28.000   0.507683E-01 0.664066E-01 1.3080
 520.000  175.000   28.000   0.475839E-01 0.622753E-01 1.3087
 530.000  175.000   28.000   0.446246E-01 0.584339E-01 1.3095
 540.000  175.000   28.000   0.418725E-01 0.548595E-01 1.3102
 550.000  175.000   28.000   0.393113E-01 0.515315E-01 1.3109
 560.000  175.000   28.000   0.369265E-01 0.484307E-01 1.3115
 570.000  175.000   28.000   0.347044E-01 0.455400E-01 1.3122
 580.000  175.000   28.000   0.326325E-01 0.428432E-01 1.3129
 590.000  175.000   28.000   0.306996E-01 0.403260E-01 1.3136
 600.000  175.000   28.000   0.288953E-01 0.379751E-01 1.3142
 180.000  175.000   30.000   0.738377     0.980949     1.3285
 190.000  175.000   30.000   0.674488     0.882525     1.3084
 200.000  175.000   30.000   0.616649     0.801951     1.3005
 210.000  175.000   30.000   0.564257     0.731617     1.2966
 220.000  175.000   30.000   0.516785     0.669003     1.2945
 230.000  175.000   30.000   0.473736     0.612777     1.2935
 240.000  175.000   30.000   0.434674     0.562079     1.2931
 250.000  175.000   30.000   0.399204     0.516173     1.2930
 260.000  175.000   30.000   0.366970     0.474016     1.2917
 270.000  175.000   30.000   0.337649     0.436238     1.2920
 280.000  175.000   30.000   0.310953     0.401873     1.2924
 290.000  175.000   30.000   0.286626     0.370554     1.2928
 300.000  175.000   30.000   0.264435     0.341987     1.2933
 310.000  175.000   30.000   0.244176     0.315904     1.2938
 320.000  175.000   30.000   0.225665     0.292070     1.2943
 330.000  175.000   30.000   0.208735     0.270269     1.2948
 340.000  175.000   30.000   0.193237     0.250308     1.2953
 350.000  175.000   30.000   0.179035     0.232014     1.2959
 360.000  175.000   30.000   0.166010     0.215232     1.2965
 370.000  175.000   30.000   0.154035     0.199824     1.2973
 380.000  175.000   30.000   0.143035     0.185663     1.2980
 390.000  175.000   30.000   0.132921     0.172636     1.2988
 400.000  175.000   30.000   0.123615     0.160644     1.2995
 410.000  175.000   30.000   0.115045     0.149593     1.3003
 420.000  175.000   30.000   0.107145     0.139402     1.3011
 430.000  175.000   30.000   0.998577E-01 0.129996     1.3018
 440.000  175.000   30.000   0.931299E-01 0.121307     1.3026
 450.000  175.000   30.000   0.869137E-01 0.113275     1.3033
 460.000  175.000   30.000   0.811657E-01 0.105843     1.3040
 470.000  175.000   30.000   0.758467E-01 0.989627E-01 1.3048
 480.000  175.000   30.000   0.709210E-01 0.925870E-01 1.3055
 490.000  175.000   30.000   0.663557E-01 0.866750E-01 1.3062
 500.000  175.000   30.000   0.621215E-01 0.811889E-01 1.3069
 510.000  175.000   30.000   0.581915E-01 0.760945E-01 1.3077
 520.000  175.000   30.000   0.545416E-01 0.713605E-01 1.3084
 530.000  175.000   30.000   0.511495E-01 0.669586E-01 1.3091
 540.000  175.000   30.000   0.479950E-01 0.628628E-01 1.3098
 550.000  175.000   30.000   0.450594E-01 0.590493E-01 1.3105
 560.000  175.000   30.000   0.423258E-01 0.554961E-01 1.3112
 570.000  175.000   30.000   0.397788E-01 0.521837E-01 1.3118
 580.000  175.000   30.000   0.374039E-01 0.490935E-01 1.3125
 590.000  175.000   30.000   0.351884E-01 0.462091E-01 1.3132
 600.000  175.000   30.000   0.331203E-01 0.435151E-01 1.3139
 180.000  175.000   32.000   0.839196      1.11466     1.3282
 190.000  175.000   32.000   0.766583      1.00282     1.3082
 200.000  175.000   32.000   0.700846     0.911261     1.3002
 210.000  175.000   32.000   0.641301     0.831340     1.2963
 220.000  175.000   32.000   0.587347     0.760192     1.2943
 230.000  175.000   32.000   0.538420     0.696301     1.2932
 240.000  175.000   32.000   0.494025     0.638693     1.2928
 250.000  175.000   32.000   0.453711     0.586530     1.2927
 260.000  175.000   32.000   0.417076     0.538627     1.2914
 270.000  175.000   32.000   0.383751     0.495699     1.2917
 280.000  175.000   32.000   0.353410     0.456651     1.2921
 290.000  175.000   32.000   0.325762     0.421063     1.2925
 300.000  175.000   32.000   0.300541     0.388601     1.2930
 310.000  175.000   32.000   0.277516     0.358964     1.2935
 320.000  175.000   32.000   0.256477     0.331881     1.2940
 330.000  175.000   32.000   0.237236     0.307108     1.2945
 340.000  175.000   32.000   0.219621     0.284426     1.2951
 350.000  175.000   32.000   0.203481     0.263639     1.2956
 360.000  175.000   32.000   0.188677     0.244570     1.2962
 370.000  175.000   32.000   0.175067     0.227061     1.2970
 380.000  175.000   32.000   0.162565     0.210969     1.2978
 390.000  175.000   32.000   0.151071     0.196168     1.2985
 400.000  175.000   32.000   0.140494     0.182540     1.2993
 410.000  175.000   32.000   0.130753     0.169983     1.3000
 420.000  175.000   32.000   0.121774     0.158403     1.3008
 430.000  175.000   32.000   0.113492     0.147715     1.3015
 440.000  175.000   32.000   0.105846     0.137842     1.3023
 450.000  175.000   32.000   0.987810E-01 0.128715     1.3030
 460.000  175.000   32.000   0.922481E-01 0.120270     1.3038
 470.000  175.000   32.000   0.862029E-01 0.112452     1.3045
 480.000  175.000   32.000   0.806045E-01 0.105207     1.3052
 490.000  175.000   32.000   0.754159E-01 0.984892E-01 1.3059
 500.000  175.000   32.000   0.706036E-01 0.922553E-01 1.3067
 510.000  175.000   32.000   0.661370E-01 0.864665E-01 1.3074
 520.000  175.000   32.000   0.619887E-01 0.810873E-01 1.3081
 530.000  175.000   32.000   0.581335E-01 0.760854E-01 1.3088
 540.000  175.000   32.000   0.545483E-01 0.714313E-01 1.3095
 550.000  175.000   32.000   0.512118E-01 0.670980E-01 1.3102
 560.000  175.000   32.000   0.481050E-01 0.630605E-01 1.3109
 570.000  175.000   32.000   0.452102E-01 0.592965E-01 1.3116
 580.000  175.000   32.000   0.425111E-01 0.557852E-01 1.3123
 590.000  175.000   32.000   0.399931E-01 0.525076E-01 1.3129
 600.000  175.000   32.000   0.376425E-01 0.494465E-01 1.3136
 180.000  175.000   34.000   0.946619      1.25715     1.3280
 190.000  175.000   34.000   0.864712      1.13101     1.3080
 200.000  175.000   34.000   0.790560      1.02775     1.3000
 210.000  175.000   34.000   0.723393     0.937616     1.2961
 220.000  175.000   34.000   0.662532     0.857372     1.2941
 230.000  175.000   34.000   0.607342     0.785314     1.2930
 240.000  175.000   34.000   0.557264     0.720341     1.2926
 250.000  175.000   34.000   0.511790     0.661510     1.2925
 260.000  175.000   34.000   0.470465     0.607483     1.2912
 270.000  175.000   34.000   0.432874     0.559068     1.2915
 280.000  175.000   34.000   0.398650     0.515027     1.2919
 290.000  175.000   34.000   0.367462     0.474890     1.2924
 300.000  175.000   34.000   0.339013     0.438278     1.2928
 310.000  175.000   34.000   0.313040     0.404852     1.2933
 320.000  175.000   34.000   0.289308     0.374307     1.2938
 330.000  175.000   34.000   0.267604     0.346368     1.2943
 340.000  175.000   34.000   0.247734     0.320786     1.2949
 350.000  175.000   34.000   0.229528     0.297341     1.2954
 360.000  175.000   34.000   0.212829     0.275835     1.2960
 370.000  175.000   34.000   0.197477     0.256087     1.2968
 380.000  175.000   34.000   0.183374     0.237939     1.2976
 390.000  175.000   34.000   0.170409     0.221245     1.2983
 400.000  175.000   34.000   0.158478     0.205876     1.2991
 410.000  175.000   34.000   0.147490     0.191713     1.2998
 420.000  175.000   34.000   0.137362     0.178652     1.3006
 430.000  175.000   34.000   0.128020     0.166598     1.3013
 440.000  175.000   34.000   0.119395     0.155463     1.3021
 450.000  175.000   34.000   0.111426     0.145169     1.3028
 460.000  175.000   34.000   0.104057     0.135645     1.3036
 470.000  175.000   34.000   0.972375E-01 0.126827     1.3043
 480.000  175.000   34.000   0.909225E-01 0.118656     1.3050
 490.000  175.000   34.000   0.850697E-01 0.111080     1.3057
 500.000  175.000   34.000   0.796414E-01 0.104049     1.3065
 510.000  175.000   34.000   0.746031E-01 0.975201E-01 1.3072
 520.000  175.000   34.000   0.699237E-01 0.914532E-01 1.3079
 530.000  175.000   34.000   0.655750E-01 0.858119E-01 1.3086
 540.000  175.000   34.000   0.615309E-01 0.805628E-01 1.3093
 550.000  175.000   34.000   0.577673E-01 0.756755E-01 1.3100
 560.000  175.000   34.000   0.542629E-01 0.711220E-01 1.3107
 570.000  175.000   34.000   0.509974E-01 0.668768E-01 1.3114
 580.000  175.000   34.000   0.479528E-01 0.629165E-01 1.3121
 590.000  175.000   34.000   0.451125E-01 0.592200E-01 1.3127
 600.000  175.000   34.000   0.424611E-01 0.557675E-01 1.3134
 180.000  175.000   36.000    1.06063      1.40841     1.3279
 190.000  175.000   36.000   0.968860      1.26709     1.3078
 200.000  175.000   36.000   0.885777      1.15141     1.2999
 210.000  175.000   36.000   0.810520      1.05043     1.2960
 220.000  175.000   36.000   0.742329     0.960527     1.2939
 230.000  175.000   36.000   0.680491     0.879799     1.2929
 240.000  175.000   36.000   0.624382     0.807009     1.2925
 250.000  175.000   36.000   0.573431     0.741100     1.2924
 260.000  175.000   36.000   0.527129     0.680572     1.2911
 270.000  175.000   36.000   0.485011     0.626332     1.2914
 280.000  175.000   36.000   0.446664     0.576993     1.2918
 290.000  175.000   36.000   0.411719     0.532026     1.2922
 300.000  175.000   36.000   0.379844     0.491010     1.2927
 310.000  175.000   36.000   0.350743     0.453562     1.2931
 320.000  175.000   36.000   0.324153     0.419342     1.2937
 330.000  175.000   36.000   0.299834     0.388041     1.2942
 340.000  175.000   36.000   0.277572     0.359382     1.2947
 350.000  175.000   36.000   0.257173     0.333116     1.2953
 360.000  175.000   36.000   0.238463     0.309022     1.2959
 370.000  175.000   36.000   0.221262     0.286898     1.2966
 380.000  175.000   36.000   0.205460     0.266567     1.2974
 390.000  175.000   36.000   0.190933     0.247864     1.2982
 400.000  175.000   36.000   0.177565     0.230646     1.2989
 410.000  175.000   36.000   0.165254     0.214779     1.2997
 420.000  175.000   36.000   0.153907     0.200147     1.3004
 430.000  175.000   36.000   0.143439     0.186642     1.3012
 440.000  175.000   36.000   0.133775     0.174168     1.3019
 450.000  175.000   36.000   0.124846     0.162635     1.3027
 460.000  175.000   36.000   0.116589     0.151965     1.3034
 470.000  175.000   36.000   0.108949     0.142086     1.3042
 480.000  175.000   36.000   0.101873     0.132933     1.3049
 490.000  175.000   36.000   0.953157E-01 0.124444     1.3056
 500.000  175.000   36.000   0.892336E-01 0.116568     1.3063
 510.000  175.000   36.000   0.835884E-01 0.109253     1.3070
 520.000  175.000   36.000   0.783455E-01 0.102456     1.3078
 530.000  175.000   36.000   0.734730E-01 0.961364E-01 1.3085
 540.000  175.000   36.000   0.689418E-01 0.902557E-01 1.3092
 550.000  175.000   36.000   0.647249E-01 0.847804E-01 1.3099
 560.000  175.000   36.000   0.607984E-01 0.796790E-01 1.3105
 570.000  175.000   36.000   0.571397E-01 0.749231E-01 1.3112
 580.000  175.000   36.000   0.537283E-01 0.704864E-01 1.3119
 590.000  175.000   36.000   0.505459E-01 0.663450E-01 1.3126
 600.000  175.000   36.000   0.475752E-01 0.624772E-01 1.3132
 180.000  175.000   38.000    1.18122      1.56840     1.3278
 190.000  175.000   38.000    1.07902      1.41104     1.3077
 200.000  175.000   38.000   0.986487      1.28221     1.2998
 210.000  175.000   38.000   0.902673      1.16975     1.2959
 220.000  175.000   38.000   0.826729      1.06964     1.2938
 230.000  175.000   38.000   0.757861     0.979746     1.2928
 240.000  175.000   38.000   0.695372     0.898686     1.2924
 250.000  175.000   38.000   0.638628     0.825290     1.2923
 260.000  175.000   38.000   0.587061     0.757886     1.2910
 270.000  175.000   38.000   0.540155     0.697484     1.2913
 280.000  175.000   38.000   0.497448     0.642540     1.2917
 290.000  175.000   38.000   0.458531     0.592465     1.2921
 300.000  175.000   38.000   0.423031     0.546789     1.2926
 310.000  175.000   38.000   0.390622     0.505087     1.2930
 320.000  175.000   38.000   0.361008     0.466980     1.2935
 330.000  175.000   38.000   0.333925     0.432123     1.2941
 340.000  175.000   38.000   0.309131     0.400208     1.2946
 350.000  175.000   38.000   0.286413     0.370958     1.2952
 360.000  175.000   38.000   0.265575     0.344127     1.2958
 370.000  175.000   38.000   0.246418     0.319490     1.2965
 380.000  175.000   38.000   0.228821     0.296849     1.2973
 390.000  175.000   38.000   0.212642     0.276022     1.2981
 400.000  175.000   38.000   0.197754     0.256847     1.2988
 410.000  175.000   38.000   0.184043     0.239178     1.2996
 420.000  175.000   38.000   0.171405     0.222884     1.3003
 430.000  175.000   38.000   0.159748     0.207845     1.3011
 440.000  175.000   38.000   0.148985     0.193953     1.3018
 450.000  175.000   38.000   0.139041     0.181111     1.3026
 460.000  175.000   38.000   0.129845     0.169229     1.3033
 470.000  175.000   38.000   0.121336     0.158228     1.3040
 480.000  175.000   38.000   0.113456     0.148034     1.3048
 490.000  175.000   38.000   0.106153     0.138581     1.3055
 500.000  175.000   38.000   0.993791E-01 0.129810     1.3062
 510.000  175.000   38.000   0.930922E-01 0.121665     1.3069
 520.000  175.000   38.000   0.872531E-01 0.114096     1.3076
 530.000  175.000   38.000   0.818267E-01 0.107058     1.3083
 540.000  175.000   38.000   0.767802E-01 0.100509     1.3090
 550.000  175.000   38.000   0.720839E-01 0.944116E-01 1.3097
 560.000  175.000   38.000   0.677110E-01 0.887307E-01 1.3104
 570.000  175.000   38.000   0.636363E-01 0.834344E-01 1.3111
 580.000  175.000   38.000   0.598371E-01 0.784937E-01 1.3118
 590.000  175.000   38.000   0.562928E-01 0.738819E-01 1.3125
 600.000  175.000   38.000   0.529843E-01 0.695747E-01 1.3131
 180.000  175.000   40.000    1.30838      1.73713     1.3277
 190.000  175.000   40.000    1.19517      1.56283     1.3076
 200.000  175.000   40.000    1.09268      1.42015     1.2997
 210.000  175.000   40.000   0.999847      1.29559     1.2958
 220.000  175.000   40.000   0.915727      1.18471     1.2937
 230.000  175.000   40.000   0.839445      1.08514     1.2927
 240.000  175.000   40.000   0.770229     0.995365     1.2923
 250.000  175.000   40.000   0.707377     0.914072     1.2922
 260.000  175.000   40.000   0.650259     0.839418     1.2909
 270.000  175.000   40.000   0.598303     0.772518     1.2912
 280.000  175.000   40.000   0.550999     0.711662     1.2916
 290.000  175.000   40.000   0.507892     0.656201     1.2920
 300.000  175.000   40.000   0.468571     0.605611     1.2925
 310.000  175.000   40.000   0.432673     0.559423     1.2929
 320.000  175.000   40.000   0.399871     0.517216     1.2935
 330.000  175.000   40.000   0.369872     0.478610     1.2940
 340.000  175.000   40.000   0.342409     0.443262     1.2945
 350.000  175.000   40.000   0.317245     0.410865     1.2951
 360.000  175.000   40.000   0.294165     0.381147     1.2957
 370.000  175.000   40.000   0.272945     0.353860     1.2965
 380.000  175.000   40.000   0.253453     0.328783     1.2972
 390.000  175.000   40.000   0.235533     0.305715     1.2980
 400.000  175.000   40.000   0.219042     0.284478     1.2987
 410.000  175.000   40.000   0.203855     0.264909     1.2995
 420.000  175.000   40.000   0.189857     0.246861     1.3002
 430.000  175.000   40.000   0.176945     0.230205     1.3010
 440.000  175.000   40.000   0.165023     0.214818     1.3017
 450.000  175.000   40.000   0.154008     0.200594     1.3025
 460.000  175.000   40.000   0.143823     0.187434     1.3032
 470.000  175.000   40.000   0.134398     0.175249     1.3040
 480.000  175.000   40.000   0.125670     0.163959     1.3047
 490.000  175.000   40.000   0.117580     0.153490     1.3054
 500.000  175.000   40.000   0.110077     0.143774     1.3061
 510.000  175.000   40.000   0.103114     0.134753     1.3068
 520.000  175.000   40.000   0.966460E-01 0.126370     1.3076
 530.000  175.000   40.000   0.906353E-01 0.118575     1.3083
 540.000  175.000   40.000   0.850457E-01 0.111321     1.3090
 550.000  175.000   40.000   0.798438E-01 0.104568     1.3097
 560.000  175.000   40.000   0.750001E-01 0.982761E-01 1.3103
 570.000  175.000   40.000   0.704867E-01 0.924101E-01 1.3110
 580.000  175.000   40.000   0.662786E-01 0.869378E-01 1.3117
 590.000  175.000   40.000   0.623528E-01 0.818299E-01 1.3124
 600.000  175.000   40.000   0.586881E-01 0.770593E-01 1.3130
 180.000  175.000   42.000    1.44210      1.91457     1.3276
 190.000  175.000   42.000    1.31732      1.72247     1.3076
 200.000  175.000   42.000    1.20436      1.56521     1.2996
 210.000  175.000   42.000    1.10203      1.42793     1.2957
 220.000  175.000   42.000    1.00932      1.30573     1.2937
 230.000  175.000   42.000   0.925239      1.19599     1.2926
 240.000  175.000   42.000   0.848949      1.09704     1.2922
 250.000  175.000   42.000   0.779673      1.00744     1.2921
 260.000  175.000   42.000   0.716717     0.925161     1.2908
 270.000  175.000   42.000   0.659451     0.851428     1.2911
 280.000  175.000   42.000   0.607313     0.784356     1.2915
 290.000  175.000   42.000   0.559800     0.723230     1.2919
 300.000  175.000   42.000   0.516460     0.667473     1.2924
 310.000  175.000   42.000   0.476893     0.616566     1.2929
 320.000  175.000   42.000   0.440739     0.570048     1.2934
 330.000  175.000   42.000   0.407674     0.527499     1.2939
 340.000  175.000   42.000   0.377405     0.488539     1.2945
 350.000  175.000   42.000   0.349669     0.452833     1.2950
 360.000  175.000   42.000   0.324229     0.420080     1.2956
 370.000  175.000   42.000   0.300841     0.390006     1.2964
 380.000  175.000   42.000   0.279357     0.362367     1.2971
 390.000  175.000   42.000   0.259605     0.336943     1.2979
 400.000  175.000   42.000   0.241429     0.313537     1.2987
 410.000  175.000   42.000   0.224690     0.291968     1.2994
 420.000  175.000   42.000   0.209261     0.272077     1.3002
 430.000  175.000   42.000   0.195029     0.253719     1.3009
 440.000  175.000   42.000   0.181889     0.236761     1.3017
 450.000  175.000   42.000   0.169749     0.221084     1.3024
 460.000  175.000   42.000   0.158522     0.206580     1.3032
 470.000  175.000   42.000   0.148134     0.193150     1.3039
 480.000  175.000   42.000   0.138514     0.180707     1.3046
 490.000  175.000   42.000   0.129597     0.169168     1.3053
 500.000  175.000   42.000   0.121328     0.158460     1.3061
 510.000  175.000   42.000   0.113652     0.148517     1.3068
 520.000  175.000   42.000   0.106524     0.139278     1.3075
 530.000  175.000   42.000   0.998986E-01 0.130687     1.3082
 540.000  175.000   42.000   0.937376E-01 0.122692     1.3089
 550.000  175.000   42.000   0.880041E-01 0.115249     1.3096
 560.000  175.000   42.000   0.826654E-01 0.108315     1.3103
 570.000  175.000   42.000   0.776907E-01 0.101849     1.3110
 580.000  175.000   42.000   0.730525E-01 0.958182E-01 1.3116
 590.000  175.000   42.000   0.687255E-01 0.901886E-01 1.3123
 600.000  175.000   42.000   0.646862E-01 0.849307E-01 1.3130
 180.000  175.000   44.000    1.58238      2.10072     1.3276
 190.000  175.000   44.000    1.44546      1.88994     1.3075
 200.000  175.000   44.000    1.32151      1.71739     1.2996
 210.000  175.000   44.000    1.20923      1.56677     1.2957
 220.000  175.000   44.000    1.10750      1.43268     1.2936
 230.000  175.000   44.000    1.01524      1.31227     1.2926
 240.000  175.000   44.000   0.931529      1.20370     1.2922
 250.000  175.000   44.000   0.855514      1.10539     1.2921
 260.000  175.000   44.000   0.786435      1.01511     1.2908
 270.000  175.000   44.000   0.723598     0.934211     1.2911
 280.000  175.000   44.000   0.666388     0.860618     1.2915
 290.000  175.000   44.000   0.614253     0.793548     1.2919
 300.000  175.000   44.000   0.566698     0.732370     1.2923
 310.000  175.000   44.000   0.523282     0.676514     1.2928
 320.000  175.000   44.000   0.483611     0.625473     1.2933
 330.000  175.000   44.000   0.447330     0.578786     1.2939
 340.000  175.000   44.000   0.414116     0.536039     1.2944
 350.000  175.000   44.000   0.383682     0.496862     1.2950
 360.000  175.000   44.000   0.355768     0.460924     1.2956
 370.000  175.000   44.000   0.330105     0.427926     1.2963
 380.000  175.000   44.000   0.306531     0.397599     1.2971
 390.000  175.000   44.000   0.284857     0.369704     1.2979
 400.000  175.000   44.000   0.264913     0.344021     1.2986
 410.000  175.000   44.000   0.246546     0.320356     1.2994
 420.000  175.000   44.000   0.229617     0.298531     1.3001
 430.000  175.000   44.000   0.214000     0.278388     1.3009
 440.000  175.000   44.000   0.199582     0.259781     1.3016
 450.000  175.000   44.000   0.186261     0.242580     1.3024
 460.000  175.000   44.000   0.173942     0.226665     1.3031
 470.000  175.000   44.000   0.162543     0.211930     1.3038
 480.000  175.000   44.000   0.151987     0.198277     1.3046
 490.000  175.000   44.000   0.142204     0.185616     1.3053
 500.000  175.000   44.000   0.133130     0.173867     1.3060
 510.000  175.000   44.000   0.124707     0.162958     1.3067
 520.000  175.000   44.000   0.116885     0.152820     1.3074
 530.000  175.000   44.000   0.109616     0.143393     1.3081
 540.000  175.000   44.000   0.102856     0.134622     1.3088
 550.000  175.000   44.000   0.965645E-01 0.126455     1.3095
 560.000  175.000   44.000   0.907065E-01 0.118846     1.3102
 570.000  175.000   44.000   0.852479E-01 0.111752     1.3109
 580.000  175.000   44.000   0.801585E-01 0.105135     1.3116
 590.000  175.000   44.000   0.754106E-01 0.989575E-01 1.3122
 600.000  175.000   44.000   0.709784E-01 0.931884E-01 1.3129
 180.000  175.000   46.000    1.72921      2.29557     1.3275
 190.000  175.000   46.000    1.57959      2.06524     1.3075
 200.000  175.000   46.000    1.44413      1.87669     1.2995
 210.000  175.000   46.000    1.32144      1.71210     1.2956
 220.000  175.000   46.000    1.21026      1.56557     1.2936
 230.000  175.000   46.000    1.10944      1.43399     1.2925
 240.000  175.000   46.000    1.01797      1.31535     1.2921
 250.000  175.000   46.000   0.934898      1.20792     1.2920
 260.000  175.000   46.000   0.859408      1.10927     1.2907
 270.000  175.000   46.000   0.790741      1.02086     1.2910
 280.000  175.000   46.000   0.728222     0.940445     1.2914
 290.000  175.000   46.000   0.671250     0.867154     1.2918
 300.000  175.000   46.000   0.619282     0.800301     1.2923
 310.000  175.000   46.000   0.571838     0.739264     1.2928
 320.000  175.000   46.000   0.528486     0.683489     1.2933
 330.000  175.000   46.000   0.488838     0.632472     1.2938
 340.000  175.000   46.000   0.452542     0.585760     1.2944
 350.000  175.000   46.000   0.419284     0.542948     1.2949
 360.000  175.000   46.000   0.388780     0.503677     1.2955
 370.000  175.000   46.000   0.360736     0.467618     1.2963
 380.000  175.000   46.000   0.334974     0.434479     1.2971
 390.000  175.000   46.000   0.311290     0.403996     1.2978
 400.000  175.000   46.000   0.289495     0.375931     1.2986
 410.000  175.000   46.000   0.269424     0.350070     1.2993
 420.000  175.000   46.000   0.250923     0.326221     1.3001
 430.000  175.000   46.000   0.233858     0.304210     1.3008
 440.000  175.000   46.000   0.218102     0.283877     1.3016
 450.000  175.000   46.000   0.203544     0.265080     1.3023
 460.000  175.000   46.000   0.190083     0.247690     1.3031
 470.000  175.000   46.000   0.177626     0.231588     1.3038
 480.000  175.000   46.000   0.166090     0.216668     1.3045
 490.000  175.000   46.000   0.155399     0.202833     1.3052
 500.000  175.000   46.000   0.145483     0.189994     1.3060
 510.000  175.000   46.000   0.136279     0.178073     1.3067
 520.000  175.000   46.000   0.127731     0.166995     1.3074
 530.000  175.000   46.000   0.119787     0.156693     1.3081
 540.000  175.000   46.000   0.112400     0.147108     1.3088
 550.000  175.000   46.000   0.105525     0.138184     1.3095
 560.000  175.000   46.000   0.991232E-01 0.129870     1.3102
 570.000  175.000   46.000   0.931582E-01 0.122118     1.3109
 580.000  175.000   46.000   0.875965E-01 0.114886     1.3115
 590.000  175.000   46.000   0.824080E-01 0.108136     1.3122
 600.000  175.000   46.000   0.775646E-01 0.101832     1.3129
 180.000  175.000   48.000    1.88259      2.49912     1.3275
 190.000  175.000   48.000    1.71970      2.24837     1.3074
 200.000  175.000   48.000    1.57223      2.04310     1.2995
 210.000  175.000   48.000    1.43865      1.86391     1.2956
 220.000  175.000   48.000    1.31761      1.70439     1.2935
 230.000  175.000   48.000    1.20785      1.56115     1.2925
 240.000  175.000   48.000    1.10826      1.43198     1.2921
 250.000  175.000   48.000    1.01782      1.31503     1.2920
 260.000  175.000   48.000   0.935637      1.20763     1.2907
 270.000  175.000   48.000   0.860879      1.11138     1.2910
 280.000  175.000   48.000   0.792815      1.02383     1.2914
 290.000  175.000   48.000   0.730790     0.944045     1.2918
 300.000  175.000   48.000   0.674212     0.871264     1.2923
 310.000  175.000   48.000   0.622559     0.804815     1.2928
 320.000  175.000   48.000   0.575362     0.744095     1.2933
 330.000  175.000   48.000   0.532197     0.688554     1.2938
 340.000  175.000   48.000   0.492682     0.637699     1.2943
 350.000  175.000   48.000   0.456474     0.591092     1.2949
 360.000  175.000   48.000   0.423264     0.548338     1.2955
 370.000  175.000   48.000   0.392733     0.509082     1.2963
 380.000  175.000   48.000   0.364686     0.473004     1.2970
 390.000  175.000   48.000   0.338901     0.439818     1.2978
 400.000  175.000   48.000   0.315173     0.409265     1.2985
 410.000  175.000   48.000   0.293321     0.381111     1.2993
 420.000  175.000   48.000   0.273180     0.355148     1.3001
 430.000  175.000   48.000   0.254600     0.331185     1.3008
 440.000  175.000   48.000   0.237447     0.309049     1.3015
 450.000  175.000   48.000   0.221598     0.288585     1.3023
 460.000  175.000   48.000   0.206943     0.269652     1.3030
 470.000  175.000   48.000   0.193381     0.252123     1.3038
 480.000  175.000   48.000   0.180822     0.235880     1.3045
 490.000  175.000   48.000   0.169183     0.220818     1.3052
 500.000  175.000   48.000   0.158387     0.206841     1.3059
 510.000  175.000   48.000   0.148367     0.193863     1.3066
 520.000  175.000   48.000   0.139061     0.181802     1.3074
 530.000  175.000   48.000   0.130412     0.170588     1.3081
 540.000  175.000   48.000   0.122370     0.160153     1.3088
 550.000  175.000   48.000   0.114885     0.150437     1.3095
 560.000  175.000   48.000   0.107915     0.141385     1.3101
 570.000  175.000   48.000   0.101421     0.132946     1.3108
 580.000  175.000   48.000   0.953662E-01 0.125073     1.3115
 590.000  175.000   48.000   0.897175E-01 0.117725     1.3122
 600.000  175.000   48.000   0.844445E-01 0.110862     1.3128
 180.000  175.000   50.000    2.04252      2.71136     1.3275
 190.000  175.000   50.000    1.86578      2.43932     1.3074
 200.000  175.000   50.000    1.70579      2.21661     1.2995
 210.000  175.000   50.000    1.56086      2.02221     1.2956
 220.000  175.000   50.000    1.42954      1.84914     1.2935
 230.000  175.000   50.000    1.31046      1.69373     1.2925
 240.000  175.000   50.000    1.20241      1.55360     1.2921
 250.000  175.000   50.000    1.10429      1.42671     1.2920
 260.000  175.000   50.000    1.01512      1.31019     1.2907
 270.000  175.000   50.000   0.934011      1.20577     1.2910
 280.000  175.000   50.000   0.860164      1.11079     1.2914
 290.000  175.000   50.000   0.792870      1.02422     1.2918
 300.000  175.000   50.000   0.731486     0.945258     1.2922
 310.000  175.000   50.000   0.675445     0.873166     1.2927
 320.000  175.000   50.000   0.624239     0.807288     1.2932
 330.000  175.000   50.000   0.577407     0.747030     1.2938
 340.000  175.000   50.000   0.534535     0.691857     1.2943
 350.000  175.000   50.000   0.495251     0.641291     1.2949
 360.000  175.000   50.000   0.459220     0.594907     1.2955
 370.000  175.000   50.000   0.426095     0.552317     1.2962
 380.000  175.000   50.000   0.395666     0.513175     1.2970
 390.000  175.000   50.000   0.367690     0.477171     1.2978
 400.000  175.000   50.000   0.341947     0.444023     1.2985
 410.000  175.000   50.000   0.318239     0.413478     1.2993
 420.000  175.000   50.000   0.296386     0.385309     1.3000
 430.000  175.000   50.000   0.276229     0.359311     1.3008
 440.000  175.000   50.000   0.257618     0.335295     1.3015
 450.000  175.000   50.000   0.240423     0.313094     1.3023
 460.000  175.000   50.000   0.224522     0.292553     1.3030
 470.000  175.000   50.000   0.209809     0.273535     1.3037
 480.000  175.000   50.000   0.196183     0.255912     1.3045
 490.000  175.000   50.000   0.183555     0.239571     1.3052
 500.000  175.000   50.000   0.171842     0.224408     1.3059
 510.000  175.000   50.000   0.160971     0.210327     1.3066
 520.000  175.000   50.000   0.150874     0.197242     1.3073
 530.000  175.000   50.000   0.141491     0.185075     1.3080
 540.000  175.000   50.000   0.132765     0.173754     1.3087
 550.000  175.000   50.000   0.124644     0.163213     1.3094
 560.000  175.000   50.000   0.117083     0.153393     1.3101
 570.000  175.000   50.000   0.110037     0.144237     1.3108
 580.000  175.000   50.000   0.103468     0.135695     1.3115
 590.000  175.000   50.000   0.973390E-01 0.127723     1.3121
 600.000  175.000   50.000   0.916180E-01 0.120277     1.3128
