13012201	1301201		2
CMS-PAS-HIG-13-012
LHC, CMS, CMS
(pp)->Vh->Vbb
8	24.0   0.044
1	0
12.5
110.0 135.0 0.1
2	-1
35 45

       110.0          0.1429          0.4857          0.8429    
       110.1          0.1371          0.4810          0.8393    
       110.2          0.1314          0.4763          0.8357    
       110.3          0.1257          0.4716          0.8321    
       110.4          0.1200          0.4669          0.8286    
       110.5          0.1143          0.4621          0.8250    
       110.6          0.1086          0.4574          0.8214    
       110.7          0.1029          0.4527          0.8179    
       110.8          0.9714E-01      0.4480          0.8143    
       110.9          0.9143E-01      0.4433          0.8107    
       111.0          0.8571E-01      0.4386          0.8071    
       111.1          0.8000E-01      0.4339          0.8036    
       111.2          0.7429E-01      0.4291          0.8000    
       111.3          0.6857E-01      0.4244          0.7964    
       111.4          0.6286E-01      0.4197          0.7929    
       111.5          0.5714E-01      0.4150          0.7893    
       111.6          0.5143E-01      0.4103          0.7857    
       111.7          0.4571E-01      0.4056          0.7821    
       111.8          0.4000E-01      0.4009          0.7786    
       111.9          0.3429E-01      0.3961          0.7750    
       112.0          0.2857E-01      0.3914          0.7714    
       112.1          0.2286E-01      0.3867          0.7679    
       112.2          0.1714E-01      0.3820          0.7643    
       112.3          0.1143E-01      0.3773          0.7607    
       112.4          0.5714E-02      0.3726          0.7571    
       112.5          0.4441E-15      0.3679          0.7536    
       112.6         -0.5714E-02      0.3631          0.7500    
       112.7         -0.1143E-01      0.3584          0.7464    
       112.8         -0.1714E-01      0.3537          0.7429    
       112.9         -0.2286E-01      0.3490          0.7393    
       113.0         -0.2857E-01      0.3443          0.7357    
       113.1         -0.3429E-01      0.3396          0.7321    
       113.2         -0.4000E-01      0.3349          0.7286    
       113.3         -0.4571E-01      0.3301          0.7250    
       113.4         -0.5143E-01      0.3254          0.7214    
       113.5         -0.5714E-01      0.3207          0.7179    
       113.6         -0.6286E-01      0.3160          0.7143    
       113.7         -0.6857E-01      0.3113          0.7107    
       113.8         -0.7429E-01      0.3066          0.7071    
       113.9         -0.8000E-01      0.3019          0.7036    
       114.0         -0.8571E-01      0.2971          0.7000    
       114.1         -0.9143E-01      0.2924          0.6964    
       114.2         -0.9714E-01      0.2877          0.6929    
       114.3         -0.1029          0.2830          0.6893    
       114.4         -0.1086          0.2783          0.6857    
       114.5         -0.1143          0.2736          0.6821    
       114.6         -0.1200          0.2689          0.6786    
       114.7         -0.1257          0.2641          0.6750    
       114.8         -0.1314          0.2594          0.6714    
       114.9         -0.1371          0.2547          0.6679    
       115.0         -0.1429          0.2500          0.6643    
       115.1         -0.1320          0.2621          0.6777    
       115.2         -0.1211          0.2743          0.6911    
       115.3         -0.1103          0.2864          0.7046    
       115.4         -0.9943E-01      0.2986          0.7180    
       115.5         -0.8857E-01      0.3107          0.7314    
       115.6         -0.7771E-01      0.3229          0.7449    
       115.7         -0.6686E-01      0.3350          0.7583    
       115.8         -0.5600E-01      0.3471          0.7717    
       115.9         -0.4514E-01      0.3593          0.7851    
       116.0         -0.3429E-01      0.3714          0.7986    
       116.1         -0.2343E-01      0.3836          0.8120    
       116.2         -0.1257E-01      0.3957          0.8254    
       116.3         -0.1714E-02      0.4079          0.8389    
       116.4          0.9143E-02      0.4200          0.8523    
       116.5          0.2000E-01      0.4321          0.8657    
       116.6          0.3086E-01      0.4443          0.8791    
       116.7          0.4171E-01      0.4564          0.8926    
       116.8          0.5257E-01      0.4686          0.9060    
       116.9          0.6343E-01      0.4807          0.9194    
       117.0          0.7429E-01      0.4929          0.9329    
       117.1          0.8514E-01      0.5050          0.9463    
       117.2          0.9600E-01      0.5171          0.9597    
       117.3          0.1069          0.5293          0.9731    
       117.4          0.1177          0.5414          0.9866    
       117.5          0.1286          0.5536           1.000    
       117.6          0.1394          0.5657           1.013    
       117.7          0.1503          0.5779           1.027    
       117.8          0.1611          0.5900           1.040    
       117.9          0.1720          0.6021           1.054    
       118.0          0.1829          0.6143           1.067    
       118.1          0.1937          0.6264           1.081    
       118.2          0.2046          0.6386           1.094    
       118.3          0.2154          0.6507           1.107    
       118.4          0.2263          0.6629           1.121    
       118.5          0.2371          0.6750           1.134    
       118.6          0.2480          0.6871           1.148    
       118.7          0.2589          0.6993           1.161    
       118.8          0.2697          0.7114           1.175    
       118.9          0.2806          0.7236           1.188    
       119.0          0.2914          0.7357           1.201    
       119.1          0.3023          0.7479           1.215    
       119.2          0.3131          0.7600           1.228    
       119.3          0.3240          0.7721           1.242    
       119.4          0.3349          0.7843           1.255    
       119.5          0.3457          0.7964           1.269    
       119.6          0.3566          0.8086           1.282    
       119.7          0.3674          0.8207           1.295    
       119.8          0.3783          0.8329           1.309    
       119.9          0.3891          0.8450           1.322    
       120.0          0.4000          0.8571           1.336    
       120.1          0.4023          0.8600           1.339    
       120.2          0.4046          0.8629           1.343    
       120.3          0.4069          0.8657           1.346    
       120.4          0.4091          0.8686           1.349    
       120.5          0.4114          0.8714           1.353    
       120.6          0.4137          0.8743           1.356    
       120.7          0.4160          0.8771           1.360    
       120.8          0.4183          0.8800           1.363    
       120.9          0.4206          0.8829           1.367    
       121.0          0.4229          0.8857           1.370    
       121.1          0.4251          0.8886           1.373    
       121.2          0.4274          0.8914           1.377    
       121.3          0.4297          0.8943           1.380    
       121.4          0.4320          0.8971           1.384    
       121.5          0.4343          0.9000           1.387    
       121.6          0.4366          0.9029           1.391    
       121.7          0.4389          0.9057           1.394    
       121.8          0.4411          0.9086           1.397    
       121.9          0.4434          0.9114           1.401    
       122.0          0.4457          0.9143           1.404    
       122.1          0.4480          0.9171           1.408    
       122.2          0.4503          0.9200           1.411    
       122.3          0.4526          0.9229           1.415    
       122.4          0.4549          0.9257           1.418    
       122.5          0.4571          0.9286           1.421    
       122.6          0.4594          0.9314           1.425    
       122.7          0.4617          0.9343           1.428    
       122.8          0.4640          0.9371           1.432    
       122.9          0.4663          0.9400           1.435    
       123.0          0.4686          0.9429           1.439    
       123.1          0.4709          0.9457           1.442    
       123.2          0.4731          0.9486           1.445    
       123.3          0.4754          0.9514           1.449    
       123.4          0.4777          0.9543           1.452    
       123.5          0.4800          0.9571           1.456    
       123.6          0.4823          0.9600           1.459    
       123.7          0.4846          0.9629           1.463    
       123.8          0.4869          0.9657           1.466    
       123.9          0.4891          0.9686           1.469    
       124.0          0.4914          0.9714           1.473    
       124.1          0.4937          0.9743           1.476    
       124.2          0.4960          0.9771           1.480    
       124.3          0.4983          0.9800           1.483    
       124.4          0.5006          0.9829           1.487    
       124.5          0.5029          0.9857           1.490    
       124.6          0.5051          0.9886           1.493    
       124.7          0.5074          0.9914           1.497    
       124.8          0.5097          0.9943           1.500    
       124.9          0.5120          0.9971           1.504    
       125.0          0.5143           1.000           1.507    
       125.1          0.5131           1.002           1.512    
       125.2          0.5120           1.004           1.518    
       125.3          0.5109           1.006           1.523    
       125.4          0.5097           1.009           1.528    
       125.5          0.5086           1.011           1.534    
       125.6          0.5074           1.013           1.539    
       125.7          0.5063           1.015           1.544    
       125.8          0.5051           1.017           1.549    
       125.9          0.5040           1.019           1.555    
       126.0          0.5029           1.021           1.560    
       126.1          0.5017           1.024           1.565    
       126.2          0.5006           1.026           1.571    
       126.3          0.4994           1.028           1.576    
       126.4          0.4983           1.030           1.581    
       126.5          0.4971           1.032           1.586    
       126.6          0.4960           1.034           1.592    
       126.7          0.4949           1.036           1.597    
       126.8          0.4937           1.039           1.602    
       126.9          0.4926           1.041           1.608    
       127.0          0.4914           1.043           1.613    
       127.1          0.4903           1.045           1.618    
       127.2          0.4891           1.047           1.623    
       127.3          0.4880           1.049           1.629    
       127.4          0.4869           1.051           1.634    
       127.5          0.4857           1.054           1.639    
       127.6          0.4846           1.056           1.645    
       127.7          0.4834           1.058           1.650    
       127.8          0.4823           1.060           1.655    
       127.9          0.4811           1.062           1.660    
       128.0          0.4800           1.064           1.666    
       128.1          0.4789           1.066           1.671    
       128.2          0.4777           1.069           1.676    
       128.3          0.4766           1.071           1.682    
       128.4          0.4754           1.073           1.687    
       128.5          0.4743           1.075           1.692    
       128.6          0.4731           1.077           1.697    
       128.7          0.4720           1.079           1.703    
       128.8          0.4709           1.081           1.708    
       128.9          0.4697           1.084           1.713    
       129.0          0.4686           1.086           1.719    
       129.1          0.4674           1.088           1.724    
       129.2          0.4663           1.090           1.729    
       129.3          0.4651           1.092           1.734    
       129.4          0.4640           1.094           1.740    
       129.5          0.4629           1.096           1.745    
       129.6          0.4617           1.099           1.750    
       129.7          0.4606           1.101           1.756    
       129.8          0.4594           1.103           1.761    
       129.9          0.4583           1.105           1.766    
       130.0          0.4571           1.107           1.771    
       130.1          0.4613           1.117           1.789    
       130.2          0.4654           1.128           1.806    
       130.3          0.4696           1.138           1.823    
       130.4          0.4737           1.148           1.841    
       130.5          0.4779           1.159           1.858    
       130.6          0.4820           1.169           1.875    
       130.7          0.4861           1.179           1.892    
       130.8          0.4903           1.189           1.910    
       130.9          0.4944           1.200           1.927    
       131.0          0.4986           1.210           1.944    
       131.1          0.5027           1.220           1.962    
       131.2          0.5069           1.231           1.979    
       131.3          0.5110           1.241           1.996    
       131.4          0.5151           1.251           2.013    
       131.5          0.5193           1.261           2.031    
       131.6          0.5234           1.272           2.048    
       131.7          0.5276           1.282           2.065    
       131.8          0.5317           1.292           2.083    
       131.9          0.5359           1.303           2.100    
       132.0          0.5400           1.313           2.117    
       132.1          0.5441           1.323           2.134    
       132.2          0.5483           1.333           2.152    
       132.3          0.5524           1.344           2.169    
       132.4          0.5566           1.354           2.186    
       132.5          0.5607           1.364           2.204    
       132.6          0.5649           1.375           2.221    
       132.7          0.5690           1.385           2.238    
       132.8          0.5731           1.395           2.255    
       132.9          0.5773           1.405           2.273    
       133.0          0.5814           1.416           2.290    
       133.1          0.5856           1.426           2.307    
       133.2          0.5897           1.436           2.325    
       133.3          0.5939           1.447           2.342    
       133.4          0.5980           1.457           2.359    
       133.5          0.6021           1.467           2.376    
       133.6          0.6063           1.477           2.394    
       133.7          0.6104           1.488           2.411    
       133.8          0.6146           1.498           2.428    
       133.9          0.6187           1.508           2.446    
       134.0          0.6229           1.519           2.463    
       134.1          0.6270           1.529           2.480    
       134.2          0.6311           1.539           2.497    
       134.3          0.6353           1.549           2.515    
       134.4          0.6394           1.560           2.532    
       134.5          0.6436           1.570           2.549    
       134.6          0.6477           1.580           2.567    
       134.7          0.6519           1.591           2.584    
       134.8          0.6560           1.601           2.601    
       134.9          0.6601           1.611           2.618    
       135.0          0.6643           1.621           2.636    
