70.0   0.078716958
71.0   0.074751792
72.0   0.07101083
73.0   0.067481905
74.0   0.064150862
75.0   0.061005884
76.0   0.058035471
77.0   0.055228361
78.0   0.052575102
79.0   0.050066261
80.0   0.047693313
81.0   0.045447492
82.0   0.04332077
83.0   0.041306224
84.0   0.039397361
85.0   0.037587772
86.0   0.035872292
87.0   0.034245165
88.0   0.032700846
89.0   0.031235965
90.0   0.029845244
91.0   0.028524236
92.0   0.027269433
93.0   0.026077299
94.0   0.024943967
95.0   0.023866109
96.0   0.022840929
97.0   0.021865671
98.0   0.020937619
99.0   0.020054182
100.0   0.019213002
101.0   0.018411661
102.0   0.017648051
103.0   0.016919931
104.0   0.01622559
105.0   0.015563285
106.0   0.014931236
107.0   0.014328174
108.0   0.013752569
109.0   0.013203099
110.0   0.012678388
111.0   0.012177135
112.0   0.011698137
113.0   0.011240352
114.0   0.010802677
115.0   0.01038414
116.0   0.0099838853
117.0   0.0096009785
118.0   0.0092345855
119.0   0.0088839276
120.0   0.0085482543
121.0   0.0082268511
122.0   0.0079189872
123.0   0.0076240793
124.0   0.0073414873
125.0   0.0070706669
126.0   0.006811075
127.0   0.0065621946
128.0   0.0063234946
129.0   0.0060945182
130.0   0.0058748232
131.0   0.00566398
132.0   0.0054615634
133.0   0.0052672052
134.0   0.0050805851
135.0   0.0049013437
136.0   0.0047291879
137.0   0.004563789
138.0   0.0044048511
139.0   0.0042520827
140.0   0.0041052217
141.0   0.0039640245
142.0   0.0038282444
143.0   0.0036976578
144.0   0.0035720386
145.0   0.0034511769
146.0   0.0033348666
147.0   0.0032229266
148.0   0.0031151759
149.0   0.0030114355
150.0   0.0029115464
151.0   0.0028153501
152.0   0.0027226905
153.0   0.0026334207
154.0   0.0025474047
155.0   0.0024645118
156.0   0.0023846121
157.0   0.0023075906
158.0   0.0022333366
159.0   0.0021617378
160.0   0.0020926864
161.0   0.0020260811
162.0   0.0019618304
163.0   0.0018998421
164.0   0.0018400297
165.0   0.0017823068
166.0   0.0017265918
167.0   0.0016728067
168.0   0.0016208789
169.0   0.0015707389
170.0   0.0015223188
171.0   0.0014755467
172.0   0.0014303644
173.0   0.0013867111
174.0   0.0013445281
175.0   0.0013037622
176.0   0.0012643609
177.0   0.0012262741
178.0   0.0011894531
179.0   0.0011538509
180.0   0.001119423
181.0   0.001086126
182.0   0.0010539217
183.0   0.0010227715
184.0   0.00099263744
185.0   0.00096348422
186.0   0.00093527212
187.0   0.00090797091
188.0   0.0008815464
189.0   0.00085596813
190.0   0.00083120599
191.0   0.00080723129
192.0   0.00078401719
193.0   0.00076153755
194.0   0.00073976703
195.0   0.00071868151
196.0   0.00069825654
197.0   0.00067846934
198.0   0.00065929798
199.0   0.00064072157
200.0   0.00062271999
201.0   0.00060527351
202.0   0.00058836331
203.0   0.00057197113
204.0   0.0005560799
205.0   0.00054067257
206.0   0.00052573359
207.0   0.00051124754
208.0   0.000497199
209.0   0.00048357376
210.0   0.0004703583
211.0   0.0004575379
212.0   0.00044509998
213.0   0.00043303268
214.0   0.0004213236
215.0   0.00040996104
216.0   0.00039893341
217.0   0.00038822985
218.0   0.00037784026
219.0   0.00036775445
220.0   0.00035796305
221.0   0.00034845666
222.0   0.00033922573
223.0   0.00033026145
224.0   0.0003215558
225.0   0.00031310056
226.0   0.00030488845
227.0   0.00029691135
228.0   0.00028916149
229.0   0.00028163189
230.0   0.00027431553
231.0   0.00026720614
232.0   0.00026029746
233.0   0.00025358323
234.0   0.0002470577
235.0   0.0002407147
236.0   0.00023454849
237.0   0.0002285538
238.0   0.0002227257
239.0   0.00021705926
240.0   0.0002115495
241.0   0.00020619185
242.0   0.00020098162
243.0   0.00019591436
244.0   0.00019098591
245.0   0.00018619215
246.0   0.00018152904
247.0   0.00017699263
248.0   0.0001725792
249.0   0.00016828507
250.0   0.00016410691
251.0   0.00016004132
252.0   0.00015608481
253.0   0.00015223433
254.0   0.00014848674
255.0   0.00014483906
256.0   0.00014128818
257.0   0.00013783141
258.0   0.00013446596
259.0   0.00013118904
260.0   0.00012799824
261.0   0.00012489139
262.0   0.00012186626
263.0   0.0001189205
264.0   0.0001160518
265.0   0.00011325794
266.0   0.00011053676
267.0   0.00010788626
268.0   0.00010530446
269.0   0.00010278945
270.0   0.00010033933
271.0   9.7952305e-05
272.0   9.5626575e-05
273.0   9.3360414e-05
274.0   9.1152242e-05
275.0   8.9000333e-05
276.0   8.69032e-05
277.0   8.4859126e-05
278.0   8.2866832e-05
279.0   8.0924983e-05
280.0   7.9032255e-05
281.0   7.7187219e-05
282.0   7.538852e-05
283.0   7.3634931e-05
284.0   7.1925288e-05
285.0   7.0258522e-05
286.0   6.8633341e-05
287.0   6.7048646e-05
288.0   6.5503312e-05
289.0   6.3996267e-05
290.0   6.2526504e-05
291.0   6.1093069e-05
292.0   5.9695117e-05
293.0   5.8331634e-05
294.0   5.7001576e-05
295.0   5.5704035e-05
296.0   5.4438137e-05
297.0   5.320301e-05
298.0   5.1997911e-05
299.0   5.08221e-05
300.0   4.96748e-05
301.0   4.8555133e-05
302.0   4.7462571e-05
303.0   4.6396398e-05
304.0   4.535591e-05
305.0   4.4340418e-05
306.0   4.334928e-05
307.0   4.2381853e-05
308.0   4.1437524e-05
309.0   4.0515698e-05
310.0   3.9615799e-05
311.0   3.873728e-05
312.0   3.7879584e-05
313.0   3.7042179e-05
314.0   3.6224569e-05
315.0   3.542623e-05
316.0   3.4646698e-05
317.0   3.3885518e-05
318.0   3.3142199e-05
319.0   3.2416275e-05
320.0   3.1707294e-05
321.0   3.1014809e-05
322.0   3.0338562e-05
323.0   2.9678107e-05
324.0   2.9032944e-05
325.0   2.8402742e-05
326.0   2.7787147e-05
327.0   2.7185782e-05
328.0   2.6598292e-05
329.0   2.6024342e-05
330.0   2.5463578e-05
331.0   2.4915711e-05
332.0   2.4380418e-05
333.0   2.3857374e-05
334.0   2.3346278e-05
335.0   2.2846834e-05
336.0   2.235876e-05
337.0   2.1881787e-05
338.0   2.1415707e-05
339.0   2.0960266e-05
340.0   2.0515088e-05
341.0   2.0079873e-05
342.0   1.9654346e-05
343.0   1.92383e-05
344.0   1.883145e-05
345.0   1.8433976e-05
346.0   1.8045601e-05
347.0   1.7666004e-05
348.0   1.7294816e-05
349.0   1.6931892e-05
350.0   1.6577038e-05
351.0   1.6230102e-05
352.0   1.5890866e-05
353.0   1.5559154e-05
354.0   1.5234788e-05
355.0   1.4917592e-05
356.0   1.4607402e-05
357.0   1.4304055e-05
358.0   1.4007388e-05
359.0   1.3717243e-05
360.0   1.3433459e-05
361.0   1.3155895e-05
362.0   1.2884409e-05
363.0   1.2618861e-05
364.0   1.2359122e-05
365.0   1.2105052e-05
366.0   1.1856504e-05
367.0   1.161335e-05
368.0   1.137547e-05
369.0   1.1142743e-05
370.0   1.0915053e-05
371.0   1.069228e-05
372.0   1.0474305e-05
373.0   1.026103e-05
374.0   1.0052358e-05
375.0   9.8481866e-06
376.0   9.648413e-06
377.0   9.4529169e-06
378.0   9.2616043e-06
379.0   9.0743839e-06
380.0   8.8911668e-06
381.0   8.7118609e-06
382.0   8.5363735e-06
383.0   8.3646114e-06
384.0   8.1964925e-06
385.0   8.0319345e-06
386.0   7.8708604e-06
387.0   7.7131936e-06
388.0   7.5588538e-06
389.0   7.4077652e-06
390.0   7.2598581e-06
391.0   7.1150621e-06
392.0   6.9733106e-06
393.0   6.8345301e-06
394.0   6.6986635e-06
395.0   6.5656428e-06
396.0   6.4354078e-06
397.0   6.3078998e-06
398.0   6.1830531e-06
399.0   6.0608085e-06
400.0   5.9411093e-06
401.0   5.8239021e-06
402.0   5.7091261e-06
403.0   5.5967298e-06
404.0   5.4866635e-06
405.0   5.3788721e-06
406.0   5.273306e-06
407.0   5.1699175e-06
408.0   5.0686593e-06
409.0   4.9694866e-06
410.0   4.8723552e-06
411.0   4.7772114e-06
412.0   4.6840154e-06
413.0   4.592727e-06
414.0   4.5032993e-06
415.0   4.4156941e-06
416.0   4.3298778e-06
417.0   4.2458104e-06
418.0   4.1634573e-06
419.0   4.0827762e-06
420.0   4.0037322e-06
421.0   3.9262931e-06
422.0   3.8504323e-06
423.0   3.7761084e-06
424.0   3.7032897e-06
425.0   3.6319449e-06
426.0   3.5620295e-06
427.0   3.4935155e-06
428.0   3.4263838e-06
429.0   3.360604e-06
430.0   3.296143e-06
431.0   3.2329794e-06
432.0   3.171083e-06
433.0   3.1104281e-06
434.0   3.0509824e-06
435.0   2.9927197e-06
436.0   2.9356218e-06
437.0   2.8796613e-06
438.0   2.8248128e-06
439.0   2.7710593e-06
440.0   2.7183756e-06
441.0   2.6667437e-06
442.0   2.6161383e-06
443.0   2.5665337e-06
444.0   2.5179113e-06
445.0   2.4702526e-06
446.0   2.4235363e-06
447.0   2.3777394e-06
448.0   2.3328451e-06
449.0   2.2888361e-06
450.0   2.2456925e-06
451.0   2.2033951e-06
452.0   2.1619247e-06
453.0   2.1212661e-06
454.0   2.0814099e-06
455.0   2.0423442e-06
456.0   2.0040376e-06
457.0   1.966476e-06
458.0   1.9296463e-06
459.0   1.8935361e-06
460.0   1.8581287e-06
461.0   1.823412e-06
462.0   1.7893733e-06
463.0   1.7559957e-06
464.0   1.7232628e-06
465.0   1.6911635e-06
466.0   1.6596876e-06
467.0   1.6288206e-06
468.0   1.5985482e-06
469.0   1.5688599e-06
470.0   1.5397432e-06
471.0   1.5111947e-06
472.0   1.4831978e-06
473.0   1.4557398e-06
474.0   1.428808e-06
475.0   1.4023945e-06
476.0   1.3764884e-06
477.0   1.3510788e-06
478.0   1.3261558e-06
479.0   1.3017098e-06
480.0   1.2777314e-06
481.0   1.2542141e-06
482.0   1.2311476e-06
483.0   1.2085217e-06
484.0   1.1863269e-06
485.0   1.1645549e-06
486.0   1.1431977e-06
487.0   1.1222456e-06
488.0   1.1016929e-06
489.0   1.0815287e-06
490.0   1.0617462e-06
491.0   1.0423368e-06
492.0   1.0232953e-06
493.0   1.0046164e-06
494.0   9.8629027e-07
495.0   9.683107e-07
496.0   9.5067054e-07
497.0   9.3336347e-07
498.0   9.163821e-07
499.0   8.9972082e-07
500.0   8.8337316e-07
