2000 100 1.711 1.906 173.3 4.8
2000 110 1.298 1.451 173.3 4.8
2000 120 1.003 1.125 173.3 4.8
2000 130 0.786 0.885 173.3 4.8
2000 140 0.624 0.705 173.3 4.8
2000 150 0.501 0.568 173.3 4.8
2000 160 0.401 0.456 173.3 4.8
2000 170 0.318 0.363 173.3 4.8
2000 180 0.258 0.295 173.3 4.8
2000 190 0.210 0.241 173.3 4.8
2000 200 0.174 0.200 173.3 4.8
2000 210 0.146 0.169 173.3 4.8
2000 220 0.123 0.143 173.3 4.8
2000 230 0.105 0.122 173.3 4.8
2000 240 0.090 0.105 173.3 4.8
2000 250 0.077 0.091 173.3 4.8
2000 260 0.067 0.079 173.3 4.8
2000 270 0.058 0.069 173.3 4.8
2000 280 0.051 0.061 173.3 4.8
2000 290 0.045 0.054 173.3 4.8
2000 300 0.040 0.048 173.3 4.8
2000 310 0.036 0.043 173.3 4.8
2000 320 0.033 0.039 173.3 4.8
2000 325 0.031 0.038 173.3 4.8
2000 330 0.030 0.036 173.3 4.8
2000 335 0.029 0.035 173.3 4.8
2000 340 0.028 0.034 173.3 4.8
2000 345 0.027 0.033 173.3 4.8
2000 350 0.027 0.033 173.3 4.8
2000 355 0.027 0.033 173.3 4.8
2000 360 0.026 0.032 173.3 4.8
2000 380 0.022 0.027 173.3 4.8
2000 400 0.018 0.022 173.3 4.8
2000 420 0.013 0.017 173.3 4.8
2000 440 0.010 0.013 173.3 4.8
2000 460 0.007 0.009 173.3 4.8
2000 480 0.005 0.007 173.3 4.8
2000 500 0.004 0.005 173.3 4.8
2000 520 0.003 0.004 173.3 4.8
2000 540 0.002 0.003 173.3 4.8
2000 560 0.001 0.002 173.3 4.8
2000 580 0.001 0.001 173.3 4.8
2000 600 0.001 0.001 173.3 4.8
2000 620 0.001 0.001 173.3 4.8
2000 640 0.000 0.001 173.3 4.8
2000 660 0.000 0.000 173.3 4.8
2000 680 0.000 0.000 173.3 4.8
2000 700 0.000 0.000 173.3 4.8
2000 720 0.000 0.000 173.3 4.8
2000 740 0.000 0.000 173.3 4.8
2000 760 0.000 0.000 173.3 4.8
2250 100 2.274 2.517 173.3 4.8
2250 110 1.744 1.937 173.3 4.8
2250 120 1.362 1.518 173.3 4.8
2250 130 1.080 1.207 173.3 4.8
2250 140 0.866 0.971 173.3 4.8
2250 150 0.702 0.790 173.3 4.8
2250 160 0.568 0.641 173.3 4.8
2250 170 0.455 0.515 173.3 4.8
2250 180 0.372 0.423 173.3 4.8
2250 190 0.307 0.349 173.3 4.8
2250 200 0.256 0.293 173.3 4.8
2250 210 0.217 0.248 173.3 4.8
2250 220 0.185 0.213 173.3 4.8
2250 230 0.159 0.183 173.3 4.8
2250 240 0.138 0.159 173.3 4.8
2250 250 0.120 0.139 173.3 4.8
2250 260 0.105 0.122 173.3 4.8
2250 270 0.092 0.108 173.3 4.8
2250 280 0.082 0.096 173.3 4.8
2250 290 0.073 0.086 173.3 4.8
2250 300 0.066 0.077 173.3 4.8
2250 310 0.059 0.070 173.3 4.8
2250 320 0.054 0.064 173.3 4.8
2250 325 0.052 0.062 173.3 4.8
2250 330 0.050 0.060 173.3 4.8
2250 335 0.048 0.058 173.3 4.8
2250 340 0.047 0.056 173.3 4.8
2250 345 0.046 0.055 173.3 4.8
2250 350 0.046 0.055 173.3 4.8
2250 355 0.046 0.055 173.3 4.8
2250 360 0.045 0.054 173.3 4.8
2250 380 0.039 0.047 173.3 4.8
2250 400 0.032 0.039 173.3 4.8
2250 420 0.025 0.030 173.3 4.8
2250 440 0.019 0.023 173.3 4.8
2250 460 0.014 0.017 173.3 4.8
2250 480 0.010 0.013 173.3 4.8
2250 500 0.008 0.010 173.3 4.8
2250 520 0.006 0.007 173.3 4.8
2250 540 0.004 0.005 173.3 4.8
2250 560 0.003 0.004 173.3 4.8
2250 580 0.002 0.003 173.3 4.8
2250 600 0.002 0.002 173.3 4.8
2250 620 0.001 0.002 173.3 4.8
2250 640 0.001 0.001 173.3 4.8
2250 660 0.001 0.001 173.3 4.8
2250 680 0.001 0.001 173.3 4.8
2250 700 0.000 0.001 173.3 4.8
2250 720 0.000 0.000 173.3 4.8
2500 100 2.905 3.200 173.3 4.8
2500 110 2.249 2.484 173.3 4.8
2500 120 1.772 1.964 173.3 4.8
2500 130 1.417 1.575 173.3 4.8
2500 140 1.147 1.278 173.3 4.8
2500 150 0.938 1.048 173.3 4.8
2500 160 0.764 0.856 173.3 4.8
2500 170 0.618 0.695 173.3 4.8
2500 180 0.510 0.575 173.3 4.8
2500 190 0.423 0.478 173.3 4.8
2500 200 0.357 0.404 173.3 4.8
2500 210 0.304 0.346 173.3 4.8
2500 220 0.262 0.298 173.3 4.8
2500 230 0.227 0.259 173.3 4.8
2500 240 0.198 0.226 173.3 4.8
2500 250 0.173 0.199 173.3 4.8
2500 260 0.153 0.176 173.3 4.8
2500 270 0.136 0.157 173.3 4.8
2500 280 0.121 0.140 173.3 4.8
2500 290 0.109 0.126 173.3 4.8
2500 300 0.099 0.115 173.3 4.8
2500 310 0.090 0.105 173.3 4.8
2500 320 0.083 0.097 173.3 4.8
2500 325 0.080 0.094 173.3 4.8
2500 330 0.077 0.091 173.3 4.8
2500 335 0.075 0.088 173.3 4.8
2500 340 0.073 0.086 173.3 4.8
2500 345 0.071 0.084 173.3 4.8
2500 350 0.072 0.086 173.3 4.8
2500 355 0.072 0.086 173.3 4.8
2500 360 0.072 0.085 173.3 4.8
2500 380 0.063 0.075 173.3 4.8
2500 400 0.052 0.062 173.3 4.8
2500 420 0.041 0.049 173.3 4.8
2500 440 0.031 0.038 173.3 4.8
2500 460 0.024 0.029 173.3 4.8
2500 480 0.018 0.022 173.3 4.8
2500 500 0.014 0.017 173.3 4.8
2500 520 0.010 0.013 173.3 4.8
2500 540 0.008 0.010 173.3 4.8
2500 560 0.006 0.007 173.3 4.8
2500 580 0.004 0.006 173.3 4.8
2500 600 0.003 0.004 173.3 4.8
2500 620 0.003 0.003 173.3 4.8
2500 640 0.002 0.002 173.3 4.8
2500 660 0.001 0.002 173.3 4.8
2500 680 0.001 0.001 173.3 4.8
2500 700 0.001 0.001 173.3 4.8
2500 720 0.001 0.001 173.3 4.8
2500 740 0.000 0.001 173.3 4.8
2500 760 0.000 0.000 173.3 4.8
2750 100 3.600 3.949 173.3 4.8
2750 110 2.809 3.090 173.3 4.8
2750 120 2.230 2.460 173.3 4.8
2750 130 1.797 1.987 173.3 4.8
2750 140 1.465 1.624 173.3 4.8
2750 150 1.206 1.341 173.3 4.8
2750 160 0.990 1.103 173.3 4.8
2750 170 0.806 0.900 173.3 4.8
2750 180 0.670 0.750 173.3 4.8
2750 190 0.559 0.628 173.3 4.8
2750 200 0.475 0.534 173.3 4.8
2750 210 0.408 0.460 173.3 4.8
2750 220 0.353 0.399 173.3 4.8
2750 230 0.308 0.349 173.3 4.8
2750 240 0.270 0.307 173.3 4.8
2750 250 0.238 0.272 173.3 4.8
2750 260 0.212 0.242 173.3 4.8
2750 270 0.189 0.216 173.3 4.8
2750 280 0.170 0.195 173.3 4.8
2750 290 0.154 0.177 173.3 4.8
2750 300 0.140 0.162 173.3 4.8
2750 310 0.129 0.149 173.3 4.8
2750 320 0.119 0.138 173.3 4.8
2750 325 0.115 0.134 173.3 4.8
2750 330 0.112 0.130 173.3 4.8
2750 335 0.109 0.127 173.3 4.8
2750 340 0.107 0.124 173.3 4.8
2750 345 0.104 0.122 173.3 4.8
2750 350 0.106 0.124 173.3 4.8
2750 355 0.107 0.125 173.3 4.8
2750 360 0.106 0.124 173.3 4.8
2750 380 0.094 0.111 173.3 4.8
2750 400 0.078 0.092 173.3 4.8
2750 420 0.062 0.074 173.3 4.8
2750 440 0.049 0.058 173.3 4.8
2750 460 0.038 0.045 173.3 4.8
2750 480 0.029 0.035 173.3 4.8
2750 500 0.022 0.027 173.3 4.8
2750 520 0.017 0.021 173.3 4.8
2750 540 0.013 0.016 173.3 4.8
2750 560 0.010 0.012 173.3 4.8
2750 580 0.008 0.009 173.3 4.8
2750 600 0.006 0.007 173.3 4.8
2750 620 0.004 0.006 173.3 4.8
2750 640 0.003 0.004 173.3 4.8
2750 660 0.003 0.003 173.3 4.8
2750 680 0.002 0.003 173.3 4.8
2750 700 0.002 0.002 173.3 4.8
2750 720 0.001 0.002 173.3 4.8
2750 740 0.001 0.001 173.3 4.8
2750 760 0.001 0.001 173.3 4.8
2750 780 0.001 0.001 173.3 4.8
2750 800 0.000 0.001 173.3 4.8
2750 820 0.000 0.000 173.3 4.8
3000 100 4.356 4.762 173.3 4.8
3000 110 3.421 3.749 173.3 4.8
3000 120 2.734 3.004 173.3 4.8
3000 130 2.216 2.441 173.3 4.8
3000 140 1.818 2.007 173.3 4.8
3000 150 1.506 1.667 173.3 4.8
3000 160 1.244 1.380 173.3 4.8
3000 170 1.019 1.132 173.3 4.8
3000 180 0.851 0.948 173.3 4.8
3000 190 0.715 0.798 173.3 4.8
3000 200 0.610 0.683 173.3 4.8
3000 210 0.527 0.591 173.3 4.8
3000 220 0.459 0.516 173.3 4.8
3000 230 0.402 0.453 173.3 4.8
3000 240 0.355 0.401 173.3 4.8
3000 250 0.315 0.357 173.3 4.8
3000 260 0.282 0.319 173.3 4.8
3000 270 0.253 0.287 173.3 4.8
3000 280 0.229 0.260 173.3 4.8
3000 290 0.208 0.237 173.3 4.8
3000 300 0.191 0.218 173.3 4.8
3000 310 0.176 0.202 173.3 4.8
3000 320 0.164 0.188 173.3 4.8
3000 325 0.159 0.183 173.3 4.8
3000 330 0.155 0.178 173.3 4.8
3000 335 0.151 0.174 173.3 4.8
3000 340 0.148 0.171 173.3 4.8
3000 345 0.145 0.168 173.3 4.8
3000 350 0.148 0.172 173.3 4.8
3000 355 0.149 0.173 173.3 4.8
3000 360 0.148 0.172 173.3 4.8
3000 380 0.133 0.155 173.3 4.8
3000 400 0.112 0.131 173.3 4.8
3000 420 0.090 0.106 173.3 4.8
3000 440 0.072 0.085 173.3 4.8
3000 460 0.056 0.067 173.3 4.8
3000 480 0.044 0.052 173.3 4.8
3000 500 0.034 0.040 173.3 4.8
3000 520 0.026 0.031 173.3 4.8
3000 540 0.020 0.024 173.3 4.8
3000 560 0.016 0.019 173.3 4.8
3000 580 0.012 0.015 173.3 4.8
3000 600 0.009 0.011 173.3 4.8
3000 620 0.007 0.009 173.3 4.8
3000 640 0.006 0.007 173.3 4.8
3000 660 0.004 0.005 173.3 4.8
3000 680 0.003 0.004 173.3 4.8
3000 700 0.003 0.003 173.3 4.8
3000 720 0.002 0.003 173.3 4.8
3000 740 0.002 0.002 173.3 4.8
3000 760 0.001 0.002 173.3 4.8
3000 780 0.001 0.001 173.3 4.8
3000 800 0.001 0.001 173.3 4.8
3000 820 0.001 0.001 173.3 4.8
3000 840 0.000 0.001 173.3 4.8
3000 860 0.000 0.001 173.3 4.8
3000 880 0.000 0.000 173.3 4.8
3250 100 5.168 5.633 173.3 4.8
3250 110 4.082 4.460 173.3 4.8
3250 120 3.281 3.593 173.3 4.8
3250 130 2.674 2.935 173.3 4.8
3250 140 2.205 2.426 173.3 4.8
3250 150 1.837 2.024 173.3 4.8
3250 160 1.525 1.684 173.3 4.8
3250 170 1.255 1.390 173.3 4.8
3250 180 1.054 1.169 173.3 4.8
3250 190 0.890 0.989 173.3 4.8
3250 200 0.763 0.850 173.3 4.8
3250 210 0.662 0.739 173.3 4.8
3250 220 0.580 0.648 173.3 4.8
3250 230 0.511 0.572 173.3 4.8
3250 240 0.453 0.508 173.3 4.8
3250 250 0.404 0.454 173.3 4.8
3250 260 0.362 0.408 173.3 4.8
3250 270 0.327 0.369 173.3 4.8
3250 280 0.297 0.336 173.3 4.8
3250 290 0.271 0.308 173.3 4.8
3250 300 0.250 0.284 173.3 4.8
3250 310 0.232 0.264 173.3 4.8
3250 320 0.217 0.247 173.3 4.8
3250 325 0.211 0.240 173.3 4.8
3250 330 0.205 0.235 173.3 4.8
3250 335 0.201 0.230 173.3 4.8
3250 340 0.197 0.226 173.3 4.8
3250 345 0.195 0.223 173.3 4.8
3250 350 0.199 0.228 173.3 4.8
3250 355 0.200 0.231 173.3 4.8
3250 360 0.200 0.230 173.3 4.8
3250 380 0.181 0.210 173.3 4.8
3250 400 0.153 0.178 173.3 4.8
3250 420 0.125 0.146 173.3 4.8
3250 440 0.100 0.117 173.3 4.8
3250 460 0.079 0.093 173.3 4.8
3250 480 0.062 0.073 173.3 4.8
3250 500 0.049 0.057 173.3 4.8
3250 520 0.038 0.045 173.3 4.8
3250 540 0.029 0.035 173.3 4.8
3250 560 0.023 0.027 173.3 4.8
3250 580 0.018 0.021 173.3 4.8
3250 600 0.014 0.017 173.3 4.8
3250 620 0.011 0.013 173.3 4.8
3250 640 0.009 0.010 173.3 4.8
3250 660 0.007 0.008 173.3 4.8
3250 680 0.005 0.006 173.3 4.8
3250 700 0.004 0.005 173.3 4.8
3250 720 0.003 0.004 173.3 4.8
3250 740 0.003 0.003 173.3 4.8
3250 760 0.002 0.003 173.3 4.8
3250 780 0.002 0.002 173.3 4.8
3250 800 0.001 0.002 173.3 4.8
3250 820 0.001 0.001 173.3 4.8
3250 840 0.001 0.001 173.3 4.8
3250 860 0.001 0.001 173.3 4.8
3250 880 0.001 0.001 173.3 4.8
3250 900 0.000 0.001 173.3 4.8
3250 920 0.000 0.000 173.3 4.8
3500 100 6.033 6.558 173.3 4.8
3500 110 4.790 5.219 173.3 4.8
3500 120 3.869 4.224 173.3 4.8
3500 130 3.169 3.467 173.3 4.8
3500 140 2.626 2.879 173.3 4.8
3500 150 2.197 2.413 173.3 4.8
3500 160 1.832 2.016 173.3 4.8
3500 170 1.515 1.671 173.3 4.8
3500 180 1.278 1.412 173.3 4.8
3500 190 1.083 1.200 173.3 4.8
3500 200 0.933 1.035 173.3 4.8
3500 210 0.813 0.904 173.3 4.8
3500 220 0.715 0.795 173.3 4.8
3500 230 0.632 0.705 173.3 4.8
3500 240 0.563 0.629 173.3 4.8
3500 250 0.504 0.564 173.3 4.8
3500 260 0.454 0.509 173.3 4.8
3500 270 0.411 0.462 173.3 4.8
3500 280 0.375 0.422 173.3 4.8
3500 290 0.344 0.388 173.3 4.8
3500 300 0.318 0.359 173.3 4.8
3500 310 0.296 0.335 173.3 4.8
3500 320 0.278 0.316 173.3 4.8
3500 325 0.271 0.307 173.3 4.8
3500 330 0.265 0.301 173.3 4.8
3500 335 0.260 0.295 173.3 4.8
3500 340 0.255 0.291 173.3 4.8
3500 345 0.252 0.287 173.3 4.8
3500 350 0.258 0.295 173.3 4.8
3500 355 0.261 0.298 173.3 4.8
3500 360 0.260 0.298 173.3 4.8
3500 380 0.238 0.273 173.3 4.8
3500 400 0.203 0.234 173.3 4.8
3500 420 0.167 0.193 173.3 4.8
3500 440 0.135 0.156 173.3 4.8
3500 460 0.107 0.125 173.3 4.8
3500 480 0.085 0.099 173.3 4.8
3500 500 0.067 0.078 173.3 4.8
3500 520 0.053 0.062 173.3 4.8
3500 540 0.041 0.049 173.3 4.8
3500 560 0.032 0.038 173.3 4.8
3500 580 0.025 0.030 173.3 4.8
3500 600 0.020 0.024 173.3 4.8
3500 620 0.016 0.019 173.3 4.8
3500 640 0.012 0.015 173.3 4.8
3500 660 0.010 0.012 173.3 4.8
3500 680 0.008 0.009 173.3 4.8
3500 700 0.006 0.008 173.3 4.8
3500 720 0.005 0.006 173.3 4.8
3500 740 0.004 0.005 173.3 4.8
3500 760 0.003 0.004 173.3 4.8
3500 780 0.003 0.003 173.3 4.8
3500 800 0.002 0.003 173.3 4.8
3500 820 0.002 0.002 173.3 4.8
3500 840 0.001 0.002 173.3 4.8
3500 860 0.001 0.001 173.3 4.8
3500 880 0.001 0.001 173.3 4.8
3500 900 0.001 0.001 173.3 4.8
3500 920 0.001 0.001 173.3 4.8
3500 940 0.000 0.001 173.3 4.8
3500 960 0.000 0.000 173.3 4.8
3750 100 6.948 7.536 173.3 4.8
3750 110 5.543 6.024 173.3 4.8
3750 120 4.497 4.897 173.3 4.8
3750 130 3.699 4.036 173.3 4.8
3750 140 3.077 3.364 173.3 4.8
3750 150 2.585 2.832 173.3 4.8
3750 160 2.164 2.375 173.3 4.8
3750 170 1.797 1.975 173.3 4.8
3750 180 1.521 1.675 173.3 4.8
3750 190 1.295 1.429 173.3 4.8
3750 200 1.120 1.238 173.3 4.8
3750 210 0.979 1.085 173.3 4.8
3750 220 0.864 0.958 173.3 4.8
3750 230 0.767 0.852 173.3 4.8
3750 240 0.685 0.762 173.3 4.8
3750 250 0.616 0.687 173.3 4.8
3750 260 0.557 0.622 173.3 4.8
3750 270 0.506 0.566 173.3 4.8
3750 280 0.463 0.519 173.3 4.8
3750 290 0.426 0.479 173.3 4.8
3750 300 0.396 0.445 173.3 4.8
3750 310 0.370 0.416 173.3 4.8
3750 320 0.348 0.393 173.3 4.8
3750 325 0.340 0.384 173.3 4.8
3750 330 0.332 0.376 173.3 4.8
3750 335 0.327 0.370 173.3 4.8
3750 340 0.322 0.365 173.3 4.8
3750 345 0.319 0.361 173.3 4.8
3750 350 0.327 0.371 173.3 4.8
3750 355 0.330 0.375 173.3 4.8
3750 360 0.330 0.375 173.3 4.8
3750 380 0.304 0.347 173.3 4.8
3750 400 0.261 0.299 173.3 4.8
3750 420 0.216 0.249 173.3 4.8
3750 440 0.176 0.202 173.3 4.8
3750 460 0.141 0.163 173.3 4.8
3750 480 0.112 0.130 173.3 4.8
3750 500 0.089 0.104 173.3 4.8
3750 520 0.070 0.082 173.3 4.8
3750 540 0.056 0.065 173.3 4.8
3750 560 0.044 0.052 173.3 4.8
3750 580 0.035 0.041 173.3 4.8
3750 600 0.028 0.032 173.3 4.8
3750 620 0.022 0.026 173.3 4.8
3750 640 0.017 0.021 173.3 4.8
3750 660 0.014 0.017 173.3 4.8
3750 680 0.011 0.013 173.3 4.8
3750 700 0.009 0.011 173.3 4.8
3750 720 0.007 0.009 173.3 4.8
3750 740 0.006 0.007 173.3 4.8
3750 760 0.005 0.006 173.3 4.8
3750 780 0.004 0.005 173.3 4.8
3750 800 0.003 0.004 173.3 4.8
3750 820 0.002 0.003 173.3 4.8
3750 840 0.002 0.002 173.3 4.8
3750 860 0.002 0.002 173.3 4.8
3750 880 0.001 0.002 173.3 4.8
3750 900 0.001 0.001 173.3 4.8
3750 920 0.001 0.001 173.3 4.8
3750 940 0.001 0.001 173.3 4.8
3750 960 0.001 0.001 173.3 4.8
3750 980 0.000 0.001 173.3 4.8
3750 1000 0.000 0.001 173.3 4.8
4000 100 7.912 8.564 173.3 4.8
4000 110 6.337 6.872 173.3 4.8
4000 120 5.161 5.608 173.3 4.8
4000 130 4.262 4.640 173.3 4.8
4000 140 3.559 3.881 173.3 4.8
4000 150 3.001 3.278 173.3 4.8
4000 160 2.521 2.760 173.3 4.8
4000 170 2.100 2.303 173.3 4.8
4000 180 1.784 1.959 173.3 4.8
4000 190 1.524 1.676 173.3 4.8
4000 200 1.322 1.457 173.3 4.8
4000 210 1.161 1.281 173.3 4.8
4000 220 1.027 1.135 173.3 4.8
4000 230 0.914 1.013 173.3 4.8
4000 240 0.820 0.909 173.3 4.8
4000 250 0.739 0.821 173.3 4.8
4000 260 0.671 0.746 173.3 4.8
4000 270 0.612 0.682 173.3 4.8
4000 280 0.561 0.626 173.3 4.8
4000 290 0.518 0.579 173.3 4.8
4000 300 0.482 0.540 173.3 4.8
4000 310 0.452 0.507 173.3 4.8
4000 320 0.427 0.480 173.3 4.8
4000 325 0.417 0.469 173.3 4.8
4000 330 0.409 0.460 173.3 4.8
4000 335 0.402 0.453 173.3 4.8
4000 340 0.397 0.448 173.3 4.8
4000 345 0.394 0.444 173.3 4.8
4000 350 0.404 0.457 173.3 4.8
4000 355 0.410 0.463 173.3 4.8
4000 360 0.410 0.464 173.3 4.8
4000 380 0.380 0.431 173.3 4.8
4000 400 0.328 0.374 173.3 4.8
4000 420 0.273 0.312 173.3 4.8
4000 440 0.223 0.256 173.3 4.8
4000 460 0.180 0.207 173.3 4.8
4000 480 0.144 0.166 173.3 4.8
4000 500 0.115 0.133 173.3 4.8
4000 520 0.092 0.106 173.3 4.8
4000 540 0.073 0.085 173.3 4.8
4000 560 0.058 0.067 173.3 4.8
4000 580 0.046 0.054 173.3 4.8
4000 600 0.037 0.043 173.3 4.8
4000 620 0.029 0.034 173.3 4.8
4000 640 0.023 0.028 173.3 4.8
4000 660 0.019 0.022 173.3 4.8
4000 680 0.015 0.018 173.3 4.8
4000 700 0.012 0.015 173.3 4.8
4000 720 0.010 0.012 173.3 4.8
4000 740 0.008 0.010 173.3 4.8
4000 760 0.006 0.008 173.3 4.8
4000 780 0.005 0.006 173.3 4.8
4000 800 0.004 0.005 173.3 4.8
4000 820 0.004 0.004 173.3 4.8
4000 840 0.003 0.003 173.3 4.8
4000 860 0.002 0.003 173.3 4.8
4000 880 0.002 0.002 173.3 4.8
4000 900 0.002 0.002 173.3 4.8
4000 920 0.001 0.002 173.3 4.8
4000 940 0.001 0.001 173.3 4.8
4000 960 0.001 0.001 173.3 4.8
4000 980 0.001 0.001 173.3 4.8
4000 1000 0.001 0.001 173.3 4.8
4250 100 8.920 9.637 173.3 4.8
4250 110 7.170 7.762 173.3 4.8
4250 120 5.862 6.356 173.3 4.8
4250 130 4.857 5.276 173.3 4.8
4250 140 4.069 4.428 173.3 4.8
4250 150 3.442 3.752 173.3 4.8
4250 160 2.902 3.168 173.3 4.8
4250 170 2.425 2.652 173.3 4.8
4250 180 2.066 2.264 173.3 4.8
4250 190 1.770 1.942 173.3 4.8
4250 200 1.540 1.692 173.3 4.8
4250 210 1.356 1.493 173.3 4.8
4250 220 1.203 1.327 173.3 4.8
4250 230 1.075 1.187 173.3 4.8
4250 240 0.966 1.068 173.3 4.8
4250 250 0.874 0.968 173.3 4.8
4250 260 0.795 0.881 173.3 4.8
4250 270 0.727 0.807 173.3 4.8
4250 280 0.669 0.744 173.3 4.8
4250 290 0.620 0.690 173.3 4.8
4250 300 0.578 0.645 173.3 4.8
4250 310 0.543 0.607 173.3 4.8
4250 320 0.515 0.576 173.3 4.8
4250 325 0.504 0.564 173.3 4.8
4250 330 0.494 0.554 173.3 4.8
4250 335 0.487 0.546 173.3 4.8
4250 340 0.482 0.540 173.3 4.8
4250 345 0.478 0.536 173.3 4.8
4250 350 0.491 0.552 173.3 4.8
4250 355 0.498 0.561 173.3 4.8
4250 360 0.499 0.562 173.3 4.8
4250 380 0.465 0.526 173.3 4.8
4250 400 0.404 0.458 173.3 4.8
4250 420 0.338 0.384 173.3 4.8
4250 440 0.278 0.316 173.3 4.8
4250 460 0.225 0.257 173.3 4.8
4250 480 0.181 0.208 173.3 4.8
4250 500 0.146 0.167 173.3 4.8
4250 520 0.116 0.134 173.3 4.8
4250 540 0.093 0.107 173.3 4.8
4250 560 0.074 0.086 173.3 4.8
4250 580 0.059 0.069 173.3 4.8
4250 600 0.048 0.055 173.3 4.8
4250 620 0.038 0.045 173.3 4.8
4250 640 0.031 0.036 173.3 4.8
4250 660 0.025 0.029 173.3 4.8
4250 680 0.020 0.024 173.3 4.8
4250 700 0.016 0.019 173.3 4.8
4250 720 0.013 0.016 173.3 4.8
4250 740 0.011 0.013 173.3 4.8
4250 760 0.009 0.010 173.3 4.8
4250 780 0.007 0.009 173.3 4.8
4250 800 0.006 0.007 173.3 4.8
4250 820 0.005 0.006 173.3 4.8
4250 840 0.004 0.005 173.3 4.8
4250 860 0.003 0.004 173.3 4.8
4250 880 0.003 0.003 173.3 4.8
4250 900 0.002 0.003 173.3 4.8
4250 920 0.002 0.002 173.3 4.8
4250 940 0.002 0.002 173.3 4.8
4250 960 0.001 0.002 173.3 4.8
4250 980 0.001 0.001 173.3 4.8
4250 1000 0.001 0.001 173.3 4.8
4500 100 9.971 10.754 173.3 4.8
4500 110 8.043 8.691 173.3 4.8
4500 120 6.595 7.139 173.3 4.8
4500 130 5.482 5.944 173.3 4.8
4500 140 4.608 5.004 173.3 4.8
4500 150 3.909 4.253 173.3 4.8
4500 160 3.305 3.600 173.3 4.8
4500 170 2.770 3.022 173.3 4.8
4500 180 2.367 2.587 173.3 4.8
4500 190 2.033 2.226 173.3 4.8
4500 200 1.774 1.944 173.3 4.8
4500 210 1.566 1.719 173.3 4.8
4500 220 1.393 1.532 173.3 4.8
4500 230 1.248 1.374 173.3 4.8
4500 240 1.125 1.240 173.3 4.8
4500 250 1.020 1.126 173.3 4.8
4500 260 0.930 1.028 173.3 4.8
4500 270 0.853 0.944 173.3 4.8
4500 280 0.787 0.872 173.3 4.8
4500 290 0.730 0.811 173.3 4.8
4500 300 0.683 0.759 173.3 4.8
4500 310 0.643 0.716 173.3 4.8
4500 320 0.612 0.682 173.3 4.8
4500 325 0.599 0.668 173.3 4.8
4500 330 0.588 0.657 173.3 4.8
4500 335 0.580 0.648 173.3 4.8
4500 340 0.575 0.642 173.3 4.8
4500 345 0.570 0.638 173.3 4.8
4500 350 0.587 0.658 173.3 4.8
4500 355 0.597 0.669 173.3 4.8
4500 360 0.598 0.671 173.3 4.8
4500 380 0.560 0.631 173.3 4.8
4500 400 0.489 0.552 173.3 4.8
4500 420 0.411 0.465 173.3 4.8
4500 440 0.339 0.384 173.3 4.8
4500 460 0.276 0.314 173.3 4.8
4500 480 0.224 0.255 173.3 4.8
4500 500 0.180 0.206 173.3 4.8
4500 520 0.145 0.166 173.3 4.8
4500 540 0.116 0.133 173.3 4.8
4500 560 0.093 0.107 173.3 4.8
4500 580 0.075 0.086 173.3 4.8
4500 600 0.060 0.070 173.3 4.8
4500 620 0.049 0.056 173.3 4.8
4500 640 0.039 0.046 173.3 4.8
4500 660 0.032 0.037 173.3 4.8
4500 680 0.026 0.030 173.3 4.8
4500 700 0.021 0.025 173.3 4.8
4500 720 0.017 0.020 173.3 4.8
4500 740 0.014 0.017 173.3 4.8
4500 760 0.012 0.014 173.3 4.8
4500 780 0.010 0.011 173.3 4.8
4500 800 0.008 0.009 173.3 4.8
4500 820 0.006 0.008 173.3 4.8
4500 840 0.005 0.006 173.3 4.8
4500 860 0.004 0.005 173.3 4.8
4500 880 0.004 0.004 173.3 4.8
4500 900 0.003 0.004 173.3 4.8
4500 920 0.003 0.003 173.3 4.8
4500 940 0.002 0.003 173.3 4.8
4500 960 0.002 0.002 173.3 4.8
4500 980 0.001 0.002 173.3 4.8
4500 1000 0.001 0.002 173.3 4.8
4750 100 11.063 11.914 173.3 4.8
4750 110 8.952 9.656 173.3 4.8
4750 120 7.363 7.956 173.3 4.8
4750 130 6.137 6.643 173.3 4.8
4750 140 5.172 5.607 173.3 4.8
4750 150 4.401 4.778 173.3 4.8
4750 160 3.730 4.056 173.3 4.8
4750 170 3.134 3.413 173.3 4.8
4750 180 2.685 2.928 173.3 4.8
4750 190 2.313 2.526 173.3 4.8
4750 200 2.022 2.212 173.3 4.8
4750 210 1.790 1.960 173.3 4.8
4750 220 1.596 1.750 173.3 4.8
4750 230 1.433 1.574 173.3 4.8
4750 240 1.295 1.424 173.3 4.8
4750 250 1.177 1.296 173.3 4.8
4750 260 1.075 1.186 173.3 4.8
4750 270 0.988 1.091 173.3 4.8
4750 280 0.914 1.010 173.3 4.8
4750 290 0.850 0.941 173.3 4.8
4750 300 0.797 0.883 173.3 4.8
4750 310 0.752 0.835 173.3 4.8
4750 320 0.717 0.797 173.3 4.8
4750 325 0.703 0.781 173.3 4.8
4750 330 0.691 0.769 173.3 4.8
4750 335 0.682 0.760 173.3 4.8
4750 340 0.676 0.754 173.3 4.8
4750 345 0.672 0.750 173.3 4.8
4750 350 0.693 0.774 173.3 4.8
4750 355 0.705 0.787 173.3 4.8
4750 360 0.707 0.791 173.3 4.8
4750 380 0.665 0.746 173.3 4.8
4750 400 0.583 0.655 173.3 4.8
4750 420 0.492 0.555 173.3 4.8
4750 440 0.407 0.460 173.3 4.8
4750 460 0.334 0.377 173.3 4.8
4750 480 0.271 0.308 173.3 4.8
4750 500 0.220 0.250 173.3 4.8
4750 520 0.177 0.202 173.3 4.8
4750 540 0.143 0.163 173.3 4.8
4750 560 0.115 0.132 173.3 4.8
4750 580 0.093 0.106 173.3 4.8
4750 600 0.075 0.086 173.3 4.8
4750 620 0.061 0.070 173.3 4.8
4750 640 0.049 0.057 173.3 4.8
4750 660 0.040 0.047 173.3 4.8
4750 680 0.033 0.038 173.3 4.8
4750 700 0.027 0.031 173.3 4.8
4750 720 0.022 0.026 173.3 4.8
4750 740 0.018 0.021 173.3 4.8
4750 760 0.015 0.017 173.3 4.8
4750 780 0.012 0.014 173.3 4.8
4750 800 0.010 0.012 173.3 4.8
4750 820 0.008 0.010 173.3 4.8
4750 840 0.007 0.008 173.3 4.8
4750 860 0.006 0.007 173.3 4.8
4750 880 0.005 0.006 173.3 4.8
4750 900 0.004 0.005 173.3 4.8
4750 920 0.003 0.004 173.3 4.8
4750 940 0.003 0.003 173.3 4.8
4750 960 0.002 0.003 173.3 4.8
4750 980 0.002 0.002 173.3 4.8
4750 1000 0.002 0.002 173.3 4.8
5000 100 12.193 13.114 173.3 4.8
5000 110 9.894 10.658 173.3 4.8
5000 120 8.161 8.805 173.3 4.8
5000 130 6.820 7.370 173.3 4.8
5000 140 5.763 6.237 173.3 4.8
5000 150 4.915 5.328 173.3 4.8
5000 160 4.177 4.534 173.3 4.8
5000 170 3.517 3.823 173.3 4.8
5000 180 3.021 3.288 173.3 4.8
5000 190 2.608 2.842 173.3 4.8
5000 200 2.286 2.495 173.3 4.8
5000 210 2.027 2.216 173.3 4.8
5000 220 1.812 1.983 173.3 4.8
5000 230 1.630 1.786 173.3 4.8
5000 240 1.476 1.619 173.3 4.8
5000 250 1.344 1.477 173.3 4.8
5000 260 1.231 1.354 173.3 4.8
5000 270 1.134 1.249 173.3 4.8
5000 280 1.050 1.158 173.3 4.8
5000 290 0.979 1.081 173.3 4.8
5000 300 0.920 1.016 173.3 4.8
5000 310 0.870 0.963 173.3 4.8
5000 320 0.831 0.920 173.3 4.8
5000 325 0.815 0.904 173.3 4.8
5000 330 0.802 0.890 173.3 4.8
5000 335 0.793 0.881 173.3 4.8
5000 340 0.787 0.874 173.3 4.8
5000 345 0.783 0.871 173.3 4.8
5000 350 0.808 0.899 173.3 4.8
5000 355 0.822 0.916 173.3 4.8
5000 360 0.826 0.921 173.3 4.8
5000 380 0.780 0.871 173.3 4.8
5000 400 0.686 0.768 173.3 4.8
5000 420 0.582 0.653 173.3 4.8
5000 440 0.483 0.544 173.3 4.8
5000 460 0.397 0.448 173.3 4.8
5000 480 0.324 0.366 173.3 4.8
5000 500 0.263 0.298 173.3 4.8
5000 520 0.213 0.242 173.3 4.8
5000 540 0.173 0.196 173.3 4.8
5000 560 0.140 0.159 173.3 4.8
5000 580 0.113 0.129 173.3 4.8
5000 600 0.092 0.105 173.3 4.8
5000 620 0.075 0.086 173.3 4.8
5000 640 0.061 0.070 173.3 4.8
5000 660 0.050 0.057 173.3 4.8
5000 680 0.041 0.047 173.3 4.8
5000 700 0.033 0.039 173.3 4.8
5000 720 0.028 0.032 173.3 4.8
5000 740 0.023 0.026 173.3 4.8
5000 760 0.019 0.022 173.3 4.8
5000 780 0.016 0.018 173.3 4.8
5000 800 0.013 0.015 173.3 4.8
5000 820 0.011 0.013 173.3 4.8
5000 840 0.009 0.011 173.3 4.8
5000 860 0.007 0.009 173.3 4.8
5000 880 0.006 0.007 173.3 4.8
5000 900 0.005 0.006 173.3 4.8
5000 920 0.004 0.005 173.3 4.8
5000 940 0.004 0.004 173.3 4.8
5000 960 0.003 0.004 173.3 4.8
5000 980 0.003 0.003 173.3 4.8
5000 1000 0.002 0.003 173.3 4.8
5250 100 13.361 14.351 173.3 4.8
5250 110 10.870 11.694 173.3 4.8
5250 120 8.989 9.684 173.3 4.8
5250 130 7.530 8.126 173.3 4.8
5250 140 6.377 6.892 173.3 4.8
5250 150 5.452 5.901 173.3 4.8
5250 160 4.643 5.032 173.3 4.8
5250 170 3.919 4.253 173.3 4.8
5250 180 3.373 3.665 173.3 4.8
5250 190 2.918 3.174 173.3 4.8
5250 200 2.563 2.792 173.3 4.8
5250 210 2.278 2.485 173.3 4.8
5250 220 2.040 2.228 173.3 4.8
5250 230 1.839 2.011 173.3 4.8
5250 240 1.668 1.826 173.3 4.8
5250 250 1.522 1.668 173.3 4.8
5250 260 1.397 1.533 173.3 4.8
5250 270 1.289 1.416 173.3 4.8
5250 280 1.196 1.316 173.3 4.8
5250 290 1.118 1.231 173.3 4.8
5250 300 1.051 1.159 173.3 4.8
5250 310 0.997 1.100 173.3 4.8
5250 320 0.953 1.053 173.3 4.8
5250 325 0.936 1.035 173.3 4.8
5250 330 0.922 1.020 173.3 4.8
5250 335 0.912 1.010 173.3 4.8
5250 340 0.906 1.004 173.3 4.8
5250 345 0.902 1.000 173.3 4.8
5250 350 0.932 1.034 173.3 4.8
5250 355 0.949 1.054 173.3 4.8
5250 360 0.955 1.061 173.3 4.8
5250 380 0.904 1.008 173.3 4.8
5250 400 0.798 0.891 173.3 4.8
5250 420 0.679 0.760 173.3 4.8
5250 440 0.566 0.635 173.3 4.8
5250 460 0.467 0.525 173.3 4.8
5250 480 0.382 0.431 173.3 4.8
5250 500 0.312 0.352 173.3 4.8
5250 520 0.254 0.287 173.3 4.8
5250 540 0.206 0.233 173.3 4.8
5250 560 0.167 0.190 173.3 4.8
5250 580 0.136 0.154 173.3 4.8
5250 600 0.110 0.126 173.3 4.8
5250 620 0.090 0.103 173.3 4.8
5250 640 0.074 0.084 173.3 4.8
5250 660 0.060 0.069 173.3 4.8
5250 680 0.050 0.057 173.3 4.8
5250 700 0.041 0.047 173.3 4.8
5250 720 0.034 0.039 173.3 4.8
5250 740 0.028 0.032 173.3 4.8
5250 760 0.023 0.027 173.3 4.8
5250 780 0.019 0.022 173.3 4.8
5250 800 0.016 0.019 173.3 4.8
5250 820 0.013 0.016 173.3 4.8
5250 840 0.011 0.013 173.3 4.8
5250 860 0.009 0.011 173.3 4.8
5250 880 0.008 0.009 173.3 4.8
5250 900 0.007 0.008 173.3 4.8
5250 920 0.006 0.007 173.3 4.8
5250 940 0.005 0.006 173.3 4.8
5250 960 0.004 0.005 173.3 4.8
5250 980 0.003 0.004 173.3 4.8
5250 1000 0.003 0.003 173.3 4.8
5500 100 14.564 15.625 173.3 4.8
5500 110 11.878 12.763 173.3 4.8
5500 120 9.845 10.594 173.3 4.8
5500 130 8.267 8.909 173.3 4.8
5500 140 7.016 7.572 173.3 4.8
5500 150 6.011 6.496 173.3 4.8
5500 160 5.130 5.551 173.3 4.8
5500 170 4.339 4.702 173.3 4.8
5500 180 3.742 4.059 173.3 4.8
5500 190 3.243 3.522 173.3 4.8
5500 200 2.854 3.104 173.3 4.8
5500 210 2.541 2.767 173.3 4.8
5500 220 2.280 2.486 173.3 4.8
5500 230 2.059 2.248 173.3 4.8
5500 240 1.871 2.045 173.3 4.8
5500 250 1.711 1.871 173.3 4.8
5500 260 1.573 1.722 173.3 4.8
5500 270 1.454 1.594 173.3 4.8
5500 280 1.352 1.484 173.3 4.8
5500 290 1.265 1.390 173.3 4.8
5500 300 1.192 1.309 173.3 4.8
5500 310 1.132 1.246 173.3 4.8
5500 320 1.084 1.195 173.3 4.8
5500 325 1.065 1.175 173.3 4.8
5500 330 1.051 1.160 173.3 4.8
5500 335 1.040 1.149 173.3 4.8
5500 340 1.034 1.143 173.3 4.8
5500 345 1.030 1.140 173.3 4.8
5500 350 1.065 1.179 173.3 4.8
5500 355 1.086 1.203 173.3 4.8
5500 360 1.093 1.212 173.3 4.8
5500 380 1.039 1.154 173.3 4.8
5500 400 0.919 1.024 173.3 4.8
5500 420 0.785 0.876 173.3 4.8
5500 440 0.657 0.734 173.3 4.8
5500 460 0.543 0.608 173.3 4.8
5500 480 0.446 0.501 173.3 4.8
5500 500 0.365 0.411 173.3 4.8
5500 520 0.298 0.335 173.3 4.8
5500 540 0.242 0.274 173.3 4.8
5500 560 0.197 0.223 173.3 4.8
5500 580 0.161 0.182 173.3 4.8
5500 600 0.131 0.149 173.3 4.8
5500 620 0.108 0.122 173.3 4.8
5500 640 0.088 0.101 173.3 4.8
5500 660 0.073 0.083 173.3 4.8
5500 680 0.060 0.068 173.3 4.8
5500 700 0.049 0.057 173.3 4.8
5500 720 0.041 0.047 173.3 4.8
5500 740 0.034 0.039 173.3 4.8
5500 760 0.028 0.033 173.3 4.8
5500 780 0.024 0.027 173.3 4.8
5500 800 0.020 0.023 173.3 4.8
5500 820 0.017 0.019 173.3 4.8
5500 840 0.014 0.016 173.3 4.8
5500 860 0.012 0.014 173.3 4.8
5500 880 0.010 0.011 173.3 4.8
5500 900 0.008 0.010 173.3 4.8
5500 920 0.007 0.008 173.3 4.8
5500 940 0.006 0.007 173.3 4.8
5500 960 0.005 0.006 173.3 4.8
5500 980 0.004 0.005 173.3 4.8
5500 1000 0.004 0.004 173.3 4.8
5750 100 15.802 16.934 173.3 4.8
5750 110 12.915 13.862 173.3 4.8
5750 120 10.728 11.531 173.3 4.8
5750 130 9.028 9.717 173.3 4.8
5750 140 7.679 8.276 173.3 4.8
5750 150 6.591 7.113 173.3 4.8
5750 160 5.635 6.090 173.3 4.8
5750 170 4.776 5.167 173.3 4.8
5750 180 4.126 4.470 173.3 4.8
5750 190 3.583 3.886 173.3 4.8
5750 200 3.158 3.429 173.3 4.8
5750 210 2.817 3.062 173.3 4.8
5750 220 2.532 2.756 173.3 4.8
5750 230 2.291 2.496 173.3 4.8
5750 240 2.085 2.275 173.3 4.8
5750 250 1.909 2.085 173.3 4.8
5750 260 1.758 1.922 173.3 4.8
5750 270 1.628 1.781 173.3 4.8
5750 280 1.516 1.660 173.3 4.8
5750 290 1.421 1.558 173.3 4.8
5750 300 1.341 1.472 173.3 4.8
5750 310 1.275 1.402 173.3 4.8
5750 320 1.223 1.346 173.3 4.8
5750 325 1.203 1.325 173.3 4.8
5750 330 1.187 1.308 173.3 4.8
5750 335 1.177 1.297 173.3 4.8
5750 340 1.170 1.291 173.3 4.8
5750 345 1.167 1.288 173.3 4.8
5750 350 1.208 1.334 173.3 4.8
5750 355 1.232 1.361 173.3 4.8
5750 360 1.241 1.372 173.3 4.8
5750 380 1.183 1.311 173.3 4.8
5750 400 1.050 1.167 173.3 4.8
5750 420 0.899 1.001 173.3 4.8
5750 440 0.754 0.841 173.3 4.8
5750 460 0.626 0.699 173.3 4.8
5750 480 0.515 0.577 173.3 4.8
5750 500 0.423 0.475 173.3 4.8
5750 520 0.346 0.389 173.3 4.8
5750 540 0.282 0.318 173.3 4.8
5750 560 0.231 0.260 173.3 4.8
5750 580 0.189 0.213 173.3 4.8
5750 600 0.154 0.175 173.3 4.8
5750 620 0.127 0.144 173.3 4.8
5750 640 0.104 0.118 173.3 4.8
5750 660 0.086 0.098 173.3 4.8
5750 680 0.071 0.081 173.3 4.8
5750 700 0.059 0.067 173.3 4.8
5750 720 0.049 0.056 173.3 4.8
5750 740 0.041 0.047 173.3 4.8
5750 760 0.034 0.039 173.3 4.8
5750 780 0.029 0.033 173.3 4.8
5750 800 0.024 0.027 173.3 4.8
5750 820 0.020 0.023 173.3 4.8
5750 840 0.017 0.020 173.3 4.8
5750 860 0.014 0.016 173.3 4.8
5750 880 0.012 0.014 173.3 4.8
5750 900 0.010 0.012 173.3 4.8
5750 920 0.009 0.010 173.3 4.8
5750 940 0.007 0.009 173.3 4.8
5750 960 0.006 0.007 173.3 4.8
5750 980 0.005 0.006 173.3 4.8
5750 1000 0.005 0.005 173.3 4.8
6000 100 17.072 18.277 173.3 4.8
6000 110 13.983 14.991 173.3 4.8
6000 120 11.638 12.496 173.3 4.8
6000 130 9.813 10.550 173.3 4.8
6000 140 8.362 9.002 173.3 4.8
6000 150 7.191 7.752 173.3 4.8
6000 160 6.159 6.648 173.3 4.8
6000 170 5.229 5.650 173.3 4.8
6000 180 4.525 4.896 173.3 4.8
6000 190 3.937 4.264 173.3 4.8
6000 200 3.476 3.769 173.3 4.8
6000 210 3.105 3.371 173.3 4.8
6000 220 2.795 3.037 173.3 4.8
6000 230 2.533 2.755 173.3 4.8
6000 240 2.309 2.515 173.3 4.8
6000 250 2.118 2.309 173.3 4.8
6000 260 1.953 2.131 173.3 4.8
6000 270 1.811 1.978 173.3 4.8
6000 280 1.689 1.847 173.3 4.8
6000 290 1.585 1.735 173.3 4.8
6000 300 1.498 1.642 173.3 4.8
6000 310 1.427 1.566 173.3 4.8
6000 320 1.371 1.506 173.3 4.8
6000 325 1.349 1.480 173.3 4.8
6000 330 1.333 1.465 173.3 4.8
6000 335 1.321 1.454 173.3 4.8
6000 340 1.315 1.448 173.3 4.8
6000 345 1.313 1.446 173.3 4.8
6000 350 1.359 1.498 173.3 4.8
6000 355 1.387 1.530 173.3 4.8
6000 360 1.398 1.543 173.3 4.8
6000 380 1.336 1.478 173.3 4.8
6000 400 1.190 1.319 173.3 4.8
6000 420 1.021 1.134 173.3 4.8
6000 440 0.859 0.956 173.3 4.8
6000 460 0.715 0.796 173.3 4.8
6000 480 0.590 0.659 173.3 4.8
6000 500 0.486 0.543 173.3 4.8
6000 520 0.398 0.446 173.3 4.8
6000 540 0.326 0.366 173.3 4.8
6000 560 0.267 0.300 173.3 4.8
6000 580 0.219 0.246 173.3 4.8
6000 600 0.180 0.202 173.3 4.8
6000 620 0.148 0.167 173.3 4.8
6000 640 0.122 0.138 173.3 4.8
6000 660 0.101 0.114 173.3 4.8
6000 680 0.084 0.095 173.3 4.8
6000 700 0.070 0.079 173.3 4.8
6000 720 0.058 0.066 173.3 4.8
6000 740 0.048 0.055 173.3 4.8
6000 760 0.040 0.046 173.3 4.8
6000 780 0.034 0.039 173.3 4.8
6000 800 0.029 0.033 173.3 4.8
6000 820 0.024 0.028 173.3 4.8
6000 840 0.020 0.023 173.3 4.8
6000 860 0.017 0.020 173.3 4.8
6000 880 0.015 0.017 173.3 4.8
6000 900 0.012 0.014 173.3 4.8
6000 920 0.010 0.012 173.3 4.8
6000 940 0.009 0.010 173.3 4.8
6000 960 0.008 0.009 173.3 4.8
6000 980 0.007 0.008 173.3 4.8
6000 1000 0.006 0.007 173.3 4.8
6250 100 18.373 19.651 173.3 4.8
6250 110 15.079 16.150 173.3 4.8
6250 120 12.574 13.486 173.3 4.8
6250 130 10.621 11.408 173.3 4.8
6250 140 9.067 9.750 173.3 4.8
6250 150 7.812 8.411 173.3 4.8
6250 160 6.702 7.225 173.3 4.8
6250 170 5.698 6.150 173.3 4.8
6250 180 4.940 5.337 173.3 4.8
6250 190 4.304 4.655 173.3 4.8
6250 200 3.806 4.122 173.3 4.8
6250 210 3.406 3.692 173.3 4.8
6250 220 3.070 3.331 173.3 4.8
6250 230 2.786 3.026 173.3 4.8
6250 240 2.544 2.766 173.3 4.8
6250 250 2.336 2.543 173.3 4.8
6250 260 2.157 2.351 173.3 4.8
6250 270 2.003 2.185 173.3 4.8
6250 280 1.871 2.042 173.3 4.8
6250 290 1.758 1.921 173.3 4.8
6250 300 1.664 1.820 173.3 4.8
6250 310 1.587 1.738 173.3 4.8
6250 320 1.527 1.674 173.3 4.8
6250 325 1.504 1.649 173.3 4.8
6250 330 1.486 1.631 173.3 4.8
6250 335 1.475 1.619 173.3 4.8
6250 340 1.469 1.614 173.3 4.8
6250 345 1.467 1.612 173.3 4.8
6250 350 1.519 1.671 173.3 4.8
6250 355 1.552 1.708 173.3 4.8
6250 360 1.565 1.724 173.3 4.8
6250 380 1.499 1.655 173.3 4.8
6250 400 1.338 1.480 173.3 4.8
6250 420 1.152 1.277 173.3 4.8
6250 440 0.972 1.078 173.3 4.8
6250 460 0.810 0.901 173.3 4.8
6250 480 0.671 0.747 173.3 4.8
6250 500 0.554 0.617 173.3 4.8
6250 520 0.455 0.508 173.3 4.8
6250 540 0.373 0.418 173.3 4.8
6250 560 0.306 0.343 173.3 4.8
6250 580 0.252 0.282 173.3 4.8
6250 600 0.207 0.233 173.3 4.8
6250 620 0.171 0.192 173.3 4.8
6250 640 0.141 0.159 173.3 4.8
6250 660 0.117 0.132 173.3 4.8
6250 680 0.097 0.110 173.3 4.8
6250 700 0.081 0.092 173.3 4.8
6250 720 0.068 0.077 173.3 4.8
6250 740 0.057 0.064 173.3 4.8
6250 760 0.048 0.054 173.3 4.8
6250 780 0.040 0.046 173.3 4.8
6250 800 0.034 0.038 173.3 4.8
6250 820 0.028 0.033 173.3 4.8
6250 840 0.024 0.028 173.3 4.8
6250 860 0.020 0.023 173.3 4.8
6250 880 0.017 0.020 173.3 4.8
6250 900 0.015 0.017 173.3 4.8
6250 920 0.013 0.014 173.3 4.8
6250 940 0.011 0.012 173.3 4.8
6250 960 0.009 0.011 173.3 4.8
6250 980 0.008 0.009 173.3 4.8
6250 1000 0.007 0.008 173.3 4.8
6500 100 19.703 21.055 173.3 4.8
6500 110 16.202 17.338 173.3 4.8
6500 120 13.534 14.502 173.3 4.8
6500 130 11.452 12.288 173.3 4.8
6500 140 9.793 10.520 173.3 4.8
6500 150 8.450 9.088 173.3 4.8
6500 160 7.262 7.820 173.3 4.8
6500 170 6.184 6.666 173.3 4.8
6500 180 5.368 5.794 173.3 4.8
6500 190 4.684 5.060 173.3 4.8
6500 200 4.149 4.487 173.3 4.8
6500 210 3.718 4.025 173.3 4.8
6500 220 3.356 3.637 173.3 4.8
6500 230 3.049 3.308 173.3 4.8
6500 240 2.788 3.027 173.3 4.8
6500 250 2.564 2.787 173.3 4.8
6500 260 2.371 2.580 173.3 4.8
6500 270 2.204 2.401 173.3 4.8
6500 280 2.061 2.247 173.3 4.8
6500 290 1.940 2.116 173.3 4.8
6500 300 1.838 2.008 173.3 4.8
6500 310 1.755 1.918 173.3 4.8
6500 320 1.691 1.850 173.3 4.8
6500 325 1.666 1.824 173.3 4.8
6500 330 1.648 1.805 173.3 4.8
6500 335 1.636 1.793 173.3 4.8
6500 340 1.630 1.788 173.3 4.8
6500 345 1.629 1.788 173.3 4.8
6500 350 1.688 1.854 173.3 4.8
6500 355 1.725 1.896 173.3 4.8
6500 360 1.742 1.915 173.3 4.8
6500 380 1.672 1.842 173.3 4.8
6500 400 1.496 1.651 173.3 4.8
6500 420 1.291 1.427 173.3 4.8
6500 440 1.091 1.209 173.3 4.8
6500 460 0.912 1.012 173.3 4.8
6500 480 0.757 0.841 173.3 4.8
6500 500 0.626 0.697 173.3 4.8
6500 520 0.516 0.574 173.3 4.8
6500 540 0.424 0.473 173.3 4.8
6500 560 0.349 0.390 173.3 4.8
6500 580 0.287 0.322 173.3 4.8
6500 600 0.237 0.266 173.3 4.8
6500 620 0.196 0.220 173.3 4.8
6500 640 0.162 0.183 173.3 4.8
6500 660 0.135 0.152 173.3 4.8
6500 680 0.112 0.127 173.3 4.8
6500 700 0.094 0.106 173.3 4.8
6500 720 0.079 0.089 173.3 4.8
6500 740 0.066 0.075 173.3 4.8
6500 760 0.055 0.063 173.3 4.8
6500 780 0.047 0.053 173.3 4.8
6500 800 0.039 0.045 173.3 4.8
6500 820 0.033 0.038 173.3 4.8
6500 840 0.028 0.032 173.3 4.8
6500 860 0.024 0.027 173.3 4.8
6500 880 0.020 0.023 173.3 4.8
6500 900 0.017 0.020 173.3 4.8
6500 920 0.015 0.017 173.3 4.8
6500 940 0.013 0.015 173.3 4.8
6500 960 0.011 0.013 173.3 4.8
6500 980 0.009 0.011 173.3 4.8
6500 1000 0.008 0.009 173.3 4.8
6750 100 21.062 22.488 173.3 4.8
6750 110 17.351 18.551 173.3 4.8
6750 120 14.519 15.543 173.3 4.8
6750 130 12.304 13.190 173.3 4.8
6750 140 10.538 11.311 173.3 4.8
6750 150 9.108 9.786 173.3 4.8
6750 160 7.839 8.432 173.3 4.8
6750 170 6.685 7.199 173.3 4.8
6750 180 5.811 6.264 173.3 4.8
6750 190 5.077 5.479 173.3 4.8
6750 200 4.503 4.865 173.3 4.8
6750 210 4.041 4.370 173.3 4.8
6750 220 3.652 3.953 173.3 4.8
6750 230 3.323 3.600 173.3 4.8
6750 240 3.042 3.299 173.3 4.8
6750 250 2.801 3.040 173.3 4.8
6750 260 2.593 2.818 173.3 4.8
6750 270 2.414 2.626 173.3 4.8
6750 280 2.260 2.460 173.3 4.8
6750 290 2.129 2.320 173.3 4.8
6750 300 2.020 2.203 173.3 4.8
6750 310 1.931 2.108 173.3 4.8
6750 320 1.862 2.035 173.3 4.8
6750 325 1.836 2.007 173.3 4.8
6750 330 1.817 1.987 173.3 4.8
6750 335 1.805 1.975 173.3 4.8
6750 340 1.800 1.971 173.3 4.8
6750 345 1.800 1.972 173.3 4.8
6750 350 1.866 2.046 173.3 4.8
6750 355 1.908 2.094 173.3 4.8
6750 360 1.927 2.116 173.3 4.8
6750 380 1.854 2.040 173.3 4.8
6750 400 1.663 1.832 173.3 4.8
6750 420 1.438 1.587 173.3 4.8
6750 440 1.218 1.346 173.3 4.8
6750 460 1.020 1.130 173.3 4.8
6750 480 0.849 0.941 173.3 4.8
6750 500 0.703 0.781 173.3 4.8
6750 520 0.581 0.645 173.3 4.8
6750 540 0.479 0.533 173.3 4.8
6750 560 0.395 0.440 173.3 4.8
6750 580 0.326 0.363 173.3 4.8
6750 600 0.269 0.301 173.3 4.8
6750 620 0.223 0.250 173.3 4.8
6750 640 0.185 0.208 173.3 4.8
6750 660 0.154 0.173 173.3 4.8
6750 680 0.129 0.145 173.3 4.8
6750 700 0.108 0.121 173.3 4.8
6750 720 0.090 0.102 173.3 4.8
6750 740 0.076 0.086 173.3 4.8
6750 760 0.064 0.072 173.3 4.8
6750 780 0.054 0.061 173.3 4.8
6750 800 0.046 0.052 173.3 4.8
6750 820 0.039 0.044 173.3 4.8
6750 840 0.033 0.037 173.3 4.8
6750 860 0.028 0.032 173.3 4.8
6750 880 0.024 0.027 173.3 4.8
6750 900 0.020 0.023 173.3 4.8
6750 920 0.017 0.020 173.3 4.8
6750 940 0.015 0.017 173.3 4.8
6750 960 0.013 0.015 173.3 4.8
6750 980 0.011 0.013 173.3 4.8
6750 1000 0.010 0.011 173.3 4.8
7000 100 22.449 23.949 173.3 4.8
7000 110 18.524 19.789 173.3 4.8
7000 120 15.526 16.608 173.3 4.8
7000 130 13.178 14.113 173.3 4.8
7000 140 11.303 12.121 173.3 4.8
7000 150 9.783 10.502 173.3 4.8
7000 160 8.432 9.061 173.3 4.8
7000 170 7.201 7.747 173.3 4.8
7000 180 6.267 6.750 173.3 4.8
7000 190 5.483 5.911 173.3 4.8
7000 200 4.869 5.254 173.3 4.8
7000 210 4.375 4.725 173.3 4.8
7000 220 3.960 4.281 173.3 4.8
7000 230 3.607 3.903 173.3 4.8
7000 240 3.306 3.580 173.3 4.8
7000 250 3.047 3.303 173.3 4.8
7000 260 2.825 3.065 173.3 4.8
7000 270 2.632 2.859 173.3 4.8
7000 280 2.467 2.682 173.3 4.8
7000 290 2.327 2.532 173.3 4.8
7000 300 2.210 2.407 173.3 4.8
7000 310 2.115 2.306 173.3 4.8
7000 320 2.042 2.228 173.3 4.8
7000 325 2.015 2.199 173.3 4.8
7000 330 1.995 2.178 173.3 4.8
7000 335 1.983 2.166 173.3 4.8
7000 340 1.978 2.162 173.3 4.8
7000 345 1.978 2.164 173.3 4.8
7000 350 2.053 2.247 173.3 4.8
7000 355 2.100 2.300 173.3 4.8
7000 360 2.122 2.326 173.3 4.8
7000 380 2.046 2.247 173.3 4.8
7000 400 1.838 2.022 173.3 4.8
7000 420 1.593 1.755 173.3 4.8
7000 440 1.352 1.492 173.3 4.8
7000 460 1.135 1.254 173.3 4.8
7000 480 0.946 1.047 173.3 4.8
7000 500 0.786 0.871 173.3 4.8
7000 520 0.650 0.721 173.3 4.8
7000 540 0.537 0.596 173.3 4.8
7000 560 0.443 0.493 173.3 4.8
7000 580 0.366 0.408 173.3 4.8
7000 600 0.303 0.338 173.3 4.8
7000 620 0.252 0.281 173.3 4.8
7000 640 0.210 0.235 173.3 4.8
7000 660 0.175 0.196 173.3 4.8
7000 680 0.146 0.164 173.3 4.8
7000 700 0.123 0.138 173.3 4.8
7000 720 0.103 0.116 173.3 4.8
7000 740 0.087 0.098 173.3 4.8
7000 760 0.073 0.083 173.3 4.8
7000 780 0.062 0.070 173.3 4.8
7000 800 0.053 0.059 173.3 4.8
7000 820 0.045 0.051 173.3 4.8
7000 840 0.038 0.043 173.3 4.8
7000 860 0.032 0.037 173.3 4.8
7000 880 0.028 0.031 173.3 4.8
7000 900 0.024 0.027 173.3 4.8
7000 920 0.020 0.023 173.3 4.8
7000 940 0.017 0.020 173.3 4.8
7000 960 0.015 0.017 173.3 4.8
7000 980 0.013 0.015 173.3 4.8
7000 1000 0.011 0.013 173.3 4.8
7250 100 23.866 25.441 173.3 4.8
7250 110 19.722 21.052 173.3 4.8
7250 120 16.556 17.695 173.3 4.8
7250 130 14.073 15.059 173.3 4.8
7250 140 12.087 12.950 173.3 4.8
7250 150 10.475 11.236 173.3 4.8
7250 160 9.041 9.707 173.3 4.8
7250 170 7.731 8.309 173.3 4.8
7250 180 6.738 7.249 173.3 4.8
7250 190 5.901 6.355 173.3 4.8
7250 200 5.247 5.656 173.3 4.8
7250 210 4.719 5.092 173.3 4.8
7250 220 4.277 4.619 173.3 4.8
7250 230 3.900 4.216 173.3 4.8
7250 240 3.579 3.872 173.3 4.8
7250 250 3.302 3.576 173.3 4.8
7250 260 3.065 3.321 173.3 4.8
7250 270 2.859 3.101 173.3 4.8
7250 280 2.682 2.912 173.3 4.8
7250 290 2.533 2.753 173.3 4.8
7250 300 2.408 2.620 173.3 4.8
7250 310 2.307 2.511 173.3 4.8
7250 320 2.229 2.429 173.3 4.8
7250 325 2.201 2.399 173.3 4.8
7250 330 2.180 2.377 173.3 4.8
7250 335 2.168 2.365 173.3 4.8
7250 340 2.164 2.361 173.3 4.8
7250 345 2.165 2.365 173.3 4.8
7250 350 2.248 2.456 173.3 4.8
7250 355 2.301 2.516 173.3 4.8
7250 360 2.326 2.545 173.3 4.8
7250 380 2.247 2.464 173.3 4.8
7250 400 2.023 2.222 173.3 4.8
7250 420 1.756 1.931 173.3 4.8
7250 440 1.494 1.645 173.3 4.8
7250 460 1.256 1.385 173.3 4.8
7250 480 1.049 1.158 173.3 4.8
7250 500 0.873 0.965 173.3 4.8
7250 520 0.723 0.801 173.3 4.8
7250 540 0.598 0.663 173.3 4.8
7250 560 0.495 0.550 173.3 4.8
7250 580 0.410 0.456 173.3 4.8
7250 600 0.340 0.379 173.3 4.8
7250 620 0.283 0.315 173.3 4.8
7250 640 0.236 0.263 173.3 4.8
7250 660 0.197 0.220 173.3 4.8
7250 680 0.165 0.185 173.3 4.8
7250 700 0.139 0.155 173.3 4.8
7250 720 0.117 0.131 173.3 4.8
7250 740 0.099 0.111 173.3 4.8
7250 760 0.083 0.094 173.3 4.8
7250 780 0.071 0.079 173.3 4.8
7250 800 0.060 0.068 173.3 4.8
7250 820 0.051 0.058 173.3 4.8
7250 840 0.044 0.049 173.3 4.8
7250 860 0.037 0.042 173.3 4.8
7250 880 0.032 0.036 173.3 4.8
7250 900 0.027 0.031 173.3 4.8
7250 920 0.023 0.027 173.3 4.8
7250 940 0.020 0.023 173.3 4.8
7250 960 0.017 0.020 173.3 4.8
7250 980 0.015 0.017 173.3 4.8
7250 1000 0.013 0.015 173.3 4.8
7500 100 25.305 26.947 173.3 4.8
7500 110 20.943 22.339 173.3 4.8
7500 120 17.607 18.804 173.3 4.8
7500 130 14.987 16.025 173.3 4.8
7500 140 12.889 13.797 173.3 4.8
7500 150 11.184 11.986 173.3 4.8
7500 160 9.665 10.368 173.3 4.8
7500 170 8.275 8.885 173.3 4.8
7500 180 7.221 7.761 173.3 4.8
7500 190 6.331 6.812 173.3 4.8
7500 200 5.635 6.069 173.3 4.8
7500 210 5.075 5.470 173.3 4.8
7500 220 4.604 4.967 173.3 4.8
7500 230 4.203 4.539 173.3 4.8
7500 240 3.861 4.173 173.3 4.8
7500 250 3.567 3.880 173.3 4.8
7500 260 3.313 3.586 173.3 4.8
7500 270 3.094 3.352 173.3 4.8
7500 280 2.906 3.151 173.3 4.8
7500 290 2.746 2.981 173.3 4.8
7500 300 2.614 2.840 173.3 4.8
7500 310 2.506 2.725 173.3 4.8
7500 320 2.424 2.638 173.3 4.8
7500 325 2.394 2.606 173.3 4.8
7500 330 2.373 2.584 173.3 4.8
7500 335 2.361 2.572 173.3 4.8
7500 340 2.357 2.570 173.3 4.8
7500 345 2.360 2.574 173.3 4.8
7500 350 2.451 2.675 173.3 4.8
7500 355 2.510 2.741 173.3 4.8
7500 360 2.539 2.774 173.3 4.8
7500 380 2.457 2.690 173.3 4.8
7500 400 2.216 2.430 173.3 4.8
7500 420 1.927 2.117 173.3 4.8
7500 440 1.642 1.806 173.3 4.8
7500 460 1.383 1.523 173.3 4.8
7500 480 1.157 1.276 173.3 4.8
7500 500 0.965 1.065 173.3 4.8
7500 520 0.801 0.885 173.3 4.8
7500 540 0.664 0.734 173.3 4.8
7500 560 0.550 0.610 173.3 4.8
7500 580 0.456 0.506 173.3 4.8
7500 600 0.379 0.421 173.3 4.8
7500 620 0.316 0.351 173.3 4.8
7500 640 0.264 0.294 173.3 4.8
7500 660 0.221 0.246 173.3 4.8
7500 680 0.185 0.207 173.3 4.8
7500 700 0.156 0.174 173.3 4.8
7500 720 0.132 0.147 173.3 4.8
7500 740 0.111 0.124 173.3 4.8
7500 760 0.094 0.106 173.3 4.8
7500 780 0.080 0.090 173.3 4.8
7500 800 0.068 0.076 173.3 4.8
7500 820 0.058 0.065 173.3 4.8
7500 840 0.049 0.056 173.3 4.8
7500 860 0.042 0.048 173.3 4.8
7500 880 0.036 0.041 173.3 4.8
7500 900 0.031 0.035 173.3 4.8
7500 920 0.027 0.030 173.3 4.8
7500 940 0.023 0.026 173.3 4.8
7500 960 0.020 0.023 173.3 4.8
7500 980 0.017 0.020 173.3 4.8
7500 1000 0.015 0.017 173.3 4.8
7750 100 26.770 28.500 173.3 4.8
7750 110 22.187 23.649 173.3 4.8
7750 120 18.677 19.933 173.3 4.8
7750 130 15.920 17.010 173.3 4.8
7750 140 13.709 14.664 173.3 4.8
7750 150 11.910 12.754 173.3 4.8
7750 160 10.304 11.046 173.3 4.8
7750 170 8.832 9.476 173.3 4.8
7750 180 7.716 8.287 173.3 4.8
7750 190 6.774 7.282 173.3 4.8
7750 200 6.035 6.494 173.3 4.8
7750 210 5.440 5.859 173.3 4.8
7750 220 4.940 5.325 173.3 4.8
7750 230 4.515 4.871 173.3 4.8
7750 240 4.152 4.483 173.3 4.8
7750 250 3.839 4.149 173.3 4.8
7750 260 3.570 3.860 173.3 4.8
7750 270 3.337 3.611 173.3 4.8
7750 280 3.137 3.398 173.3 4.8
7750 290 2.968 3.217 173.3 4.8
7750 300 2.827 3.068 173.3 4.8
7750 310 2.713 2.947 173.3 4.8
7750 320 2.627 2.855 173.3 4.8
7750 325 2.595 2.822 173.3 4.8
7750 330 2.573 2.799 173.3 4.8
7750 335 2.561 2.787 173.3 4.8
7750 340 2.558 2.786 173.3 4.8
7750 345 2.563 2.792 173.3 4.8
7750 350 2.663 2.903 173.3 4.8
7750 355 2.728 2.975 173.3 4.8
7750 360 2.760 3.012 173.3 4.8
7750 380 2.676 2.926 173.3 4.8
7750 400 2.418 2.648 173.3 4.8
7750 420 2.107 2.310 173.3 4.8
7750 440 1.798 1.974 173.3 4.8
7750 460 1.517 1.668 173.3 4.8
7750 480 1.271 1.399 173.3 4.8
7750 500 1.061 1.170 173.3 4.8
7750 520 0.882 0.974 173.3 4.8
7750 540 0.733 0.809 173.3 4.8
7750 560 0.608 0.673 173.3 4.8
7750 580 0.505 0.560 173.3 4.8
7750 600 0.421 0.466 173.3 4.8
7750 620 0.351 0.390 173.3 4.8
7750 640 0.294 0.326 173.3 4.8
7750 660 0.246 0.274 173.3 4.8
7750 680 0.207 0.231 173.3 4.8
7750 700 0.174 0.195 173.3 4.8
7750 720 0.147 0.164 173.3 4.8
7750 740 0.125 0.139 173.3 4.8
7750 760 0.106 0.118 173.3 4.8
7750 780 0.090 0.101 173.3 4.8
7750 800 0.077 0.086 173.3 4.8
7750 820 0.065 0.073 173.3 4.8
7750 840 0.056 0.063 173.3 4.8
7750 860 0.048 0.054 173.3 4.8
7750 880 0.041 0.046 173.3 4.8
7750 900 0.035 0.040 173.3 4.8
7750 920 0.031 0.035 173.3 4.8
7750 940 0.026 0.030 173.3 4.8
7750 960 0.023 0.026 173.3 4.8
7750 980 0.020 0.022 173.3 4.8
7750 1000 0.017 0.020 173.3 4.8
8000 100 28.258 30.068 173.3 4.8
8000 110 23.453 24.982 173.3 4.8
8000 120 19.769 21.083 173.3 4.8
8000 130 16.872 18.015 173.3 4.8
8000 140 14.546 15.548 173.3 4.8
8000 150 12.651 13.537 173.3 4.8
8000 160 10.958 11.737 173.3 4.8
8000 170 9.403 10.081 173.3 4.8
8000 180 8.224 8.825 173.3 4.8
8000 190 7.227 7.762 173.3 4.8
8000 200 6.446 6.930 173.3 4.8
8000 210 5.816 6.258 173.3 4.8
8000 220 5.287 5.693 173.3 4.8
8000 230 4.837 5.213 173.3 4.8
8000 240 4.452 4.802 173.3 4.8
8000 250 4.121 4.448 173.3 4.8
8000 260 3.835 4.143 173.3 4.8
8000 270 3.588 3.879 173.3 4.8
8000 280 3.376 3.653 173.3 4.8
8000 290 3.196 3.461 173.3 4.8
8000 300 3.048 3.303 173.3 4.8
8000 310 2.928 3.176 173.3 4.8
8000 320 2.837 3.080 173.3 4.8
8000 325 2.804 3.046 173.3 4.8
8000 330 2.781 3.022 173.3 4.8
8000 335 2.769 3.011 173.3 4.8
8000 340 2.767 3.010 173.3 4.8
8000 345 2.773 3.018 173.3 4.8
8000 350 2.883 3.139 173.3 4.8
8000 355 2.955 3.218 173.3 4.8
8000 360 2.991 3.259 173.3 4.8
8000 380 2.904 3.171 173.3 4.8
8000 400 2.628 2.874 173.3 4.8
8000 420 2.294 2.512 173.3 4.8
8000 440 1.960 2.150 173.3 4.8
8000 460 1.657 1.819 173.3 4.8
8000 480 1.390 1.528 173.3 4.8
8000 500 1.163 1.279 173.3 4.8
8000 520 0.968 1.067 173.3 4.8
8000 540 0.805 0.888 173.3 4.8
8000 560 0.669 0.739 173.3 4.8
8000 580 0.557 0.616 173.3 4.8
8000 600 0.464 0.514 173.3 4.8
8000 620 0.388 0.430 173.3 4.8
8000 640 0.325 0.361 173.3 4.8
8000 660 0.273 0.303 173.3 4.8
8000 680 0.230 0.256 173.3 4.8
8000 700 0.194 0.216 173.3 4.8
8000 720 0.164 0.183 173.3 4.8
8000 740 0.139 0.155 173.3 4.8
8000 760 0.118 0.132 173.3 4.8
8000 780 0.101 0.112 173.3 4.8
8000 800 0.086 0.096 173.3 4.8
8000 820 0.073 0.082 173.3 4.8
8000 840 0.063 0.071 173.3 4.8
8000 860 0.054 0.061 173.3 4.8
8000 880 0.046 0.052 173.3 4.8
8000 900 0.040 0.045 173.3 4.8
8000 920 0.035 0.039 173.3 4.8
8000 940 0.030 0.034 173.3 4.8
8000 960 0.026 0.029 173.3 4.8
8000 980 0.022 0.025 173.3 4.8
8000 1000 0.020 0.022 173.3 4.8
8250 100 29.771 31.658 173.3 4.8
8250 110 24.740 26.337 173.3 4.8
8250 120 20.880 22.253 173.3 4.8
8250 130 17.841 19.037 173.3 4.8
8250 140 15.400 16.450 173.3 4.8
8250 150 13.409 14.337 173.3 4.8
8250 160 11.626 12.444 173.3 4.8
8250 170 9.987 10.700 173.3 4.8
8250 180 8.743 9.375 173.3 4.8
8250 190 7.691 8.254 173.3 4.8
8250 200 6.867 7.377 173.3 4.8
8250 210 6.202 6.668 173.3 4.8
8250 220 5.642 6.071 173.3 4.8
8250 230 5.167 5.564 173.3 4.8
8250 240 4.760 5.130 173.3 4.8
8250 250 4.410 4.756 173.3 4.8
8250 260 4.108 4.434 173.3 4.8
8250 270 3.846 4.155 173.3 4.8
8250 280 3.622 3.916 173.3 4.8
8250 290 3.433 3.713 173.3 4.8
8250 300 3.276 3.547 173.3 4.8
8250 310 3.149 3.412 173.3 4.8
8250 320 3.054 3.312 173.3 4.8
8250 325 3.020 3.276 173.3 4.8
8250 330 2.996 3.253 173.3 4.8
8250 335 2.985 3.242 173.3 4.8
8250 340 2.984 3.242 173.3 4.8
8250 345 2.992 3.252 173.3 4.8
8250 350 3.111 3.383 173.3 4.8
8250 355 3.189 3.470 173.3 4.8
8250 360 3.230 3.516 173.3 4.8
8250 380 3.141 3.425 173.3 4.8
8250 400 2.847 3.109 173.3 4.8
8250 420 2.488 2.722 173.3 4.8
8250 440 2.130 2.333 173.3 4.8
8250 460 1.803 1.977 173.3 4.8
8250 480 1.515 1.663 173.3 4.8
8250 500 1.269 1.394 173.3 4.8
8250 520 1.058 1.164 173.3 4.8
8250 540 0.881 0.971 173.3 4.8
8250 560 0.734 0.809 173.3 4.8
8250 580 0.612 0.675 173.3 4.8
8250 600 0.510 0.564 173.3 4.8
8250 620 0.427 0.473 173.3 4.8
8250 640 0.359 0.397 173.3 4.8
8250 660 0.302 0.334 173.3 4.8
8250 680 0.254 0.282 173.3 4.8
8250 700 0.215 0.239 173.3 4.8
8250 720 0.182 0.202 173.3 4.8
8250 740 0.154 0.172 173.3 4.8
8250 760 0.131 0.146 173.3 4.8
8250 780 0.112 0.125 173.3 4.8
8250 800 0.096 0.107 173.3 4.8
8250 820 0.082 0.092 173.3 4.8
8250 840 0.070 0.079 173.3 4.8
8250 860 0.060 0.068 173.3 4.8
8250 880 0.052 0.058 173.3 4.8
8250 900 0.045 0.050 173.3 4.8
8250 920 0.039 0.044 173.3 4.8
8250 940 0.034 0.038 173.3 4.8
8250 960 0.029 0.033 173.3 4.8
8250 980 0.025 0.029 173.3 4.8
8250 1000 0.022 0.025 173.3 4.8
8500 100 31.305 33.271 173.3 4.8
8500 110 26.047 27.703 173.3 4.8
8500 120 22.009 23.442 173.3 4.8
8500 130 18.828 20.076 173.3 4.8
8500 140 16.270 17.368 173.3 4.8
8500 150 14.182 15.153 173.3 4.8
8500 160 12.308 13.164 173.3 4.8
8500 170 10.583 11.331 173.3 4.8
8500 180 9.274 9.938 173.3 4.8
8500 190 8.166 8.758 173.3 4.8
8500 200 7.299 7.833 173.3 4.8
8500 210 6.598 7.088 173.3 4.8
8500 220 6.008 6.459 173.3 4.8
8500 230 5.506 5.924 173.3 4.8
8500 240 5.076 5.466 173.3 4.8
8500 250 4.707 5.072 173.3 4.8
8500 260 4.388 4.733 173.3 4.8
8500 270 4.113 4.439 173.3 4.8
8500 280 3.876 4.187 173.3 4.8
8500 290 3.676 3.973 173.3 4.8
8500 300 3.511 3.798 173.3 4.8
8500 310 3.378 3.656 173.3 4.8
8500 320 3.278 3.551 173.3 4.8
8500 325 3.243 3.514 173.3 4.8
8500 330 3.219 3.490 173.3 4.8
8500 335 3.208 3.480 173.3 4.8
8500 340 3.208 3.482 173.3 4.8
8500 345 3.218 3.494 173.3 4.8
8500 350 3.347 3.636 173.3 4.8
8500 355 3.432 3.731 173.3 4.8
8500 360 3.477 3.782 173.3 4.8
8500 380 3.387 3.689 173.3 4.8
8500 400 3.074 3.353 173.3 4.8
8500 420 2.691 2.939 173.3 4.8
8500 440 2.307 2.523 173.3 4.8
8500 460 1.955 2.141 173.3 4.8
8500 480 1.645 1.804 173.3 4.8
8500 500 1.380 1.514 173.3 4.8
8500 520 1.152 1.266 173.3 4.8
8500 540 0.961 1.057 173.3 4.8
8500 560 0.801 0.882 173.3 4.8
8500 580 0.669 0.737 173.3 4.8
8500 600 0.559 0.617 173.3 4.8
8500 620 0.469 0.518 173.3 4.8
8500 640 0.394 0.435 173.3 4.8
8500 660 0.332 0.367 173.3 4.8
8500 680 0.280 0.310 173.3 4.8
8500 700 0.237 0.263 173.3 4.8
8500 720 0.201 0.223 173.3 4.8
8500 740 0.171 0.190 173.3 4.8
8500 760 0.145 0.162 173.3 4.8
8500 780 0.124 0.138 173.3 4.8
8500 800 0.106 0.118 173.3 4.8
8500 820 0.091 0.102 173.3 4.8
8500 840 0.078 0.087 173.3 4.8
8500 860 0.067 0.075 173.3 4.8
8500 880 0.058 0.065 173.3 4.8
8500 900 0.050 0.056 173.3 4.8
8500 920 0.043 0.049 173.3 4.8
8500 940 0.038 0.042 173.3 4.8
8500 960 0.033 0.037 173.3 4.8
8500 980 0.028 0.032 173.3 4.8
8500 1000 0.025 0.028 173.3 4.8
8750 100 32.860 34.904 173.3 4.8
8750 110 27.375 29.111 173.3 4.8
8750 120 23.157 24.650 173.3 4.8
8750 130 19.831 21.133 173.3 4.8
8750 140 17.155 18.302 173.3 4.8
8750 150 14.969 15.985 173.3 4.8
8750 160 13.004 13.899 173.3 4.8
8750 170 11.192 11.974 173.3 4.8
8750 180 9.817 10.512 173.3 4.8
8750 190 8.652 9.272 173.3 4.8
8750 200 7.740 8.300 173.3 4.8
8750 210 7.003 7.517 173.3 4.8
8750 220 6.382 6.856 173.3 4.8
8750 230 5.853 6.293 173.3 4.8
8750 240 5.401 5.811 173.3 4.8
8750 250 5.012 5.397 173.3 4.8
8750 260 4.677 5.039 173.3 4.8
8750 270 4.387 4.730 173.3 4.8
8750 280 4.138 4.465 173.3 4.8
8750 290 3.927 4.241 173.3 4.8
8750 300 3.753 4.056 173.3 4.8
8750 310 3.614 3.908 173.3 4.8
8750 320 3.510 3.798 173.3 4.8
8750 325 3.473 3.760 173.3 4.8
8750 330 3.449 3.735 173.3 4.8
8750 335 3.438 3.725 173.3 4.8
8750 340 3.440 3.729 173.3 4.8
8750 345 3.451 3.743 173.3 4.8
8750 350 3.591 3.897 173.3 4.8
8750 355 3.684 4.000 173.3 4.8
8750 360 3.733 4.056 173.3 4.8
8750 380 3.641 3.962 173.3 4.8
8750 400 3.309 3.606 173.3 4.8
8750 420 2.901 3.164 173.3 4.8
8750 440 2.490 2.720 173.3 4.8
8750 460 2.113 2.312 173.3 4.8
8750 480 1.781 1.951 173.3 4.8
8750 500 1.496 1.639 173.3 4.8
8750 520 1.251 1.372 173.3 4.8
8750 540 1.044 1.147 173.3 4.8
8750 560 0.872 0.959 173.3 4.8
8750 580 0.729 0.802 173.3 4.8
8750 600 0.610 0.672 173.3 4.8
8750 620 0.512 0.565 173.3 4.8
8750 640 0.431 0.475 173.3 4.8
8750 660 0.363 0.401 173.3 4.8
8750 680 0.307 0.339 173.3 4.8
8750 700 0.260 0.288 173.3 4.8
8750 720 0.221 0.245 173.3 4.8
8750 740 0.188 0.208 173.3 4.8
8750 760 0.160 0.178 173.3 4.8
8750 780 0.137 0.152 173.3 4.8
8750 800 0.117 0.130 173.3 4.8
8750 820 0.101 0.112 173.3 4.8
8750 840 0.087 0.097 173.3 4.8
8750 860 0.075 0.083 173.3 4.8
8750 880 0.064 0.072 173.3 4.8
8750 900 0.056 0.062 173.3 4.8
8750 920 0.048 0.054 173.3 4.8
8750 940 0.042 0.047 173.3 4.8
8750 960 0.037 0.041 173.3 4.8
8750 980 0.032 0.036 173.3 4.8
8750 1000 0.028 0.031 173.3 4.8
9000 100 34.437 36.557 173.3 4.8
9000 110 28.722 30.527 173.3 4.8
9000 120 24.323 25.877 173.3 4.8
9000 130 20.851 22.207 173.3 4.8
9000 140 18.056 19.250 173.3 4.8
9000 150 15.771 16.831 173.3 4.8
9000 160 13.713 14.648 173.3 4.8
9000 170 11.813 12.630 173.3 4.8
9000 180 10.371 11.098 173.3 4.8
9000 190 9.148 9.797 173.3 4.8
9000 200 8.190 8.778 173.3 4.8
9000 210 7.417 7.955 173.3 4.8
9000 220 6.765 7.262 173.3 4.8
9000 230 6.209 6.671 173.3 4.8
9000 240 5.734 6.165 173.3 4.8
9000 250 5.325 5.729 173.3 4.8
9000 260 4.972 5.354 173.3 4.8
9000 270 4.668 5.029 173.3 4.8
9000 280 4.406 4.751 173.3 4.8
9000 290 4.185 4.515 173.3 4.8
9000 300 4.003 4.322 173.3 4.8
9000 310 3.856 4.167 173.3 4.8
9000 320 3.748 4.052 173.3 4.8
9000 325 3.710 4.013 173.3 4.8
9000 330 3.685 3.988 173.3 4.8
9000 335 3.675 3.978 173.3 4.8
9000 340 3.678 3.984 173.3 4.8
9000 345 3.691 4.000 173.3 4.8
9000 350 3.843 4.166 173.3 4.8
9000 355 3.944 4.278 173.3 4.8
9000 360 3.997 4.339 173.3 4.8
9000 380 3.904 4.244 173.3 4.8
9000 400 3.553 3.867 173.3 4.8
9000 420 3.118 3.398 173.3 4.8
9000 440 2.680 2.925 173.3 4.8
9000 460 2.278 2.489 173.3 4.8
9000 480 1.922 2.102 173.3 4.8
9000 500 1.616 1.769 173.3 4.8
9000 520 1.353 1.482 173.3 4.8
9000 540 1.131 1.241 173.3 4.8
9000 560 0.946 1.038 173.3 4.8
9000 580 0.791 0.870 173.3 4.8
9000 600 0.663 0.729 173.3 4.8
9000 620 0.557 0.614 173.3 4.8
9000 640 0.469 0.517 173.3 4.8
9000 660 0.396 0.437 173.3 4.8
9000 680 0.335 0.370 173.3 4.8
9000 700 0.284 0.314 173.3 4.8
9000 720 0.242 0.267 173.3 4.8
9000 740 0.206 0.228 173.3 4.8
9000 760 0.176 0.195 173.3 4.8
9000 780 0.150 0.167 173.3 4.8
9000 800 0.129 0.143 173.3 4.8
9000 820 0.111 0.123 173.3 4.8
9000 840 0.095 0.106 173.3 4.8
9000 860 0.082 0.092 173.3 4.8
9000 880 0.071 0.079 173.3 4.8
9000 900 0.062 0.069 173.3 4.8
9000 920 0.054 0.060 173.3 4.8
9000 940 0.047 0.052 173.3 4.8
9000 960 0.041 0.045 173.3 4.8
9000 980 0.035 0.040 173.3 4.8
9000 1000 0.031 0.035 173.3 4.8
9250 100 36.034 38.232 173.3 4.8
9250 110 30.088 31.962 173.3 4.8
9250 120 25.506 27.123 173.3 4.8
9250 130 21.888 23.297 173.3 4.8
9250 140 18.971 20.215 173.3 4.8
9250 150 16.586 17.690 173.3 4.8
9250 160 14.435 15.410 173.3 4.8
9250 170 12.446 13.298 173.3 4.8
9250 180 10.935 11.694 173.3 4.8
9250 190 9.654 10.333 173.3 4.8
9250 200 8.650 9.265 173.3 4.8
9250 210 7.840 8.403 173.3 4.8
9250 220 7.156 7.677 173.3 4.8
9250 230 6.574 7.057 173.3 4.8
9250 240 6.075 6.526 173.3 4.8
9250 250 5.646 6.070 173.3 4.8
9250 260 5.276 5.676 173.3 4.8
9250 270 4.956 5.335 173.3 4.8
9250 280 4.681 5.044 173.3 4.8
9250 290 4.450 4.797 173.3 4.8
9250 300 4.259 4.621 173.3 4.8
9250 310 4.106 4.433 173.3 4.8
9250 320 3.993 4.314 173.3 4.8
9250 325 3.954 4.273 173.3 4.8
9250 330 3.929 4.248 173.3 4.8
9250 335 3.919 4.239 173.3 4.8
9250 340 3.924 4.246 173.3 4.8
9250 345 3.939 4.264 173.3 4.8
9250 350 4.102 4.443 173.3 4.8
9250 355 4.211 4.563 173.3 4.8
9250 360 4.270 4.630 173.3 4.8
9250 380 4.175 4.535 173.3 4.8
9250 400 3.804 4.137 173.3 4.8
9250 420 3.343 3.639 173.3 4.8
9250 440 2.877 3.136 173.3 4.8
9250 460 2.448 2.671 173.3 4.8
9250 480 2.069 2.260 173.3 4.8
9250 500 1.741 1.904 173.3 4.8
9250 520 1.459 1.597 173.3 4.8
9250 540 1.222 1.338 173.3 4.8
9250 560 1.023 1.121 173.3 4.8
9250 580 0.857 0.940 173.3 4.8
9250 600 0.718 0.789 173.3 4.8
9250 620 0.605 0.665 173.3 4.8
9250 640 0.510 0.561 173.3 4.8
9250 660 0.431 0.475 173.3 4.8
9250 680 0.365 0.403 173.3 4.8
9250 700 0.310 0.342 173.3 4.8
9250 720 0.264 0.291 173.3 4.8
9250 740 0.225 0.249 173.3 4.8
9250 760 0.192 0.213 173.3 4.8
9250 780 0.165 0.182 173.3 4.8
9250 800 0.141 0.157 173.3 4.8
9250 820 0.122 0.135 173.3 4.8
9250 840 0.105 0.117 173.3 4.8
9250 860 0.091 0.101 173.3 4.8
9250 880 0.078 0.087 173.3 4.8
9250 900 0.068 0.076 173.3 4.8
9250 920 0.059 0.066 173.3 4.8
9250 940 0.051 0.057 173.3 4.8
9250 960 0.045 0.050 173.3 4.8
9250 980 0.039 0.044 173.3 4.8
9250 1000 0.034 0.038 173.3 4.8
9500 100 37.652 39.928 173.3 4.8
9500 110 31.471 33.415 173.3 4.8
9500 120 26.705 28.374 173.3 4.8
9500 130 22.939 24.404 173.3 4.8
9500 140 19.902 21.194 173.3 4.8
9500 150 17.414 18.563 173.3 4.8
9500 160 15.170 16.186 173.3 4.8
9500 170 13.090 13.978 173.3 4.8
9500 180 11.510 12.302 173.3 4.8
9500 190 10.170 10.878 173.3 4.8
9500 200 9.119 9.762 173.3 4.8
9500 210 8.271 8.860 173.3 4.8
9500 220 7.556 8.100 173.3 4.8
9500 230 6.947 7.452 173.3 4.8
9500 240 6.424 6.897 173.3 4.8
9500 250 5.974 6.418 173.3 4.8
9500 260 5.586 6.006 173.3 4.8
9500 270 5.251 5.649 173.3 4.8
9500 280 4.964 5.344 173.3 4.8
9500 290 4.721 5.086 173.3 4.8
9500 300 4.522 4.875 173.3 4.8
9500 310 4.362 4.706 173.3 4.8
9500 320 4.245 4.582 173.3 4.8
9500 325 4.205 4.540 173.3 4.8
9500 330 4.179 4.515 173.3 4.8
9500 335 4.170 4.507 173.3 4.8
9500 340 4.177 4.515 173.3 4.8
9500 345 4.194 4.536 173.3 4.8
9500 350 4.369 4.727 173.3 4.8
9500 355 4.486 4.857 173.3 4.8
9500 360 4.550 4.929 173.3 4.8
9500 380 4.455 4.834 173.3 4.8
9500 400 4.064 4.416 173.3 4.8
9500 420 3.575 3.889 173.3 4.8
9500 440 3.081 3.355 173.3 4.8
9500 460 2.624 2.860 173.3 4.8
9500 480 2.220 2.423 173.3 4.8
9500 500 1.871 2.044 173.3 4.8
9500 520 1.570 1.717 173.3 4.8
9500 540 1.316 1.440 173.3 4.8
9500 560 1.102 1.207 173.3 4.8
9500 580 0.924 1.013 173.3 4.8
9500 600 0.776 0.852 173.3 4.8
9500 620 0.654 0.718 173.3 4.8
9500 640 0.552 0.607 173.3 4.8
9500 660 0.467 0.514 173.3 4.8
9500 680 0.396 0.436 173.3 4.8
9500 700 0.337 0.371 173.3 4.8
9500 720 0.287 0.316 173.3 4.8
9500 740 0.245 0.270 173.3 4.8
9500 760 0.210 0.232 173.3 4.8
9500 780 0.180 0.199 173.3 4.8
9500 800 0.154 0.171 173.3 4.8
9500 820 0.133 0.147 173.3 4.8
9500 840 0.115 0.127 173.3 4.8
9500 860 0.099 0.110 173.3 4.8
9500 880 0.086 0.096 173.3 4.8
9500 900 0.075 0.083 173.3 4.8
9500 920 0.065 0.072 173.3 4.8
9500 940 0.057 0.063 173.3 4.8
9500 960 0.049 0.055 173.3 4.8
9500 980 0.043 0.048 173.3 4.8
9500 1000 0.038 0.042 173.3 4.8
9750 100 39.289 41.644 173.3 4.8
9750 110 32.871 34.884 173.3 4.8
9750 120 27.922 29.664 173.3 4.8
9750 130 24.006 25.527 173.3 4.8
9750 140 20.846 22.187 173.3 4.8
9750 150 18.256 19.450 173.3 4.8
9750 160 15.917 16.973 173.3 4.8
9750 170 13.746 14.670 173.3 4.8
9750 180 12.096 12.920 173.3 4.8
9750 190 10.695 11.433 173.3 4.8
9750 200 9.598 10.268 173.3 4.8
9750 210 8.711 9.326 173.3 4.8
9750 220 7.964 8.532 173.3 4.8
9750 230 7.327 7.855 173.3 4.8
9750 240 6.781 7.274 173.3 4.8
9750 250 6.310 6.774 173.3 4.8
9750 260 5.904 6.343 173.3 4.8
9750 270 5.553 5.970 173.3 4.8
9750 280 5.253 5.651 173.3 4.8
9750 290 4.999 5.382 173.3 4.8
9750 300 4.792 5.162 173.3 4.8
9750 310 4.625 4.986 173.3 4.8
9750 320 4.504 4.858 173.3 4.8
9750 325 4.462 4.815 173.3 4.8
9750 330 4.437 4.789 173.3 4.8
9750 335 4.428 4.782 173.3 4.8
9750 340 4.436 4.792 173.3 4.8
9750 345 4.456 4.816 173.3 4.8
9750 350 4.643 5.020 173.3 4.8
9750 355 4.769 5.159 173.3 4.8
9750 360 4.839 5.236 173.3 4.8
9750 380 4.743 5.142 173.3 4.8
9750 400 4.331 4.702 173.3 4.8
9750 420 3.815 4.146 173.3 4.8
9750 440 3.291 3.580 173.3 4.8
9750 460 2.807 3.056 173.3 4.8
9750 480 2.377 2.591 173.3 4.8
9750 500 2.006 2.188 173.3 4.8
9750 520 1.685 1.840 173.3 4.8
9750 540 1.413 1.545 173.3 4.8
9750 560 1.185 1.297 173.3 4.8
9750 580 0.995 1.090 173.3 4.8
9750 600 0.837 0.917 173.3 4.8
9750 620 0.705 0.774 173.3 4.8
9750 640 0.596 0.655 173.3 4.8
9750 660 0.505 0.555 173.3 4.8
9750 680 0.429 0.471 173.3 4.8
9750 700 0.365 0.401 173.3 4.8
9750 720 0.311 0.343 173.3 4.8
9750 740 0.266 0.293 173.3 4.8
9750 760 0.228 0.251 173.3 4.8
9750 780 0.195 0.216 173.3 4.8
9750 800 0.168 0.186 173.3 4.8
9750 820 0.145 0.160 173.3 4.8
9750 840 0.125 0.139 173.3 4.8
9750 860 0.108 0.120 173.3 4.8
9750 880 0.094 0.104 173.3 4.8
9750 900 0.082 0.091 173.3 4.8
9750 920 0.071 0.079 173.3 4.8
9750 940 0.062 0.069 173.3 4.8
9750 960 0.054 0.060 173.3 4.8
9750 980 0.047 0.053 173.3 4.8
9750 1000 0.042 0.046 173.3 4.8
10000 100 40.947 43.381 173.3 4.8
10000 110 34.288 36.370 173.3 4.8
10000 120 29.154 30.959 173.3 4.8
10000 130 25.087 26.665 173.3 4.8
10000 140 21.804 23.195 173.3 4.8
10000 150 19.111 20.350 173.3 4.8
10000 160 16.675 17.773 173.3 4.8
10000 170 14.412 15.373 173.3 4.8
10000 180 12.693 13.550 173.3 4.8
10000 190 11.230 11.998 173.3 4.8
10000 200 10.085 10.783 173.3 4.8
10000 210 9.160 9.801 173.3 4.8
10000 220 8.380 8.972 173.3 4.8
10000 230 7.715 8.265 173.3 4.8
10000 240 7.145 7.660 173.3 4.8
10000 250 6.653 7.138 173.3 4.8
10000 260 6.229 6.687 173.3 4.8
10000 270 5.862 6.298 173.3 4.8
10000 280 5.548 5.965 173.3 4.8
10000 290 5.284 5.684 173.3 4.8
10000 300 5.068 5.455 173.3 4.8
10000 310 4.895 5.272 173.3 4.8
10000 320 4.769 5.140 173.3 4.8
10000 325 4.726 5.096 173.3 4.8
10000 330 4.700 5.070 173.3 4.8
10000 335 4.693 5.064 173.3 4.8
10000 340 4.703 5.076 173.3 4.8
10000 345 4.725 5.102 173.3 4.8
10000 350 4.925 5.320 173.3 4.8
10000 355 5.060 5.469 173.3 4.8
10000 360 5.135 5.552 173.3 4.8
10000 380 5.039 5.457 173.3 4.8
10000 400 4.607 4.997 173.3 4.8
10000 420 4.062 4.411 173.3 4.8
10000 440 3.508 3.813 173.3 4.8
10000 460 2.995 3.258 173.3 4.8
10000 480 2.539 2.764 173.3 4.8
10000 500 2.144 2.337 173.3 4.8
10000 520 1.803 1.968 173.3 4.8
10000 540 1.514 1.654 173.3 4.8
10000 560 1.271 1.390 173.3 4.8
10000 580 1.068 1.169 173.3 4.8
10000 600 0.899 0.984 173.3 4.8
10000 620 0.759 0.832 173.3 4.8
10000 640 0.642 0.704 173.3 4.8
10000 660 0.544 0.597 173.3 4.8
10000 680 0.462 0.508 173.3 4.8
10000 700 0.394 0.433 173.3 4.8
10000 720 0.336 0.370 173.3 4.8
10000 740 0.288 0.317 173.3 4.8
10000 760 0.247 0.272 173.3 4.8
10000 780 0.212 0.234 173.3 4.8
10000 800 0.182 0.201 173.3 4.8
10000 820 0.157 0.174 173.3 4.8
10000 840 0.136 0.151 173.3 4.8
10000 860 0.118 0.131 173.3 4.8
10000 880 0.102 0.113 173.3 4.8
10000 900 0.089 0.099 173.3 4.8
10000 920 0.078 0.086 173.3 4.8
10000 940 0.068 0.075 173.3 4.8
10000 960 0.059 0.066 173.3 4.8
10000 980 0.052 0.058 173.3 4.8
10000 1000 0.045 0.051 173.3 4.8
10250 100 42.618 45.134 173.3 4.8
10250 110 35.730 37.880 173.3 4.8
10250 120 30.402 32.269 173.3 4.8
10250 130 26.184 27.818 173.3 4.8
10250 140 22.775 24.217 173.3 4.8
10250 150 19.979 21.263 173.3 4.8
10250 160 17.445 18.584 173.3 4.8
10250 170 15.090 16.087 173.3 4.8
10250 180 13.299 14.189 173.3 4.8
10250 190 11.775 12.573 173.3 4.8
10250 200 10.581 11.307 173.3 4.8
10250 210 9.617 10.284 173.3 4.8
10250 220 8.804 9.421 173.3 4.8
10250 230 8.111 8.684 173.3 4.8
10250 240 7.516 8.052 173.3 4.8
10250 250 7.003 7.509 173.3 4.8
10250 260 6.561 7.039 173.3 4.8
10250 270 6.178 6.633 173.3 4.8
10250 280 5.851 6.286 173.3 4.8
10250 290 5.575 5.993 173.3 4.8
10250 300 5.350 5.755 173.3 4.8
10250 310 5.170 5.565 173.3 4.8
10250 320 5.041 5.429 173.3 4.8
10250 325 4.997 5.384 173.3 4.8
10250 330 4.971 5.358 173.3 4.8
10250 335 4.965 5.353 173.3 4.8
10250 340 4.976 5.367 173.3 4.8
10250 345 5.001 5.396 173.3 4.8
10250 350 5.213 5.628 173.3 4.8
10250 355 5.358 5.786 173.3 4.8
10250 360 5.439 5.877 173.3 4.8
10250 380 5.343 5.781 173.3 4.8
10250 400 4.890 5.299 173.3 4.8
10250 420 4.316 4.683 173.3 4.8
10250 440 3.731 4.052 173.3 4.8
10250 460 3.189 3.466 173.3 4.8
10250 480 2.706 2.944 173.3 4.8
10250 500 2.288 2.491 173.3 4.8
10250 520 1.926 2.099 173.3 4.8
10250 540 1.619 1.766 173.3 4.8
10250 560 1.361 1.486 173.3 4.8
10250 580 1.144 1.250 173.3 4.8
10250 600 0.964 1.054 173.3 4.8
10250 620 0.814 0.891 173.3 4.8
10250 640 0.690 0.755 173.3 4.8
10250 660 0.585 0.642 173.3 4.8
10250 680 0.498 0.546 173.3 4.8
10250 700 0.424 0.466 173.3 4.8
10250 720 0.362 0.398 173.3 4.8
10250 740 0.310 0.341 173.3 4.8
10250 760 0.266 0.293 173.3 4.8
10250 780 0.229 0.252 173.3 4.8
10250 800 0.197 0.218 173.3 4.8
10250 820 0.171 0.188 173.3 4.8
10250 840 0.148 0.163 173.3 4.8
10250 860 0.128 0.141 173.3 4.8
10250 880 0.111 0.123 173.3 4.8
10250 900 0.097 0.107 173.3 4.8
10250 920 0.084 0.094 173.3 4.8
10250 940 0.074 0.082 173.3 4.8
10250 960 0.065 0.072 173.3 4.8
10250 980 0.057 0.063 173.3 4.8
10250 1000 0.050 0.055 173.3 4.8
10500 100 44.307 46.904 173.3 4.8
10500 110 37.180 39.400 173.3 4.8
10500 120 31.664 33.593 173.3 4.8
10500 130 27.294 28.975 173.3 4.8
10500 140 23.759 25.253 173.3 4.8
10500 150 20.858 22.188 173.3 4.8
10500 160 18.227 19.406 173.3 4.8
10500 170 15.777 16.812 173.3 4.8
10500 180 13.915 14.839 173.3 4.8
10500 190 12.329 13.157 173.3 4.8
10500 200 11.086 11.839 173.3 4.8
10500 210 10.082 10.776 173.3 4.8
10500 220 9.236 9.877 173.3 4.8
10500 230 8.513 9.110 173.3 4.8
10500 240 7.894 8.453 173.3 4.8
10500 250 7.360 7.887 173.3 4.8
10500 260 6.899 7.398 173.3 4.8
10500 270 6.501 6.975 173.3 4.8
10500 280 6.160 6.613 173.3 4.8
10500 290 5.873 6.309 173.3 4.8
10500 300 5.638 6.061 173.3 4.8
10500 310 5.452 5.865 173.3 4.8
10500 320 5.318 5.724 173.3 4.8
10500 325 5.274 5.679 173.3 4.8
10500 330 5.248 5.653 173.3 4.8
10500 335 5.243 5.680 173.3 4.8
10500 340 5.256 5.666 173.3 4.8
10500 345 5.284 5.698 173.3 4.8
10500 350 5.510 5.944 173.3 4.8
10500 355 5.663 6.112 173.3 4.8
10500 360 5.750 6.209 173.3 4.8
10500 380 5.654 6.114 173.3 4.8
10500 400 5.180 5.609 173.3 4.8
10500 420 4.577 4.962 173.3 4.8
10500 440 3.961 4.298 173.3 4.8
10500 460 3.388 3.680 173.3 4.8
10500 480 2.878 3.128 173.3 4.8
10500 500 2.436 2.650 173.3 4.8
10500 520 2.052 2.234 173.3 4.8
10500 540 1.727 1.882 173.3 4.8
10500 560 1.453 1.585 173.3 4.8
10500 580 1.223 1.335 173.3 4.8
10500 600 1.031 1.126 173.3 4.8
10500 620 0.872 0.953 173.3 4.8
10500 640 0.739 0.809 173.3 4.8
10500 660 0.628 0.687 173.3 4.8
10500 680 0.534 0.586 173.3 4.8
10500 700 0.456 0.500 173.3 4.8
10500 720 0.390 0.428 173.3 4.8
10500 740 0.334 0.367 173.3 4.8
10500 760 0.287 0.316 173.3 4.8
10500 780 0.247 0.272 173.3 4.8
10500 800 0.213 0.235 173.3 4.8
10500 820 0.184 0.203 173.3 4.8
10500 840 0.160 0.176 173.3 4.8
10500 860 0.138 0.153 173.3 4.8
10500 880 0.120 0.133 173.3 4.8
10500 900 0.105 0.116 173.3 4.8
10500 920 0.092 0.101 173.3 4.8
10500 940 0.080 0.089 173.3 4.8
10500 960 0.070 0.078 173.3 4.8
10500 980 0.062 0.068 173.3 4.8
10500 1000 0.054 0.060 173.3 4.8
10750 100 46.013 48.692 173.3 4.8
10750 110 38.649 40.939 173.3 4.8
10750 120 32.941 34.932 173.3 4.8
10750 130 28.418 30.167 173.3 4.8
10750 140 24.757 26.302 173.3 4.8
10750 150 21.750 23.126 173.3 4.8
10750 160 19.020 20.241 173.3 4.8
10750 170 16.474 17.547 173.3 4.8
10750 180 14.540 15.498 173.3 4.8
10750 190 12.891 13.751 173.3 4.8
10750 200 11.599 12.381 173.3 4.8
10750 210 10.555 11.275 173.3 4.8
10750 220 9.675 10.342 173.3 4.8
10750 230 8.924 9.545 173.3 4.8
10750 240 8.279 8.861 173.3 4.8
10750 250 7.724 8.272 173.3 4.8
10750 260 7.245 7.763 173.3 4.8
10750 270 6.830 7.324 173.3 4.8
10750 280 6.475 6.948 173.3 4.8
10750 290 6.177 6.632 173.3 4.8
10750 300 5.933 6.374 173.3 4.8
10750 310 5.740 6.171 173.3 4.8
10750 320 5.602 6.026 173.3 4.8
10750 325 5.557 5.979 173.3 4.8
10750 330 5.531 5.954 173.3 4.8
10750 335 5.527 5.952 173.3 4.8
10750 340 5.543 5.971 173.3 4.8
10750 345 5.573 6.006 173.3 4.8
10750 350 5.813 6.267 173.3 4.8
10750 355 5.976 6.446 173.3 4.8
10750 360 6.070 6.549 173.3 4.8
10750 380 5.974 6.455 173.3 4.8
10750 400 5.478 5.927 173.3 4.8
10750 420 4.845 5.248 173.3 4.8
10750 440 4.197 4.551 173.3 4.8
10750 460 3.593 3.900 173.3 4.8
10750 480 3.055 3.318 173.3 4.8
10750 500 2.588 2.813 173.3 4.8
10750 520 2.182 2.374 173.3 4.8
10750 540 1.838 2.001 173.3 4.8
10750 560 1.548 1.687 173.3 4.8
10750 580 1.304 1.423 173.3 4.8
10750 600 1.100 1.201 173.3 4.8
10750 620 0.931 1.017 173.3 4.8
10750 640 0.790 0.864 173.3 4.8
10750 660 0.672 0.735 173.3 4.8
10750 680 0.572 0.626 173.3 4.8
10750 700 0.489 0.535 173.3 4.8
10750 720 0.418 0.459 173.3 4.8
10750 740 0.359 0.394 173.3 4.8
10750 760 0.308 0.339 173.3 4.8
10750 780 0.266 0.292 173.3 4.8
10750 800 0.229 0.252 173.3 4.8
10750 820 0.198 0.218 173.3 4.8
10750 840 0.172 0.190 173.3 4.8
10750 860 0.149 0.165 173.3 4.8
10750 880 0.130 0.144 173.3 4.8
10750 900 0.113 0.125 173.3 4.8
10750 920 0.099 0.110 173.3 4.8
10750 940 0.087 0.096 173.3 4.8
10750 960 0.076 0.084 173.3 4.8
10750 980 0.067 0.074 173.3 4.8
10750 1000 0.059 0.065 173.3 4.8
11000 100 47.735 50.496 173.3 4.8
11000 110 40.133 42.494 173.3 4.8
11000 120 34.232 36.286 173.3 4.8
11000 130 29.555 31.361 173.3 4.8
11000 140 25.767 27.364 173.3 4.8
11000 150 22.654 24.076 173.3 4.8
11000 160 19.824 21.086 173.3 4.8
11000 170 17.182 18.291 173.3 4.8
11000 180 15.175 16.167 173.3 4.8
11000 190 13.463 14.353 173.3 4.8
11000 200 12.121 12.931 173.3 4.8
11000 210 11.036 11.783 173.3 4.8
11000 220 10.122 10.814 173.3 4.8
11000 230 9.341 9.986 173.3 4.8
11000 240 8.671 9.276 173.3 4.8
11000 250 8.095 8.664 173.3 4.8
11000 260 7.597 8.136 173.3 4.8
11000 270 7.166 7.679 173.3 4.8
11000 280 6.797 7.289 173.3 4.8
11000 290 6.487 6.960 173.3 4.8
11000 300 6.234 6.694 173.3 4.8
11000 310 6.035 6.483 173.3 4.8
11000 320 5.892 6.334 173.3 4.8
11000 325 5.846 6.287 173.3 4.8
11000 330 5.820 6.261 173.3 4.8
11000 335 5.817 6.260 173.3 4.8
11000 340 5.836 6.282 173.3 4.8
11000 345 5.870 6.321 173.3 4.8
11000 350 6.123 6.597 173.3 4.8
11000 355 6.297 6.787 173.3 4.8
11000 360 6.397 6.898 173.3 4.8
11000 380 6.301 6.804 173.3 4.8
11000 400 5.784 6.253 173.3 4.8
11000 420 5.121 5.542 173.3 4.8
11000 440 4.439 4.810 173.3 4.8
11000 460 3.804 4.126 173.3 4.8
11000 480 3.237 3.514 173.3 4.8
11000 500 2.745 2.981 173.3 4.8
11000 520 2.317 2.518 173.3 4.8
11000 540 1.953 2.124 173.3 4.8
11000 560 1.646 1.792 173.3 4.8
11000 580 1.388 1.513 173.3 4.8
11000 600 1.172 1.278 173.3 4.8
11000 620 0.993 1.084 173.3 4.8
11000 640 0.843 0.921 173.3 4.8
11000 660 0.717 0.784 173.3 4.8
11000 680 0.612 0.669 173.3 4.8
11000 700 0.523 0.572 173.3 4.8
11000 720 0.448 0.490 173.3 4.8
11000 740 0.384 0.421 173.3 4.8
11000 760 0.331 0.363 173.3 4.8
11000 780 0.285 0.313 173.3 4.8
11000 800 0.246 0.271 173.3 4.8
11000 820 0.213 0.235 173.3 4.8
11000 840 0.185 0.204 173.3 4.8
11000 860 0.161 0.177 173.3 4.8
11000 880 0.140 0.154 173.3 4.8
11000 900 0.122 0.135 173.3 4.8
11000 920 0.107 0.118 173.3 4.8
11000 940 0.094 0.103 173.3 4.8
11000 960 0.082 0.091 173.3 4.8
11000 980 0.072 0.080 173.3 4.8
11000 1000 0.064 0.070 173.3 4.8
11250 100 49.475 52.317 173.3 4.8
11250 110 41.630 44.063 173.3 4.8
11250 120 35.538 37.653 173.3 4.8
11250 130 30.705 32.568 173.3 4.8
11250 140 26.789 28.439 173.3 4.8
11250 150 23.568 25.039 173.3 4.8
11250 160 20.638 21.942 173.3 4.8
11250 170 17.899 19.046 173.3 4.8
11250 180 15.818 16.845 173.3 4.8
11250 190 14.043 14.965 173.3 4.8
11250 200 12.650 13.490 173.3 4.8
11250 210 11.525 12.298 173.3 4.8
11250 220 10.576 11.293 173.3 4.8
11250 230 9.766 10.435 173.3 4.8
11250 240 9.070 9.698 173.3 4.8
11250 250 8.472 9.063 173.3 4.8
11250 260 7.955 8.514 173.3 4.8
11250 270 7.508 8.041 173.3 4.8
11250 280 7.125 7.636 173.3 4.8
11250 290 6.803 7.296 173.3 4.8
11250 300 6.542 7.019 173.3 4.8
11250 310 6.335 6.802 173.3 4.8
11250 320 6.188 6.648 173.3 4.8
11250 325 6.141 6.600 173.3 4.8
11250 330 6.116 6.575 173.3 4.8
11250 335 6.114 6.575 173.3 4.8
11250 340 6.135 6.600 173.3 4.8
11250 345 6.172 6.642 173.3 4.8
11250 350 6.440 6.934 173.3 4.8
11250 355 6.625 7.104 173.3 4.8
11250 360 6.731 7.253 173.3 4.8
11250 380 6.636 7.161 173.3 4.8
11250 400 6.097 6.586 173.3 4.8
11250 420 5.402 5.842 173.3 4.8
11250 440 4.688 5.075 173.3 4.8
11250 460 4.021 4.357 173.3 4.8
11250 480 3.425 3.714 173.3 4.8
11250 500 2.906 3.154 173.3 4.8
11250 520 2.455 2.666 173.3 4.8
11250 540 2.071 2.251 173.3 4.8
11250 560 1.747 1.900 173.3 4.8
11250 580 1.474 1.605 173.3 4.8
11250 600 1.246 1.358 173.3 4.8
11250 620 1.057 1.152 173.3 4.8
11250 640 0.898 0.979 173.3 4.8
11250 660 0.764 0.835 173.3 4.8
11250 680 0.652 0.713 173.3 4.8
11250 700 0.558 0.610 173.3 4.8
11250 720 0.478 0.523 173.3 4.8
11250 740 0.411 0.450 173.3 4.8
11250 760 0.354 0.388 173.3 4.8
11250 780 0.305 0.335 173.3 4.8
11250 800 0.264 0.290 173.3 4.8
11250 820 0.229 0.251 173.3 4.8
11250 840 0.199 0.218 173.3 4.8
11250 860 0.173 0.190 173.3 4.8
11250 880 0.151 0.166 173.3 4.8
11250 900 0.132 0.145 173.3 4.8
11250 920 0.115 0.127 173.3 4.8
11250 940 0.101 0.111 173.3 4.8
11250 960 0.089 0.098 173.3 4.8
11250 980 0.078 0.086 173.3 4.8
11250 1000 0.069 0.076 173.3 4.8
11500 100 51.231 54.154 173.3 4.8
11500 110 43.140 45.646 173.3 4.8
11500 120 36.858 39.036 173.3 4.8
11500 130 31.867 33.786 173.3 4.8
11500 140 27.823 29.515 173.3 4.8
11500 150 24.494 26.013 173.3 4.8
11500 160 21.463 22.810 173.3 4.8
11500 170 18.627 19.811 173.3 4.8
11500 180 16.471 17.532 173.3 4.8
11500 190 14.631 15.585 173.3 4.8
11500 200 13.188 14.057 173.3 4.8
11500 210 12.021 12.822 173.3 4.8
11500 220 11.037 11.780 173.3 4.8
11500 230 10.197 10.890 173.3 4.8
11500 240 9.476 10.127 173.3 4.8
11500 250 8.855 9.468 173.3 4.8
11500 260 8.319 8.900 173.3 4.8
11500 270 7.856 8.409 173.3 4.8
11500 280 7.459 7.990 173.3 4.8
11500 290 7.126 7.637 173.3 4.8
11500 300 6.854 7.351 173.3 4.8
11500 310 6.641 7.127 173.3 4.8
11500 320 6.490 6.969 173.3 4.8
11500 325 6.443 6.920 173.3 4.8
11500 330 6.417 6.895 173.3 4.8
11500 335 6.417 6.897 173.3 4.8
11500 340 6.440 6.924 173.3 4.8
11500 345 6.480 6.970 173.3 4.8
11500 350 6.763 7.277 173.3 4.8
11500 355 6.959 7.491 173.3 4.8
11500 360 7.072 7.617 173.3 4.8
11500 380 6.979 7.526 173.3 4.8
11500 400 6.417 6.928 173.3 4.8
11500 420 5.691 6.150 173.3 4.8
11500 440 4.943 5.347 173.3 4.8
11500 460 4.243 4.594 173.3 4.8
11500 480 3.616 3.920 173.3 4.8
11500 500 3.071 3.331 173.3 4.8
11500 520 2.597 2.818 173.3 4.8
11500 540 2.192 2.381 173.3 4.8
11500 560 1.851 2.011 173.3 4.8
11500 580 1.563 1.701 173.3 4.8
11500 600 1.323 1.440 173.3 4.8
11500 620 1.122 1.223 173.3 4.8
11500 640 0.954 1.040 173.3 4.8
11500 660 0.813 0.887 173.3 4.8
11500 680 0.694 0.758 173.3 4.8
11500 700 0.594 0.649 173.3 4.8
11500 720 0.510 0.557 173.3 4.8
11500 740 0.438 0.480 173.3 4.8
11500 760 0.378 0.414 173.3 4.8
11500 780 0.326 0.357 173.3 4.8
11500 800 0.282 0.310 173.3 4.8
11500 820 0.245 0.269 173.3 4.8
11500 840 0.213 0.234 173.3 4.8
11500 860 0.185 0.203 173.3 4.8
11500 880 0.162 0.178 173.3 4.8
11500 900 0.141 0.155 173.3 4.8
11500 920 0.124 0.136 173.3 4.8
11500 940 0.108 0.119 173.3 4.8
11500 960 0.095 0.105 173.3 4.8
11500 980 0.084 0.093 173.3 4.8
11500 1000 0.074 0.082 173.3 4.8
11750 100 53.002 56.006 173.3 4.8
11750 110 44.666 47.244 173.3 4.8
11750 120 38.192 40.434 173.3 4.8
11750 130 33.042 35.018 173.3 4.8
11750 140 28.869 30.624 173.3 4.8
11750 150 25.432 26.998 173.3 4.8
11750 160 22.298 23.688 173.3 4.8
11750 170 19.363 20.585 173.3 4.8
11750 180 17.132 18.227 173.3 4.8
11750 190 15.227 16.213 173.3 4.8
11750 200 13.733 14.632 173.3 4.8
11750 210 12.525 13.353 173.3 4.8
11750 220 11.505 12.274 173.3 4.8
11750 230 10.635 11.353 173.3 4.8
11750 240 9.889 10.563 173.3 4.8
11750 250 9.245 9.881 173.3 4.8
11750 260 8.690 9.292 173.3 4.8
11750 270 8.210 8.784 173.3 4.8
11750 280 7.799 8.349 173.3 4.8
11750 290 7.454 7.985 173.3 4.8
11750 300 7.174 7.689 173.3 4.8
11750 310 6.953 7.457 173.3 4.8
11750 320 6.799 7.296 173.3 4.8
11750 325 6.750 7.246 173.3 4.8
11750 330 6.725 7.221 173.3 4.8
11750 335 6.726 7.225 173.3 4.8
11750 340 6.751 7.254 173.3 4.8
11750 345 6.795 7.304 173.3 4.8
11750 350 7.094 7.628 173.3 4.8
11750 355 7.300 7.854 173.3 4.8
11750 360 7.421 7.987 173.3 4.8
11750 380 7.329 7.899 173.3 4.8
11750 400 6.744 7.277 173.3 4.8
11750 420 5.986 6.464 173.3 4.8
11750 440 5.203 5.624 173.3 4.8
11750 460 4.470 4.837 173.3 4.8
11750 480 3.813 4.130 173.3 4.8
11750 500 3.241 3.513 173.3 4.8
11750 520 2.742 2.974 173.3 4.8
11750 540 2.317 2.515 173.3 4.8
11750 560 1.958 2.126 173.3 4.8
11750 580 1.655 1.799 173.3 4.8
11750 600 1.401 1.524 173.3 4.8
11750 620 1.190 1.295 173.3 4.8
11750 640 1.012 1.103 173.3 4.8
11750 660 0.863 0.941 173.3 4.8
11750 680 0.738 0.805 173.3 4.8
11750 700 0.632 0.690 173.3 4.8
11750 720 0.542 0.592 173.3 4.8
11750 740 0.467 0.510 173.3 4.8
11750 760 0.402 0.440 173.3 4.8
11750 780 0.348 0.381 173.3 4.8
11750 800 0.301 0.330 173.3 4.8
11750 820 0.261 0.287 173.3 4.8
11750 840 0.227 0.249 173.3 4.8
11750 860 0.198 0.217 173.3 4.8
11750 880 0.173 0.190 173.3 4.8
11750 900 0.151 0.166 173.3 4.8
11750 920 0.132 0.146 173.3 4.8
11750 940 0.116 0.128 173.3 4.8
11750 960 0.102 0.113 173.3 4.8
11750 980 0.090 0.099 173.3 4.8
11750 1000 0.079 0.088 173.3 4.8
12000 100 54.788 57.874 173.3 4.8
12000 110 46.205 48.856 173.3 4.8
12000 120 39.539 41.845 173.3 4.8
12000 130 34.230 36.262 173.3 4.8
12000 140 29.926 31.733 173.3 4.8
12000 150 26.380 27.995 173.3 4.8
12000 160 23.143 24.577 173.3 4.8
12000 170 20.108 21.369 173.3 4.8
12000 180 17.802 18.932 173.3 4.8
12000 190 15.831 16.848 173.3 4.8
12000 200 14.286 15.214 173.3 4.8
12000 210 13.036 13.892 173.3 4.8
12000 220 11.981 12.775 173.3 4.8
12000 230 11.080 11.822 173.3 4.8
12000 240 10.307 11.005 173.3 4.8
12000 250 9.641 10.300 173.3 4.8
12000 260 9.066 9.690 173.3 4.8
12000 270 8.570 9.164 173.3 4.8
12000 280 8.145 8.715 173.3 4.8
12000 290 7.788 8.338 173.3 4.8
12000 300 7.499 8.033 173.3 4.8
12000 310 7.271 7.794 173.3 4.8
12000 320 7.113 7.629 173.3 4.8
12000 325 7.063 7.578 173.3 4.8
12000 330 7.038 7.554 173.3 4.8
12000 335 7.041 7.559 173.3 4.8
12000 340 7.069 7.591 173.3 4.8
12000 345 7.116 7.645 173.3 4.8
12000 350 7.430 7.985 173.3 4.8
12000 355 7.648 8.223 173.3 4.8
12000 360 7.776 8.364 173.3 4.8
12000 380 7.687 8.280 173.3 4.8
12000 400 7.079 7.633 173.3 4.8
12000 420 6.288 6.786 173.3 4.8
12000 440 5.470 5.909 173.3 4.8
12000 460 4.703 5.085 173.3 4.8
12000 480 4.015 4.345 173.3 4.8
12000 500 3.415 3.699 173.3 4.8
12000 520 2.892 3.134 173.3 4.8
12000 540 2.445 2.652 173.3 4.8
12000 560 2.067 2.243 173.3 4.8
12000 580 1.749 1.899 173.3 4.8
12000 600 1.482 1.610 173.3 4.8
12000 620 1.259 1.370 173.3 4.8
12000 640 1.072 1.167 173.3 4.8
12000 660 0.915 0.996 173.3 4.8
12000 680 0.782 0.853 173.3 4.8
12000 700 0.671 0.731 173.3 4.8
12000 720 0.576 0.629 173.3 4.8
12000 740 0.496 0.542 173.3 4.8
12000 760 0.428 0.468 173.3 4.8
12000 780 0.370 0.405 173.3 4.8
12000 800 0.321 0.351 173.3 4.8
12000 820 0.279 0.305 173.3 4.8
12000 840 0.242 0.266 173.3 4.8
12000 860 0.211 0.232 173.3 4.8
12000 880 0.185 0.203 173.3 4.8
12000 900 0.162 0.177 173.3 4.8
12000 920 0.142 0.156 173.3 4.8
12000 940 0.124 0.137 173.3 4.8
12000 960 0.109 0.120 173.3 4.8
12000 980 0.096 0.106 173.3 4.8
12000 1000 0.085 0.094 173.3 4.8
12250 100 56.589 59.757 173.3 4.8
12250 110 47.757 50.481 173.3 4.8
12250 120 40.897 43.267 173.3 4.8
12250 130 35.429 37.518 173.3 4.8
12250 140 30.994 32.853 173.3 4.8
12250 150 27.338 29.002 173.3 4.8
12250 160 23.998 25.476 173.3 4.8
12250 170 20.863 22.163 173.3 4.8
12250 180 18.480 19.645 173.3 4.8
12250 190 16.443 17.492 173.3 4.8
12250 200 14.846 15.804 173.3 4.8
12250 210 13.555 14.439 173.3 4.8
12250 220 12.464 13.284 173.3 4.8
12250 230 11.532 12.298 173.3 4.8
12250 240 10.732 11.453 173.3 4.8
12250 250 10.044 10.725 173.3 4.8
12250 260 9.449 10.095 173.3 4.8
12250 270 8.936 9.551 173.3 4.8
12250 280 8.496 9.086 173.3 4.8
12250 290 8.128 8.698 173.3 4.8
12250 300 7.830 8.383 173.3 4.8
12250 310 7.595 8.137 173.3 4.8
12250 320 7.432 7.967 173.3 4.8
12250 325 7.382 7.916 173.3 4.8
12250 330 7.358 7.892 173.3 4.8
12250 335 7.362 7.899 173.3 4.8
12250 340 7.392 7.935 173.3 4.8
12250 345 7.443 7.992 173.3 4.8
12250 350 7.773 8.350 173.3 4.8
12250 355 8.003 8.600 173.3 4.8
12250 360 8.138 8.749 173.3 4.8
12250 380 8.051 8.668 173.3 4.8
12250 400 7.421 7.997 173.3 4.8
12250 420 6.596 7.115 173.3 4.8
12250 440 5.742 6.199 173.3 4.8
12250 460 4.941 5.339 173.3 4.8
12250 480 4.222 4.566 173.3 4.8
12250 500 3.593 3.890 173.3 4.8
12250 520 3.045 3.298 173.3 4.8
12250 540 2.577 2.792 173.3 4.8
12250 560 2.180 2.364 173.3 4.8
12250 580 1.846 2.003 173.3 4.8
12250 600 1.565 1.699 173.3 4.8
12250 620 1.331 1.446 173.3 4.8
12250 640 1.134 1.233 173.3 4.8
12250 660 0.968 1.054 173.3 4.8
12250 680 0.828 0.902 173.3 4.8
12250 700 0.711 0.774 173.3 4.8
12250 720 0.611 0.666 173.3 4.8
12250 740 0.526 0.574 173.3 4.8
12250 760 0.455 0.496 173.3 4.8
12250 780 0.393 0.430 173.3 4.8
12250 800 0.341 0.373 173.3 4.8
12250 820 0.296 0.324 173.3 4.8
12250 840 0.258 0.283 173.3 4.8
12250 860 0.225 0.247 173.3 4.8
12250 880 0.197 0.216 173.3 4.8
12250 900 0.172 0.189 173.3 4.8
12250 920 0.151 0.166 173.3 4.8
12250 940 0.133 0.146 173.3 4.8
12250 960 0.117 0.129 173.3 4.8
12250 980 0.103 0.113 173.3 4.8
12250 1000 0.091 0.100 173.3 4.8
12500 100 58.403 61.655 173.3 4.8
12500 110 49.324 52.120 173.3 4.8
12500 120 42.266 44.702 173.3 4.8
12500 130 36.642 38.787 173.3 4.8
12500 140 32.072 33.983 173.3 4.8
12500 150 28.307 30.008 173.3 4.8
12500 160 24.863 26.385 173.3 4.8
12500 170 21.627 22.965 173.3 4.8
12500 180 19.166 20.366 173.3 4.8
12500 190 17.063 18.144 173.3 4.8
12500 200 15.414 16.402 173.3 4.8
12500 210 14.080 14.992 173.3 4.8
12500 220 12.953 13.800 173.3 4.8
12500 230 11.990 12.782 173.3 4.8
12500 240 11.164 11.908 173.3 4.8
12500 250 10.452 11.156 173.3 4.8
12500 260 9.838 10.506 173.3 4.8
12500 270 9.307 9.944 173.3 4.8
12500 280 8.853 9.464 173.3 4.8
12500 290 8.473 9.063 173.3 4.8
12500 300 8.166 8.739 173.3 4.8
12500 310 7.925 8.486 173.3 4.8
12500 320 7.758 8.312 173.3 4.8
12500 325 7.706 8.260 173.3 4.8
12500 330 7.683 8.237 173.3 4.8
12500 335 7.688 8.245 173.3 4.8
12500 340 7.722 8.284 173.3 4.8
12500 345 7.777 8.345 173.3 4.8
12500 350 8.123 8.720 173.3 4.8
12500 355 8.364 8.983 173.3 4.8
12500 360 8.507 9.141 173.3 4.8
12500 380 8.423 9.062 173.3 4.8
12500 400 7.769 8.369 173.3 4.8
12500 420 6.911 7.451 173.3 4.8
12500 440 6.021 6.496 173.3 4.8
12500 460 5.185 5.598 173.3 4.8
12500 480 4.433 4.791 173.3 4.8
12500 500 3.776 4.084 173.3 4.8
12500 520 3.202 3.466 173.3 4.8
12500 540 2.711 2.937 173.3 4.8
12500 560 2.295 2.488 173.3 4.8
12500 580 1.945 2.109 173.3 4.8
12500 600 1.650 1.790 173.3 4.8
12500 620 1.404 1.524 173.3 4.8
12500 640 1.197 1.301 173.3 4.8
12500 660 1.023 1.112 173.3 4.8
12500 680 0.876 0.953 173.3 4.8
12500 700 0.752 0.819 173.3 4.8
12500 720 0.647 0.705 173.3 4.8
12500 740 0.558 0.608 173.3 4.8
12500 760 0.482 0.526 173.3 4.8
12500 780 0.417 0.455 173.3 4.8
12500 800 0.362 0.395 173.3 4.8
12500 820 0.315 0.344 173.3 4.8
12500 840 0.274 0.300 173.3 4.8
12500 860 0.239 0.262 173.3 4.8
12500 880 0.209 0.229 173.3 4.8
12500 900 0.183 0.201 173.3 4.8
12500 920 0.161 0.177 173.3 4.8
12500 940 0.142 0.155 173.3 4.8
12500 960 0.125 0.137 173.3 4.8
12500 980 0.110 0.121 173.3 4.8
12500 1000 0.097 0.107 173.3 4.8
12750 100 60.232 63.567 173.3 4.8
12750 110 50.904 53.773 173.3 4.8
12750 120 43.647 46.149 173.3 4.8
12750 130 37.866 40.069 173.3 4.8
12750 140 33.162 35.125 173.3 4.8
12750 150 29.286 31.035 173.3 4.8
12750 160 25.737 27.304 173.3 4.8
12750 170 22.399 23.777 173.3 4.8
12750 180 19.861 21.097 173.3 4.8
12750 190 17.690 18.804 173.3 4.8
12750 200 15.988 17.006 173.3 4.8
12750 210 14.612 15.553 173.3 4.8
12750 220 13.449 14.323 173.3 4.8
12750 230 12.455 13.272 173.3 4.8
12750 240 11.601 12.369 173.3 4.8
12750 250 10.867 11.593 173.3 4.8
12750 260 10.232 10.923 173.3 4.8
12750 270 9.684 10.343 173.3 4.8
12750 280 9.216 9.848 173.3 4.8
12750 290 8.824 9.434 173.3 4.8
12750 300 8.507 9.100 173.3 4.8
12750 310 8.260 8.841 173.3 4.8
12750 320 8.089 8.663 173.3 4.8
12750 325 8.037 8.610 173.3 4.8
12750 330 8.013 8.587 173.3 4.8
12750 335 8.021 8.598 173.3 4.8
12750 340 8.057 8.640 173.3 4.8
12750 345 8.116 8.705 173.3 4.8
12750 350 8.479 9.098 173.3 4.8
12750 355 8.732 9.373 173.3 4.8
12750 360 8.883 9.540 173.3 4.8
12750 380 8.801 9.464 173.3 4.8
12750 400 8.125 8.747 173.3 4.8
12750 420 7.233 7.793 173.3 4.8
12750 440 6.305 6.799 173.3 4.8
12750 460 5.433 5.863 173.3 4.8
12750 480 4.649 5.021 173.3 4.8
12750 500 3.963 4.283 173.3 4.8
12750 520 3.362 3.637 173.3 4.8
12750 540 2.849 3.084 173.3 4.8
12750 560 2.414 2.614 173.3 4.8
12750 580 2.046 2.217 173.3 4.8
12750 600 1.737 1.884 173.3 4.8
12750 620 1.479 1.605 173.3 4.8
12750 640 1.262 1.370 173.3 4.8
12750 660 1.079 1.173 173.3 4.8
12750 680 0.925 1.006 173.3 4.8
12750 700 0.794 0.864 173.3 4.8
12750 720 0.684 0.744 173.3 4.8
12750 740 0.590 0.642 173.3 4.8
12750 760 0.510 0.556 173.3 4.8
12750 780 0.442 0.482 173.3 4.8
12750 800 0.384 0.419 173.3 4.8
12750 820 0.334 0.364 173.3 4.8
12750 840 0.291 0.318 173.3 4.8
12750 860 0.254 0.278 173.3 4.8
12750 880 0.222 0.243 173.3 4.8
12750 900 0.195 0.213 173.3 4.8
12750 920 0.171 0.188 173.3 4.8
12750 940 0.151 0.165 173.3 4.8
12750 960 0.133 0.146 173.3 4.8
12750 980 0.117 0.129 173.3 4.8
12750 1000 0.104 0.114 173.3 4.8
13000 100 62.074 65.492 173.3 4.8
13000 110 52.497 55.438 173.3 4.8
13000 120 45.040 47.608 173.3 4.8
13000 130 39.101 41.363 173.3 4.8
13000 140 34.262 36.277 173.3 4.8
13000 150 30.274 32.083 173.3 4.8
13000 160 26.621 28.232 173.3 4.8
13000 170 23.179 24.598 173.3 4.8
13000 180 20.564 21.835 173.3 4.8
13000 190 18.325 19.471 173.3 4.8
13000 200 16.569 17.618 173.3 4.8
13000 210 15.151 16.120 173.3 4.8
13000 220 13.951 14.852 173.3 4.8
13000 230 12.926 13.768 173.3 4.8
13000 240 12.045 12.837 173.3 4.8
13000 250 11.287 12.036 173.3 4.8
13000 260 10.633 11.345 173.3 4.8
13000 270 10.067 10.748 173.3 4.8
13000 280 9.584 10.237 173.3 4.8
13000 290 9.180 9.810 173.3 4.8
13000 300 8.854 9.467 173.3 4.8
13000 310 8.600 9.200 173.3 4.8
13000 320 8.426 9.019 173.3 4.8
13000 325 8.373 8.966 173.3 4.8
13000 330 8.350 8.943 173.3 4.8
13000 335 8.359 8.956 173.3 4.8
13000 340 8.399 9.001 173.3 4.8
13000 345 8.461 9.071 173.3 4.8
13000 350 8.841 9.482 173.3 4.8
13000 355 9.106 9.771 173.3 4.8
13000 360 9.266 9.945 173.3 4.8
13000 380 9.187 9.874 173.3 4.8
13000 400 8.487 9.131 173.3 4.8
13000 420 7.560 8.142 173.3 4.8
13000 440 6.596 7.108 173.3 4.8
13000 460 5.687 6.134 173.3 4.8
13000 480 4.870 5.256 173.3 4.8
13000 500 4.154 4.487 173.3 4.8
13000 520 3.527 3.812 173.3 4.8
13000 540 2.990 3.235 173.3 4.8
13000 560 2.535 2.744 173.3 4.8
13000 580 2.150 2.329 173.3 4.8
13000 600 1.827 1.979 173.3 4.8
13000 620 1.556 1.687 173.3 4.8
13000 640 1.329 1.442 173.3 4.8
13000 660 1.137 1.234 173.3 4.8
13000 680 0.975 1.059 173.3 4.8
13000 700 0.838 0.911 173.3 4.8
13000 720 0.721 0.785 173.3 4.8
13000 740 0.623 0.678 173.3 4.8
13000 760 0.539 0.587 173.3 4.8
13000 780 0.467 0.509 173.3 4.8
13000 800 0.406 0.442 173.3 4.8
13000 820 0.353 0.385 173.3 4.8
13000 840 0.308 0.336 173.3 4.8
13000 860 0.269 0.294 173.3 4.8
13000 880 0.236 0.258 173.3 4.8
13000 900 0.207 0.226 173.3 4.8
13000 920 0.182 0.199 173.3 4.8
13000 940 0.160 0.175 173.3 4.8
13000 960 0.141 0.155 173.3 4.8
13000 980 0.125 0.137 173.3 4.8
13000 1000 0.110 0.121 173.3 4.8
13250 100 63.930 67.432 173.3 4.8
13250 110 54.102 57.116 173.3 4.8
13250 120 46.445 49.078 173.3 4.8
13250 130 40.345 42.666 173.3 4.8
13250 140 35.373 37.440 173.3 4.8
13250 150 31.272 33.129 173.3 4.8
13250 160 27.513 29.169 173.3 4.8
13250 170 23.969 25.428 173.3 4.8
13250 180 21.274 22.582 173.3 4.8
13250 190 18.967 20.145 173.3 4.8
13250 200 17.158 18.237 173.3 4.8
13250 210 15.696 16.694 173.3 4.8
13250 220 14.460 15.388 173.3 4.8
13250 230 13.403 14.271 173.3 4.8
13250 240 12.495 13.312 173.3 4.8
13250 250 11.713 12.485 173.3 4.8
13250 260 11.038 11.773 173.3 4.8
13250 270 10.456 11.158 173.3 4.8
13250 280 9.958 10.632 173.3 4.8
13250 290 9.542 10.193 173.3 4.8
13250 300 9.207 9.839 173.3 4.8
13250 310 8.946 9.566 173.3 4.8
13250 320 8.768 9.380 173.3 4.8
13250 325 8.715 9.327 173.3 4.8
13250 330 8.692 9.306 173.3 4.8
13250 335 8.703 9.320 173.3 4.8
13250 340 8.746 9.369 173.3 4.8
13250 345 8.812 9.443 173.3 4.8
13250 350 9.209 9.872 173.3 4.8
13250 355 9.488 10.175 173.3 4.8
13250 360 9.655 10.358 173.3 4.8
13250 380 9.579 10.290 173.3 4.8
13250 400 8.855 9.523 173.3 4.8
13250 420 7.895 8.497 173.3 4.8
13250 440 6.892 7.424 173.3 4.8
13250 460 5.946 6.410 173.3 4.8
13250 480 5.095 5.495 173.3 4.8
13250 500 4.348 4.694 173.3 4.8
13250 520 3.694 3.991 173.3 4.8
13250 540 3.134 3.389 173.3 4.8
13250 560 2.659 2.877 173.3 4.8
13250 580 2.257 2.443 173.3 4.8
13250 600 1.918 2.077 173.3 4.8
13250 620 1.635 1.772 173.3 4.8
13250 640 1.397 1.515 173.3 4.8
13250 660 1.196 1.298 173.3 4.8
13250 680 1.026 1.114 173.3 4.8
13250 700 0.882 0.959 173.3 4.8
13250 720 0.760 0.827 173.3 4.8
13250 740 0.657 0.714 173.3 4.8
13250 760 0.568 0.619 173.3 4.8
13250 780 0.493 0.537 173.3 4.8
13250 800 0.429 0.467 173.3 4.8
13250 820 0.373 0.407 173.3 4.8
13250 840 0.326 0.355 173.3 4.8
13250 860 0.285 0.311 173.3 4.8
13250 880 0.250 0.273 173.3 4.8
13250 900 0.219 0.240 173.3 4.8
13250 920 0.193 0.211 173.3 4.8
13250 940 0.170 0.186 173.3 4.8
13250 960 0.150 0.164 173.3 4.8
13250 980 0.132 0.145 173.3 4.8
13250 1000 0.117 0.128 173.3 4.8
13500 100 65.797 69.383 173.3 4.8
13500 110 55.719 58.806 173.3 4.8
13500 120 47.862 50.560 173.3 4.8
13500 130 41.599 43.980 173.3 4.8
13500 140 36.495 38.615 173.3 4.8
13500 150 32.279 34.184 173.3 4.8
13500 160 28.414 30.104 173.3 4.8
13500 170 24.766 26.266 173.3 4.8
13500 180 21.992 23.337 173.3 4.8
13500 190 19.616 20.828 173.3 4.8
13500 200 17.753 18.862 173.3 4.8
13500 210 16.248 17.274 173.3 4.8
13500 220 14.975 15.930 173.3 4.8
13500 230 13.886 14.780 173.3 4.8
13500 240 12.951 13.792 173.3 4.8
13500 250 12.145 12.941 173.3 4.8
13500 260 11.450 12.207 173.3 4.8
13500 270 10.850 11.574 173.3 4.8
13500 280 10.337 11.033 173.3 4.8
13500 290 9.909 10.581 173.3 4.8
13500 300 9.564 10.217 173.3 4.8
13500 310 9.297 9.937 173.3 4.8
13500 320 9.115 9.747 173.3 4.8
13500 325 9.062 9.693 173.3 4.8
13500 330 9.040 9.673 173.3 4.8
13500 335 9.053 9.690 173.3 4.8
13500 340 9.099 9.742 173.3 4.8
13500 345 9.169 9.821 173.3 4.8
13500 350 9.584 10.269 173.3 4.8
13500 355 9.875 10.586 173.3 4.8
13500 360 10.051 10.778 173.3 4.8
13500 380 9.978 10.714 173.3 4.8
13500 400 9.230 9.921 173.3 4.8
13500 420 8.235 8.859 173.3 4.8
13500 440 7.193 7.745 173.3 4.8
13500 460 6.211 6.691 173.3 4.8
13500 480 5.324 5.740 173.3 4.8
13500 500 4.547 4.906 173.3 4.8
13500 520 3.866 4.174 173.3 4.8
13500 540 3.282 3.546 173.3 4.8
13500 560 2.786 3.012 173.3 4.8
13500 580 2.366 2.559 173.3 4.8
13500 600 2.012 2.178 173.3 4.8
13500 620 1.716 1.859 173.3 4.8
13500 640 1.467 1.590 173.3 4.8
13500 660 1.257 1.362 173.3 4.8
13500 680 1.079 1.171 173.3 4.8
13500 700 0.928 1.008 173.3 4.8
13500 720 0.800 0.870 173.3 4.8
13500 740 0.692 0.752 173.3 4.8
13500 760 0.599 0.651 173.3 4.8
13500 780 0.520 0.566 173.3 4.8
13500 800 0.452 0.492 173.3 4.8
13500 820 0.394 0.429 173.3 4.8
13500 840 0.344 0.375 173.3 4.8
13500 860 0.301 0.328 173.3 4.8
13500 880 0.264 0.288 173.3 4.8
13500 900 0.232 0.253 173.3 4.8
13500 920 0.204 0.223 173.3 4.8
13500 940 0.180 0.197 173.3 4.8
13500 960 0.159 0.174 173.3 4.8
13500 980 0.140 0.154 173.3 4.8
13500 1000 0.124 0.136 173.3 4.8
13750 100 67.678 71.348 173.3 4.8
13750 110 57.347 60.509 173.3 4.8
13750 120 49.289 52.053 173.3 4.8
13750 130 42.863 45.304 173.3 4.8
13750 140 37.627 39.800 173.3 4.8
13750 150 33.296 35.249 173.3 4.8
13750 160 29.324 31.058 173.3 4.8
13750 170 25.572 27.112 173.3 4.8
13750 180 22.717 24.100 173.3 4.8
13750 190 20.273 21.518 173.3 4.8
13750 200 18.355 19.495 173.3 4.8
13750 210 16.806 17.861 173.3 4.8
13750 220 15.496 16.478 173.3 4.8
13750 230 14.376 15.295 173.3 4.8
13750 240 13.413 14.278 173.3 4.8
13750 250 12.583 13.402 173.3 4.8
13750 260 11.867 12.646 173.3 4.8
13750 270 11.249 11.995 173.3 4.8
13750 280 10.722 11.438 173.3 4.8
13750 290 10.281 10.974 173.3 4.8
13750 300 9.927 10.601 173.3 4.8
13750 310 9.653 10.313 173.3 4.8
13750 320 9.467 10.120 173.3 4.8
13750 325 9.414 10.065 173.3 4.8
13750 330 9.393 10.046 173.3 4.8
13750 335 9.408 10.066 173.3 4.8
13750 340 9.457 10.122 173.3 4.8
13750 345 9.532 10.205 173.3 4.8
13750 350 9.965 10.672 173.3 4.8
13750 355 10.269 11.002 173.3 4.8
13750 360 10.453 11.205 173.3 4.8
13750 380 10.384 11.144 173.3 4.8
13750 400 9.612 10.326 173.3 4.8
13750 420 8.581 9.226 173.3 4.8
13750 440 7.501 8.072 173.3 4.8
13750 460 6.480 6.978 173.3 4.8
13750 480 5.558 5.989 173.3 4.8
13750 500 4.750 5.122 173.3 4.8
13750 520 4.041 4.360 173.3 4.8
13750 540 3.432 3.706 173.3 4.8
13750 560 2.915 3.150 173.3 4.8
13750 580 2.477 2.679 173.3 4.8
13750 600 2.108 2.280 173.3 4.8
13750 620 1.799 1.947 173.3 4.8
13750 640 1.539 1.666 173.3 4.8
13750 660 1.319 1.429 173.3 4.8
13750 680 1.133 1.228 173.3 4.8
13750 700 0.975 1.058 173.3 4.8
13750 720 0.841 0.913 173.3 4.8
13750 740 0.727 0.790 173.3 4.8
13750 760 0.630 0.685 173.3 4.8
13750 780 0.547 0.595 173.3 4.8
13750 800 0.476 0.518 173.3 4.8
13750 820 0.415 0.452 173.3 4.8
13750 840 0.363 0.395 173.3 4.8
13750 860 0.318 0.346 173.3 4.8
13750 880 0.279 0.304 173.3 4.8
13750 900 0.245 0.267 173.3 4.8
13750 920 0.216 0.235 173.3 4.8
13750 940 0.190 0.208 173.3 4.8
13750 960 0.168 0.184 173.3 4.8
13750 980 0.149 0.162 173.3 4.8
13750 1000 0.132 0.144 173.3 4.8
14000 100 69.572 73.324 173.3 4.8
14000 110 58.988 62.223 173.3 4.8
14000 120 50.728 53.557 173.3 4.8
14000 130 44.138 46.639 173.3 4.8
14000 140 38.769 40.996 173.3 4.8
14000 150 34.322 36.323 173.3 4.8
14000 160 30.242 32.032 173.3 4.8
14000 170 26.385 27.966 173.3 4.8
14000 180 23.450 24.870 173.3 4.8
14000 190 20.936 22.215 173.3 4.8
14000 200 18.964 20.134 173.3 4.8
14000 210 17.371 18.454 173.3 4.8
14000 220 16.023 17.033 173.3 4.8
14000 230 14.871 15.817 173.3 4.8
14000 240 13.880 14.771 173.3 4.8
14000 250 13.026 13.869 173.3 4.8
14000 260 12.289 13.091 173.3 4.8
14000 270 11.654 12.421 173.3 4.8
14000 280 11.111 11.850 173.3 4.8
14000 290 10.659 11.373 173.3 4.8
14000 300 10.295 10.990 173.3 4.8
14000 310 10.014 10.695 173.3 4.8
14000 320 9.825 10.498 173.3 4.8
14000 325 9.771 10.443 173.3 4.8
14000 330 9.751 10.425 173.3 4.8
14000 335 9.768 10.447 173.3 4.8
14000 340 9.821 10.506 173.3 4.8
14000 345 9.901 10.595 173.3 4.8
14000 350 10.351 11.082 173.3 4.8
14000 355 10.669 11.426 173.3 4.8
14000 360 10.862 11.637 173.3 4.8
14000 380 10.797 11.582 173.3 4.8
14000 400 10.000 10.738 173.3 4.8
14000 420 8.932 9.600 173.3 4.8
14000 440 7.814 8.404 173.3 4.8
14000 460 6.754 7.270 173.3 4.8
14000 480 5.797 6.243 173.3 4.8
14000 500 4.957 5.342 173.3 4.8
14000 520 4.219 4.550 173.3 4.8
14000 540 3.586 3.870 173.3 4.8
14000 560 3.047 3.291 173.3 4.8
14000 580 2.591 2.800 173.3 4.8
14000 600 2.206 2.385 173.3 4.8
14000 620 1.884 2.038 173.3 4.8
14000 640 1.612 1.745 173.3 4.8
14000 660 1.382 1.497 173.3 4.8
14000 680 1.188 1.287 173.3 4.8
14000 700 1.023 1.109 173.3 4.8
14000 720 0.883 0.958 173.3 4.8
14000 740 0.764 0.830 173.3 4.8
14000 760 0.663 0.720 173.3 4.8
14000 780 0.576 0.626 173.3 4.8
14000 800 0.501 0.545 173.3 4.8
14000 820 0.437 0.476 173.3 4.8
14000 840 0.382 0.416 173.3 4.8
14000 860 0.335 0.365 173.3 4.8
14000 880 0.294 0.320 173.3 4.8
14000 900 0.258 0.282 173.3 4.8
14000 920 0.227 0.248 173.3 4.8
14000 940 0.201 0.219 173.3 4.8
14000 960 0.177 0.194 173.3 4.8
14000 980 0.157 0.172 173.3 4.8
14000 1000 0.139 0.152 173.3 4.8
