# hep-ex/0410017 Delphi, CP odd Higgs
# read from fig 10 (lower) using EasyNData (P. Uwer, arXiv:0710.2896)
# LEP b-b-higgs production cross section as ratio to SM cross section x Br(higgs->tau tau) 
# columns: Mh (GeV), obs, exp 

    4        158.            212.    
    5        163.            212.    
    6        168.            224.    
    7        178.            224.    
    8        163.            218.    
    9        152.            218.    
   10        178.            237.    
   11        201.            276.    
   12        230.            303.    
   13        243.            325.    
   14        243.            339.    
   15        269.            354.    
   16        276.            378.    
   17        303.            410.    
   18        332.            435.    
   19        347.            487.    
   20        370.            514.    
   21        386.            542.    
   22        418.            561.    
   23        460.            610.    
   24        496.            661.    
   25        523.            703.    
   26        561.            747.    
   27        600.            803.    
   28        661.            850.    
   29        703.            934.    
   30        780.           0.102E+04
   31        826.           0.113E+04
   32        910.           0.120E+04
   33        984.           0.134E+04
   34       0.110E+04       0.146E+04
   35       0.118E+04       0.159E+04
   36       0.131E+04       0.177E+04
   37       0.146E+04       0.195E+04
   38       0.161E+04       0.213E+04
   39       0.174E+04       0.238E+04
   40       0.202E+04       0.260E+04
   41       0.217E+04       0.292E+04
   42       0.252E+04       0.333E+04
   43       0.275E+04       0.369E+04
   44       0.308E+04       0.409E+04
   45       0.352E+04       0.474E+04
   46       0.394E+04       0.534E+04
   47       0.457E+04       0.604E+04
   48       0.514E+04       0.679E+04
   49       0.570E+04       0.783E+04
   50       0.662E+04       0.894E+04
