# hep-ex/0410017 Delphi, CP even Higgs
# read from fig 10 (upper) using EasyNData (P. Uwer, arXiv:0710.2896)
# LEP b-b-higgs production cross section as ratio to SM cross section x Br(higgs->tau tau) 
# columns: Mh (GeV), obs, exp 

    4        107.            133.    
    5        115.            152.    
    6        124.            168.    
    7        133.            178.    
    8        143.            189.    
    9        148.            195.    
   10        148.            201.    
   11        158.            207.    
   12        163.            218.    
   13        178.            237.    
   14        189.            262.    
   15        212.            289.    
   16        224.            310.    
   17        243.            332.    
   18        269.            362.    
   19        289.            386.    
   20        310.            410.    
   21        332.            435.    
   22        354.            460.    
   23        370.            487.    
   24        394.            542.    
   25        426.            561.    
   26        452.            610.    
   27        487.            661.    
   28        514.            714.    
   29        571.            747.    
   30        610.            826.    
   31        671.            898.    
   32        714.            997.    
   33        792.           0.110E+04
   34        862.           0.118E+04
   35        972.           0.128E+04
   36       0.109E+04       0.145E+04
   37       0.123E+04       0.159E+04
   38       0.137E+04       0.179E+04
   39       0.148E+04       0.198E+04
   40       0.162E+04       0.219E+04
   41       0.186E+04       0.248E+04
   42       0.211E+04       0.283E+04
   43       0.238E+04       0.314E+04
   44       0.266E+04       0.354E+04
   45       0.303E+04       0.409E+04
   46       0.354E+04       0.465E+04
   47       0.396E+04       0.540E+04
   48       0.454E+04       0.620E+04
   49       0.522E+04       0.692E+04
   50       0.601E+04       0.804E+04
