# decay mode independent search by OPAL hep-ex/0206022
# private communication from Philip Bechtle 03/25/2009
# Higgstrahlung production cross section as ratio to SM cross sections
# columns: Mh (GeV), obs, exp (ratio to SM)

       0.100D+01  0.67900000D-01  0.54500000D-01
       0.200D+01  0.67700000D-01  0.54800000D-01
       0.300D+01  0.66500000D-01  0.57500000D-01
       0.400D+01  0.65400000D-01  0.59000000D-01
       0.500D+01  0.70400000D-01  0.62200000D-01
       0.600D+01  0.73700000D-01  0.64300000D-01
       0.700D+01  0.81000000D-01  0.69500000D-01
       0.800D+01  0.85000000D-01  0.73800000D-01
       0.900D+01  0.86600000D-01  0.77700000D-01
       0.100D+02  0.91400000D-01  0.84300000D-01
       0.110D+02  0.90200000D-01  0.89300000D-01
       0.120D+02  0.92500000D-01  0.97500000D-01
       0.130D+02  0.91700000D-01  0.10120000D+00
       0.140D+02  0.89900000D-01  0.10440000D+00
       0.150D+02  0.88800000D-01  0.10560000D+00
       0.160D+02  0.92300000D-01  0.10740000D+00
       0.170D+02  0.92500000D-01  0.10910000D+00
       0.180D+02  0.93300000D-01  0.11140000D+00
       0.190D+02  0.96400000D-01  0.11540000D+00
       0.200D+02  0.10580000D+00  0.12500000D+00
       0.210D+02  0.10700000D+00  0.12720000D+00
       0.220D+02  0.10840000D+00  0.12960000D+00
       0.230D+02  0.11010000D+00  0.13320000D+00
       0.240D+02  0.11150000D+00  0.13840000D+00
       0.250D+02  0.11280000D+00  0.14480000D+00
       0.260D+02  0.11370000D+00  0.14470000D+00
       0.270D+02  0.11820000D+00  0.14750000D+00
       0.280D+02  0.12510000D+00  0.15100000D+00
       0.290D+02  0.13280000D+00  0.15700000D+00
       0.300D+02  0.18870000D+00  0.16680000D+00
       0.310D+02  0.20980000D+00  0.18170000D+00
       0.320D+02  0.23190000D+00  0.19730000D+00
       0.330D+02  0.25460000D+00  0.21560000D+00
       0.340D+02  0.27310000D+00  0.23850000D+00
       0.350D+02  0.28240000D+00  0.26210000D+00
       0.360D+02  0.29140000D+00  0.26840000D+00
       0.370D+02  0.30800000D+00  0.28250000D+00
       0.380D+02  0.32780000D+00  0.29470000D+00
       0.390D+02  0.35310000D+00  0.31090000D+00
       0.400D+02  0.39060000D+00  0.32560000D+00
       0.410D+02  0.43290000D+00  0.34890000D+00
       0.420D+02  0.46400000D+00  0.37700000D+00
       0.430D+02  0.48870000D+00  0.40710000D+00
       0.440D+02  0.50630000D+00  0.43940000D+00
       0.450D+02  0.52060000D+00  0.47440000D+00
       0.460D+02  0.53870000D+00  0.51570000D+00
       0.470D+02  0.53270000D+00  0.56010000D+00
       0.480D+02  0.53900000D+00  0.61020000D+00
       0.490D+02  0.55080000D+00  0.66080000D+00
       0.500D+02  0.58060000D+00  0.71670000D+00
       0.510D+02  0.62420000D+00  0.77180000D+00
       0.520D+02  0.65320000D+00  0.82610000D+00
       0.530D+02  0.64020000D+00  0.87350000D+00
       0.540D+02  0.60710000D+00  0.90880000D+00
       0.550D+02  0.60570000D+00  0.94500000D+00
       0.560D+02  0.65370000D+00  0.93210000D+00
       0.570D+02  0.65620000D+00  0.95010000D+00
       0.580D+02  0.62950000D+00  0.93990000D+00
       0.590D+02  0.61440000D+00  0.94910000D+00
       0.600D+02  0.59940000D+00  0.95160000D+00
       0.610D+02  0.57780000D+00  0.96150000D+00
       0.620D+02  0.55590000D+00  0.96830000D+00
       0.630D+02  0.53820000D+00  0.98260000D+00
       0.640D+02  0.52600000D+00  0.99170000D+00
       0.650D+02  0.52330000D+00  0.10021000D+01
       0.660D+02  0.52460000D+00  0.10129000D+01
       0.670D+02  0.53010000D+00  0.10249000D+01
       0.680D+02  0.54090000D+00  0.10386000D+01
       0.690D+02  0.55200000D+00  0.10526000D+01
       0.700D+02  0.56670000D+00  0.10662000D+01
       0.710D+02  0.58810000D+00  0.10912000D+01
       0.720D+02  0.61020000D+00  0.11138000D+01
       0.730D+02  0.63120000D+00  0.11426000D+01
       0.740D+02  0.65510000D+00  0.11727000D+01
       0.750D+02  0.68310000D+00  0.12096000D+01
       0.760D+02  0.70950000D+00  0.12511000D+01
       0.770D+02  0.75160000D+00  0.12983000D+01
       0.780D+02  0.79650000D+00  0.13526000D+01
       0.790D+02  0.83400000D+00  0.14085000D+01
       0.800D+02  0.90590000D+00  0.14787000D+01
       0.810D+02  0.97690000D+00  0.15470000D+01
       0.820D+02  0.11223000D+01  0.16301000D+01
       0.830D+02  0.12455000D+01  0.17164000D+01
       0.840D+02  0.14363000D+01  0.18182000D+01
       0.850D+02  0.16275000D+01  0.19269000D+01
       0.860D+02  0.18928000D+01  0.20479000D+01
       0.870D+02  0.20683000D+01  0.21755000D+01
       0.880D+02  0.23344000D+01  0.23210000D+01
       0.890D+02  0.26693000D+01  0.24438000D+01
       0.900D+02  0.30082000D+01  0.26070000D+01
       0.910D+02  0.33058000D+01  0.27963000D+01
       0.920D+02  0.31114000D+01  0.29591000D+01
       0.930D+02  0.31407000D+01  0.31345000D+01
       0.940D+02  0.29586000D+01  0.33353000D+01
       0.950D+02  0.30808000D+01  0.35161000D+01
       0.960D+02  0.32639000D+01  0.36932000D+01
       0.970D+02  0.36518000D+01  0.38906000D+01
       0.980D+02  0.35763000D+01  0.40951000D+01
       0.990D+02  0.34224000D+01  0.42865000D+01
       0.100D+03  0.35366000D+01  0.44259000D+01
