# arXiv:0107032v1
# read from fig 4 using EasyNData (P. Uwer, arXiv:0710.2896)
# LEP Higgstrahlung production cross section as ratio to SM cross section x Br(h->invisible) 
# columns: Mh (GeV), obs, exp 

   90       0.703E-01       0.102    
   91       0.753E-01       0.106    
   92       0.768E-01       0.112    
   93       0.798E-01       0.117    
   94       0.806E-01       0.132    
   95       0.790E-01       0.144    
   96       0.952E-01       0.162    
   97       0.122           0.180    
   98       0.151           0.202    
   99       0.182           0.209    
  100       0.185           0.211    
  101       0.193           0.217    
  102       0.184           0.221    
  103       0.204           0.230    
  104       0.228           0.237    
  105       0.256           0.256    
  106       0.269           0.272    
  107       0.318           0.288    
  108       0.368           0.327    
  109       0.368           0.365    
  110       0.431           0.406    
  111       0.443           0.489    
  112       0.494           0.601    
  113       0.613           0.814    
  114       0.898            1.19    
  115        1.45            1.87    
  116        3.44            4.02    
  117        5.61            6.37    
  118        7.38            9.07    
