# LEP Higgs Working Group combination (unpublished) of 
# hep-ex/0510022(DELPHI),hep-ex/0205055(ALEPH),hep-ex/0312042(OPAL),hep-ex/0408097(OPAL)
# e^+ e^- -> (h_i) Z -> (2 jets) Z
# columns: Mh (GeV), obs, exp 

            20.0         0.01713         0.02281
            20.1         0.02344         0.02909
            20.2         0.02328         0.02911
            20.3         0.02271         0.02876
            20.4         0.02313         0.02910
            20.5         0.02268         0.02851
            20.6         0.02285         0.02880
            20.7         0.02225         0.02804
            20.8         0.02256         0.02848
            20.9         0.02151         0.02692
            21.0         0.02319         0.02916
            21.1         0.02263         0.02849
            21.2         0.02295         0.02900
            21.3         0.02260         0.02857
            21.4         0.02194         0.02756
            21.5         0.02218         0.02793
            21.6         0.02272         0.02854
            21.7         0.02299         0.02909
            21.8         0.02256         0.02843
            21.9         0.02104         0.02621
            22.0         0.02151         0.02672
            22.1         0.02180         0.02707
            22.2         0.02157         0.02686
            22.3         0.02254         0.02805
            22.4         0.02165         0.02697
            22.5         0.02154         0.02671
            22.6         0.02200         0.02736
            22.7         0.02300         0.02851
            22.8         0.02176         0.02713
            22.9         0.02225         0.02784
            23.0         0.02310         0.02848
            23.1         0.02183         0.02706
            23.2         0.02243         0.02769
            23.3         0.02269         0.02836
            23.4         0.02212         0.02764
            23.5         0.02192         0.02718
            23.6         0.02184         0.02711
            23.7         0.02315         0.02866
            23.8         0.02371         0.02935
            23.9         0.02186         0.02732
            24.0         0.02191         0.02739
            24.1         0.02196         0.02747
            24.2         0.02194         0.02710
            24.3         0.02224         0.02771
            24.4         0.02167         0.02691
            24.5         0.02132         0.02663
            24.6         0.02262         0.02813
            24.7         0.02166         0.02699
            24.8         0.02367         0.02929
            24.9         0.02339         0.02906
            25.0         0.02312         0.02859
            25.1         0.02245         0.02799
            25.2         0.02296         0.02853
            25.3         0.02238         0.02768
            25.4         0.02249         0.02789
            25.5         0.02343         0.02907
            25.6         0.02322         0.02891
            25.7         0.02321         0.02903
            25.8         0.02303         0.02864
            25.9         0.02387         0.02936
            26.0         0.02430         0.03016
            26.1         0.02445         0.03040
            26.2         0.02466         0.03085
            26.3         0.02536         0.03170
            26.4         0.02306         0.02865
            26.5         0.02350         0.02927
            26.6         0.02473         0.03063
            26.7         0.02336         0.02907
            26.8         0.02435         0.03010
            26.9         0.02354         0.02939
            27.0         0.02386         0.02966
            27.1         0.02448         0.03035
            27.2         0.02525         0.03150
            27.3         0.02441         0.03051
            27.4         0.02492         0.03102
            27.5         0.02453         0.03069
            27.6         0.02622         0.03243
            27.7         0.02571         0.03188
            27.8         0.02619         0.03264
            27.9         0.02567         0.03227
            28.0         0.02588         0.03216
            28.1         0.02524         0.03139
            28.2         0.02517         0.03128
            28.3         0.02550         0.03139
            28.4         0.02654         0.03285
            28.5         0.02557         0.03203
            28.6         0.02495         0.03140
            28.7         0.02496         0.03118
            28.8         0.02671         0.03296
            28.9         0.02652         0.03272
            29.0         0.02703         0.03352
            29.1         0.02681         0.03339
            29.2         0.02711         0.03360
            29.3         0.02612         0.03228
            29.4         0.02841         0.03519
            29.5         0.02763         0.03409
            29.6         0.02676         0.03298
            29.7         0.02801         0.03478
            29.8         0.02661         0.03328
            29.9         0.02857         0.03526
            30.0         0.02481         0.03153
            30.1         0.02561         0.03254
            30.2         0.02717         0.03467
            30.3         0.02547         0.03259
            30.4         0.02504         0.03207
            30.5         0.02584         0.03305
            30.6         0.02893         0.03676
            30.7         0.02637         0.03381
            30.8         0.02777         0.03540
            30.9         0.02818         0.03578
            31.0         0.02829         0.03598
            31.1         0.02898         0.03695
            31.2         0.02944         0.03737
            31.3         0.02708         0.03456
            31.4         0.02750         0.03510
            31.5         0.02972         0.03777
            31.6         0.03061         0.03885
            31.7         0.02829         0.03608
            31.8         0.02904         0.03712
            31.9         0.02850         0.03660
            32.0         0.02908         0.03718
            32.1         0.02928         0.03757
            32.2         0.02924         0.03747
            32.3         0.03008         0.03845
            32.4         0.03096         0.03962
            32.5         0.02980         0.03792
            32.6         0.03108         0.03984
            32.7         0.02949         0.03772
            32.8         0.02883         0.03714
            32.9         0.03065         0.03913
            33.0         0.03153         0.04029
            33.1         0.02886         0.03732
            33.2         0.02947         0.03784
            33.3         0.03018         0.03867
            33.4         0.03104         0.03961
            33.5         0.03184         0.04066
            33.6         0.03048         0.03896
            33.7         0.03257         0.04165
            33.8         0.03303         0.04189
            33.9         0.03322         0.04253
            34.0         0.03324         0.04260
            34.1         0.03263         0.04156
            34.2         0.03477         0.04429
            34.3         0.03273         0.04183
            34.4         0.03248         0.04177
            34.5         0.03663         0.04673
            34.6         0.03441         0.04434
            34.7         0.03453         0.04443
            34.8         0.03594         0.04573
            34.9         0.03588         0.04583
            35.0         0.03287         0.04280
            35.1         0.02958         0.03920
            35.2         0.03139         0.04135
            35.3         0.03029         0.04005
            35.4         0.03130         0.04129
            35.5         0.03171         0.04163
            35.6         0.03258         0.04256
            35.7         0.03208         0.04208
            35.8         0.03235         0.04227
            35.9         0.03199         0.04199
            36.0         0.03277         0.04277
            36.1         0.03366         0.04374
            36.2         0.03284         0.04280
            36.3         0.03373         0.04388
            36.4         0.03374         0.04462
            36.5         0.03404         0.04501
            36.6         0.03386         0.04503
            36.7         0.03413         0.04501
            36.8         0.03361         0.04447
            36.9         0.03360         0.04445
            37.0         0.03583         0.04719
            37.1         0.03443         0.04537
            37.2         0.03450         0.04555
            37.3         0.03425         0.04532
            37.4         0.03555         0.04678
            37.5         0.03675         0.04839
            37.6         0.03604         0.04756
            37.7         0.03597         0.04744
            37.8         0.03757         0.04939
            37.9         0.03703         0.04872
            38.0         0.03674         0.05033
            38.1         0.03696         0.05081
            38.2         0.03573         0.04883
            38.3         0.03685         0.05043
            38.4         0.03688         0.05072
            38.5         0.03727         0.05098
            38.6         0.03735         0.05125
            38.7         0.03820         0.05211
            38.8         0.03794         0.05193
            38.9         0.03866         0.05265
            39.0         0.03968         0.05425
            39.1         0.03977         0.05416
            39.2         0.04014         0.05478
            39.3         0.03881         0.05325
            39.4         0.04072         0.05557
            39.5         0.03999         0.05465
            39.6         0.04172         0.05687
            39.7         0.04065         0.05737
            39.8         0.03990         0.05665
            39.9         0.04090         0.05778
            40.0         0.03933         0.05605
            40.1         0.04089         0.05786
            40.2         0.04066         0.05774
            40.3         0.04029         0.05691
            40.4         0.04223         0.05973
            40.5         0.04434         0.06233
            40.6         0.04342         0.06145
            40.7         0.04292         0.06052
            40.8         0.04470         0.06310
            40.9         0.04482         0.06314
            41.0         0.04561         0.06400
            41.1         0.04508         0.06383
            41.2         0.04797         0.06719
            41.3         0.04501         0.06373
            41.4         0.04437         0.06267
            41.5         0.04573         0.06449
            41.6         0.04569         0.06599
            41.7         0.04520         0.06562
            41.8         0.04805         0.06901
            41.9         0.04685         0.06741
            42.0         0.04705         0.06800
            42.1         0.04692         0.06790
            42.2         0.04771         0.06880
            42.3         0.04935         0.07084
            42.4         0.04985         0.07173
            42.5         0.05024         0.07240
            42.6         0.05048         0.07262
            42.7         0.05224         0.07453
            42.8         0.04938         0.07116
            42.9         0.05223         0.07469
            43.0         0.05363         0.07650
            43.1         0.05365         0.07641
            43.2         0.05358         0.07650
            43.3         0.05554         0.07873
            43.4         0.05436         0.07760
            43.5         0.05670         0.08029
            43.6         0.05701         0.08078
            43.7         0.05488         0.07933
            43.8         0.05546         0.07993
            43.9         0.05690         0.08192
            44.0         0.05747         0.08273
            44.1         0.05749         0.08265
            44.2         0.05904         0.08508
            44.3         0.05774         0.08345
            44.4         0.06319         0.08979
            44.5         0.06237         0.08881
            44.6         0.06172         0.08801
            44.7         0.06108         0.08755
            44.8         0.06338         0.09019
            44.9         0.06397         0.09104
            45.0         0.06584         0.09335
            45.1         0.06409         0.09091
            45.2         0.06520         0.09238
            45.3         0.06624         0.09376
            45.4         0.06534         0.09255
            45.5         0.06968         0.09777
            45.6         0.07085         0.09938
            45.7         0.07083         0.09954
            45.8         0.06940         0.09786
            45.9         0.07129         0.10032
            46.0         0.07060         0.09946
            46.1         0.07334         0.10329
            46.2         0.07356         0.10329
            46.3         0.07445         0.10465
            46.4         0.07688         0.10695
            46.5         0.07695         0.10700
            46.6         0.07921         0.11022
            46.7         0.07953         0.11030
            46.8         0.08179         0.11313
            46.9         0.07868         0.11008
            47.0         0.08170         0.11305
            47.1         0.08499         0.11700
            47.2         0.08837         0.12099
            47.3         0.08208         0.11405
            47.4         0.08930         0.12209
            47.5         0.08861         0.12165
            47.6         0.08803         0.12082
            47.7         0.08511         0.11768
            47.8         0.09035         0.12355
            47.9         0.09630         0.13046
            48.0         0.09280         0.12656
            48.1         0.09482         0.12982
            48.2         0.09390         0.12757
            48.3         0.09561         0.12905
            48.4         0.09615         0.12989
            48.5         0.09598         0.12889
            48.6         0.09782         0.13186
            48.7         0.09551         0.12814
            48.8         0.10043         0.13402
            48.9         0.09995         0.13444
            49.0         0.10256         0.13729
            49.1         0.10558         0.14262
            49.2         0.10383         0.13943
            49.3         0.10725         0.14167
            49.4         0.11075         0.14741
            49.5         0.11432         0.13257
            49.6         0.16744         0.13897
            49.7         0.16822         0.13953
            49.8         0.17167         0.14249
            49.9         0.17527         0.14598
            50.0         0.16777         0.14101
            50.1         0.16823         0.13812
            50.2         0.16990         0.13910
            50.3         0.17052         0.13945
            50.4         0.17286         0.14117
            50.5         0.18287         0.14188
            50.6         0.18109         0.14029
            50.7         0.18182         0.14072
            50.8         0.18459         0.14279
            50.9         0.18679         0.14515
            51.0         0.18799         0.14575
            51.1         0.19002         0.14678
            51.2         0.19166         0.14834
            51.3         0.19161         0.14768
            51.4         0.19344         0.14890
            51.5         0.20225         0.15618
            51.6         0.19733         0.15105
            51.7         0.20086         0.15412
            51.8         0.20352         0.15628
            51.9         0.20280         0.15559
            52.0         0.20594         0.15763
            52.1         0.20578         0.15709
            52.2         0.21014         0.16076
            52.3         0.20846         0.15888
            52.4         0.21277         0.16282
            52.5         0.21245         0.16720
            52.6         0.21472         0.16883
            52.7         0.21736         0.17061
            52.8         0.21836         0.17110
            52.9         0.21861         0.17082
            53.0         0.22320         0.17435
            53.1         0.22776         0.17795
            53.2         0.22417         0.17404
            53.3         0.22652         0.17595
            53.4         0.23155         0.18019
            53.5         0.23835         0.18299
            53.6         0.23880         0.18271
            53.7         0.24179         0.18450
            53.8         0.24461         0.18648
            53.9         0.24633         0.18744
            54.0         0.25119         0.19145
            54.1         0.25017         0.19016
            54.2         0.25575         0.19495
            54.3         0.15759         0.12022
            54.4         0.25560         0.19371
            54.5         0.16579         0.12359
            54.6         0.16846         0.12561
            54.7         0.17015         0.12692
            54.8         0.17175         0.12798
            54.9         0.17473         0.13025
            55.0         0.17682         0.13176
            55.1         0.17865         0.13280
            55.2         0.18201         0.13510
            55.3         0.18439         0.13648
            55.4         0.18516         0.13734
            55.5         0.24485         0.20081
            55.6         0.24260         0.19825
            55.7         0.24664         0.20203
            55.8         0.24651         0.20153
            55.9         0.25036         0.20489
            56.0         0.25101         0.20530
            56.1         0.25804         0.21151
            56.2         0.25298         0.20683
            56.3         0.25958         0.21212
            56.4         0.25993         0.21192
            56.5         0.22470         0.17916
            56.6         0.22639         0.18045
            56.7         0.22913         0.18292
            56.8         0.23223         0.18576
            56.9         0.23353         0.18662
            57.0         0.23683         0.18813
            57.1         0.23924         0.18980
            57.2         0.23987         0.19045
            57.3         0.24326         0.19252
            57.4         0.24662         0.19481
            57.5         0.24707         0.19512
            57.6         0.25241         0.19915
            57.7         0.25564         0.20111
            57.8         0.25860         0.20333
            57.9         0.26151         0.20395
            58.0         0.26512         0.20588
            58.1         0.26631         0.20597
            58.2         0.27156         0.20878
            58.3         0.27428         0.21096
            58.4         0.28046         0.21264
            58.5         0.27816         0.21288
            58.6         0.27903         0.21243
            58.7         0.28529         0.21368
            58.8         0.28930         0.21494
            58.9         0.29335         0.21715
            59.0         0.30471         0.22264
            59.1         0.30900         0.22637
            59.2         0.31535         0.22747
            59.3         0.32022         0.23113
            59.4         0.32441         0.23270
            59.5         0.23754         0.13659
            59.6         0.23926         0.13852
            59.7         0.23943         0.13829
            59.8         0.24039         0.13940
            59.9         0.26070         0.18341
            60.0         0.17992         0.13902
            60.1         0.17536         0.13686
            60.2         0.16766         0.13686
            60.3         0.16675         0.13604
            60.4         0.16795         0.13416
            60.5         0.18784         0.13479
            60.6         0.18214         0.13103
            60.7         0.18077         0.12972
            60.8         0.18119         0.13168
            60.9         0.18188         0.13359
            61.0         0.18078         0.13316
            61.1         0.17850         0.13320
            61.2         0.18270         0.13338
            61.3         0.18021         0.13250
            61.4         0.17624         0.13202
            61.5         0.16881         0.13231
            61.6         0.17246         0.13690
            61.7         0.17431         0.13958
            61.8         0.17105         0.13734
            61.9         0.17219         0.13792
            62.0         0.17103         0.13856
            62.1         0.16831         0.13647
            62.2         0.16980         0.14027
            62.3         0.16776         0.13927
            62.4         0.16650         0.13919
            62.5         0.19209         0.13911
            62.6         0.18896         0.13713
            62.7         0.19499         0.13836
            62.8         0.19884         0.14317
            62.9         0.18987         0.13755
            63.0         0.19446         0.14334
            63.1         0.19180         0.14263
            63.2         0.17969         0.14063
            63.3         0.17850         0.14149
            63.4         0.17141         0.13896
            63.5         0.18357         0.14473
            63.6         0.17912         0.14220
            63.7         0.18281         0.14546
            63.8         0.17627         0.14099
            63.9         0.18248         0.14774
            64.0         0.17901         0.14726
            64.1         0.17875         0.14747
            64.2         0.17001         0.14393
            64.3         0.17088         0.14595
            64.4         0.17805         0.14970
            64.5         0.17567         0.14689
            64.6         0.16709         0.14132
            64.7         0.17044         0.15052
            64.8         0.16911         0.14892
            64.9         0.16182         0.14589
            65.0         0.16105         0.14646
            65.1         0.16046         0.14670
            65.2         0.15520         0.14564
            65.3         0.15096         0.14243
            65.4         0.14725         0.14990
            65.5         0.16604         0.15157
            65.6         0.16298         0.14937
            65.7         0.17264         0.15535
            65.8         0.17245         0.15599
            65.9         0.16851         0.15147
            66.0         0.16700         0.15094
            66.1         0.16683         0.15200
            66.2         0.16945         0.15456
            66.3         0.17251         0.15791
            66.4         0.17453         0.15484
            66.5         0.20719         0.16681
            66.6         0.20753         0.16731
            66.7         0.20100         0.16820
            66.8         0.20116         0.16685
            66.9         0.19863         0.16736
            67.0         0.20385         0.17207
            67.1         0.20369         0.17217
            67.2         0.20221         0.16828
            67.3         0.20582         0.17233
            67.4         0.21500         0.17418
            67.5         0.20077         0.16987
            67.6         0.19976         0.16945
            67.7         0.20491         0.17234
            67.8         0.20259         0.16977
            67.9         0.20659         0.17421
            68.0         0.20202         0.16826
            68.1         0.20659         0.17359
            68.2         0.20491         0.16809
            68.3         0.22072         0.18091
            68.4         0.20795         0.17376
            68.5         0.22940         0.18120
            68.6         0.22991         0.17997
            68.7         0.22413         0.17894
            68.8         0.22432         0.17904
            68.9         0.22202         0.17999
            69.0         0.22739         0.18235
            69.1         0.22609         0.18190
            69.2         0.23493         0.18513
            69.3         0.22594         0.17828
            69.4         0.24183         0.18595
            69.5         0.23379         0.18635
            69.6         0.23302         0.18483
            69.7         0.24043         0.18510
            69.8         0.24263         0.18634
            69.9         0.24265         0.18681
            70.0         0.23303         0.17854
            70.1         0.24427         0.18819
            70.2         0.25544         0.19175
            70.3         0.24843         0.18630
            70.4         0.25442         0.19117
            70.5         0.27194         0.19511
            70.6         0.28308         0.20237
            70.7         0.27108         0.19593
            70.8         0.27115         0.19608
            70.9         0.27103         0.19222
            71.0         0.27984         0.19888
            71.1         0.27314         0.19240
            71.2         0.28566         0.20322
            71.3         0.28200         0.19977
            71.4         0.29097         0.20192
            71.5         0.29466         0.20278
            71.6         0.28649         0.19809
            71.7         0.29444         0.20316
            71.8         0.28824         0.19737
            71.9         0.29023         0.19886
            72.0         0.29657         0.20298
            72.1         0.29919         0.20355
            72.2         0.30259         0.20469
            72.3         0.29344         0.19677
            72.4         0.30736         0.20324
            72.5         0.29236         0.21244
            72.6         0.29505         0.21273
            72.7         0.29628         0.20928
            72.8         0.29863         0.20798
            72.9         0.28066         0.20482
            73.0         0.28445         0.20806
            73.1         0.29297         0.21368
            73.2         0.27522         0.20898
            73.3         0.28800         0.21759
            73.4         0.28296         0.21381
            73.5         0.30146         0.21231
            73.6         0.29851         0.20879
            73.7         0.29104         0.20864
            73.8         0.29079         0.20819
            73.9         0.28603         0.20516
            74.0         0.30182         0.21859
            74.1         0.29660         0.21192
            74.2         0.29578         0.21141
            74.3         0.30289         0.21582
            74.4         0.30706         0.21951
            74.5         0.29834         0.21749
            74.6         0.30134         0.21694
            74.7         0.31228         0.22492
            74.8         0.31422         0.22533
            74.9         0.31743         0.23120
            75.0         0.32650         0.23144
            75.1         0.32668         0.23062
            75.2         0.32897         0.22863
            75.3         0.32400         0.22547
            75.4         0.32356         0.22423
            75.5         0.35241         0.22712
            75.6         0.34671         0.22369
            75.7         0.36112         0.23529
            75.8         0.35514         0.23203
            75.9         0.36167         0.23272
            76.0         0.36912         0.23623
            76.1         0.36677         0.23207
            76.2         0.36537         0.23228
            76.3         0.37020         0.24035
            76.4         0.37228         0.23953
            76.5         0.29160         0.18613
            76.6         0.29105         0.18717
            76.7         0.29909         0.19242
            76.8         0.30214         0.19360
            76.9         0.31903         0.20296
            77.0         0.32168         0.20603
            77.1         0.32192         0.20252
            77.2         0.31380         0.20012
            77.3         0.31741         0.20251
            77.4         0.30515         0.19977
            77.5         0.34471         0.25141
            77.6         0.33989         0.24521
            77.7         0.34539         0.24624
            77.8         0.35631         0.25707
            77.9         0.35383         0.25496
            78.0         0.35292         0.25593
            78.1         0.35617         0.25467
            78.2         0.35779         0.25458
            78.3         0.28803         0.20658
            78.4         0.28569         0.20705
            78.5         0.31835         0.22422
            78.6         0.31800         0.22184
            78.7         0.32001         0.22890
            78.8         0.32264         0.23131
            78.9         0.33172         0.23320
            79.0         0.32840         0.23355
            79.1         0.33055         0.23335
            79.2         0.32344         0.23340
            79.3         0.33082         0.23618
            79.4         0.33031         0.24068
            79.5         0.29098         0.23384
            79.6         0.29571         0.23789
            79.7         0.35267         0.28617
            79.8         0.34908         0.28400
            79.9         0.29609         0.24374
            80.0         0.29736         0.24586
            80.1         0.29811         0.24579
            80.2         0.29708         0.24499
            80.3         0.30283         0.25160
            80.4         0.30684         0.25743
            80.5         0.31051         0.25903
            80.6         0.31741         0.26668
            80.7         0.31087         0.25938
            80.8         0.31232         0.26375
            80.9         0.31659         0.26453
            81.0         0.31276         0.26090
            81.1         0.32035         0.26780
            81.2         0.31622         0.26177
            81.3         0.32075         0.26649
            81.4         0.32784         0.26866
            81.5         0.33030         0.25715
            81.6         0.33919         0.26528
            81.7         0.33483         0.26170
            81.8         0.33880         0.26505
            81.9         0.34688         0.27158
            82.0         0.34822         0.27162
            82.1         0.35039         0.27345
            82.2         0.36704         0.27966
            82.3         0.36783         0.27987
            82.4         0.37739         0.28369
            82.5         0.37520         0.29318
            82.6         0.38285         0.29823
            82.7         0.38683         0.29943
            82.8         0.38587         0.29968
            82.9         0.39107         0.30162
            83.0         0.40251         0.31086
            83.1         0.40226         0.31004
            83.2         0.39882         0.30972
            83.3         0.40137         0.31137
            83.4         0.40500         0.31620
            83.5         0.38666         0.32240
            83.6         0.37687         0.31462
            83.7         0.39588         0.32478
            83.8         0.40224         0.32958
            83.9         0.39904         0.33053
            84.0         0.39265         0.32392
            84.1         0.39781         0.33313
            84.2         0.40965         0.33555
            84.3         0.40442         0.33391
            84.4         0.40231         0.33603
            84.5         0.39362         0.34373
            84.6         0.39258         0.34527
            84.7         0.40156         0.34938
            84.8         0.39078         0.33797
            84.9         0.41002         0.34825
            85.0         0.40596         0.34274
            85.1         0.41338         0.35421
            85.2         0.40111         0.34716
            85.3         0.40510         0.35057
            85.4         0.41768         0.36252
            85.5         0.40038         0.35671
            85.6         0.40339         0.35690
            85.7         0.41503         0.36296
            85.8         0.42695         0.37497
            85.9         0.41818         0.36815
            86.0         0.42704         0.37598
            86.1         0.42712         0.37509
            86.2         0.42609         0.37539
            86.3         0.42746         0.37570
            86.4         0.42300         0.38144
            86.5         0.42911         0.38817
            86.6         0.42863         0.38845
            86.7         0.44585         0.40014
            86.8         0.44118         0.39475
            86.9         0.46063         0.40519
            87.0         0.47220         0.41623
            87.1         0.42821         0.43883
            87.2         0.39662         0.41883
            87.3         0.39873         0.42022
            87.4         0.39338         0.41208
            87.5         0.46616         0.46017
            87.6         0.46183         0.45382
            87.7         0.45938         0.45175
            87.8         0.47475         0.46683
            87.9         0.48355         0.47232
            88.0         0.48143         0.47475
            88.1         0.48938         0.48016
            88.2         0.49529         0.48039
            88.3         0.50155         0.48657
            88.4         0.51328         0.48632
            88.5         0.51239         0.49481
            88.6         0.50131         0.48396
            88.7         0.51512         0.49533
            88.8         1.22044         1.17391
            88.9         0.53179         0.50202
            89.0         0.53366         0.50392
            89.1         0.52049         0.49150
            89.2         0.56118         0.52358
            89.3         0.57926         0.54006
            89.4         0.57890         0.54367
            89.5         0.54441         0.53933
            89.6         0.51542         0.51150
            89.7         0.52793         0.53416
            89.8         0.52556         0.53275
            89.9         0.51078         0.51982
            90.0         0.54596         0.55620
            90.1         0.52003         0.53092
            90.2         0.53743         0.55590
            90.3         0.51996         0.53970
            90.4         0.52832         0.55170
            90.5         0.62476         0.56800
            90.6         0.65204         0.59620
            90.7         0.62861         0.58993
            90.8         0.63619         0.59791
            90.9         0.61196         0.59015
            91.0         0.61377         0.59294
            91.1         0.62428         0.60592
            91.2         0.61586         0.60151
            91.3         0.61350         0.60380
            91.4         0.61769         0.61498
            91.5         0.50811         0.56981
            91.6         0.51304         0.58024
            91.7         0.50507         0.57437
            91.8         0.50733         0.57711
            91.9         0.50770         0.59174
            92.0         0.49379         0.58224
            92.1         0.48289         0.57540
            92.2         0.50367         0.59743
            92.3         0.49773         0.58985
            92.4         0.50978         0.59905
            92.5         0.45004         0.55323
            92.6         0.44601         0.54539
            92.7         0.47391         0.57525
            92.8         0.45436         0.54733
            92.9         0.46587         0.56328
            93.0         0.45016         0.54389
            93.1         0.46132         0.55820
            93.2         0.46281         0.55251
            93.3         0.45684         0.53990
            93.4         0.49036         0.57205
            93.5         0.65868         0.74130
            93.6         0.53855         0.60172
            93.7         0.53956         0.61154
            93.8         0.51829         0.58914
            93.9         0.52046         0.58810
            94.0         0.54500         0.61601
            94.1         0.54343         0.61372
            94.2         0.51522         0.59153
            94.3         0.51961         0.59774
            94.4         0.52917         0.59385
            94.5         0.52460         0.58312
            94.6         0.52054         0.57700
            94.7         0.53790         0.60640
            94.8         0.51277         0.57360
            94.9         0.52274         0.58049
            95.0         0.52774         0.58628
            95.1         0.54687         0.60777
            95.2         0.55642         0.61584
            95.3         0.53968         0.59928
            95.4         0.52954         0.59229
            95.5         0.54786         0.56813
            95.6         0.56260         0.58366
            95.7         0.54277         0.57347
            95.8         0.56289         0.59047
            95.9         0.56701         0.57618
            96.0         0.57701         0.58949
            96.1         0.56078         0.57100
            96.2         0.56655         0.58679
            96.3         0.57415         0.59089
            96.4         0.57776         0.58222
            96.5         0.57080         0.56676
            96.6         0.56993         0.57263
            96.7         0.59082         0.58851
            96.8         0.58553         0.58215
            96.9         0.59984         0.59621
            97.0         0.60098         0.58350
            97.1         0.59430         0.58137
            97.2         0.59420         0.57736
            97.3         0.59360         0.58854
            97.4         0.58136         0.58450
            97.5         0.61710         0.56934
            97.6         0.62452         0.56796
            97.7         0.65740         0.57459
            97.8         0.65177         0.57551
            97.9         0.64913         0.55936
            98.0         0.66978         0.57795
            98.1         0.66026         0.56687
            98.2         0.66565         0.57252
            98.3         0.66392         0.57104
            98.4         0.66966         0.56752
            98.5         0.66844         0.56356
            98.6         0.67366         0.55820
            98.7         0.68508         0.56276
            98.8         0.69789         0.56956
            98.9         0.69479         0.56713
            99.0         0.70044         0.56635
            99.1         0.70390         0.56920
            99.2         0.70878         0.55473
            99.3         0.72245         0.56313
            99.4         0.69378         0.55872
            99.5         0.66055         0.55130
            99.6         0.65623         0.54433
            99.7         0.66562         0.53836
            99.8         0.66559         0.53819
            99.9         0.67327         0.54224
           100.0         0.67462         0.54111
           100.1         0.67818         0.54460
           100.2         0.69145         0.54689
           100.3         0.69412         0.55182
           100.4         0.70035         0.55353
           100.5         0.67443         0.53646
           100.6         0.67210         0.53699
           100.7         0.66859         0.53760
           100.8         0.65004         0.52777
           100.9         0.64626         0.51056
           101.0         0.64786         0.51744
           101.1         0.64888         0.51790
           101.2         0.65743         0.52578
           101.3         0.67191         0.53910
           101.4         0.67957         0.54209
           101.5         0.67966         0.53279
           101.6         0.68615         0.53629
           101.7         0.68324         0.53516
           101.8         0.69235         0.54474
           101.9         0.68170         0.54104
           102.0         0.68561         0.54453
           102.1         0.68511         0.54821
           102.2         0.67183         0.54069
           102.3         0.67724         0.54434
           102.4         0.65005         0.53617
           102.5         0.62936         0.53581
           102.6         0.63075         0.53842
           102.7         0.64647         0.53389
           102.8         0.64222         0.52952
           102.9         0.63818         0.52769
           103.0         0.65132         0.54241
           103.1         0.63862         0.53521
           103.2         0.63734         0.53786
           103.3         0.64301         0.54221
           103.4         0.65641         0.54161
           103.5         0.61833         0.53168
           103.6         0.62671         0.53566
           103.7         0.61989         0.53248
           103.8         0.63465         0.54512
           103.9         0.62297         0.53877
           104.0         0.61447         0.53644
           104.1         0.63337         0.55147
           104.2         0.70077         0.55425
           104.3         0.70313         0.55596
           104.4         0.73126         0.55468
           104.5         0.62005         0.54582
           104.6         0.63288         0.54912
           104.7         0.54742         0.54212
           104.8         0.55291         0.54594
           104.9         0.56765         0.56085
           105.0         0.54841         0.54121
           105.1         0.55131         0.54443
           105.2         0.55458         0.54960
           105.3         0.56301         0.56061
           105.4         0.53396         0.53757
           105.5         0.52185         0.51694
           105.6         0.53092         0.52408
           105.7         0.53298         0.53071
           105.8         0.53325         0.52985
           105.9         0.51964         0.53088
           106.0         0.52292         0.52764
           106.1         0.53855         0.54386
           106.2         0.54284         0.54576
           106.3         0.53901         0.54382
           106.4         0.54481         0.55908
           106.5         0.46574         0.53715
           106.6         0.39772         0.51306
           106.7         0.40092         0.53193
           106.8         0.39992         0.51978
           106.9         0.41512         0.53203
           107.0         0.41205         0.52301
           107.1         0.41852         0.53453
           107.2         0.43558         0.55333
           107.3         0.41733         0.53889
           107.4         0.42114         0.54343
           107.5         0.46825         0.55219
           107.6         0.47696         0.56528
           107.7         0.45728         0.55042
           107.8         0.46760         0.56282
           107.9         0.45922         0.56544
           108.0         0.47455         0.56583
           108.1         0.47713         0.57387
           108.2         0.47284         0.57725
           108.3         0.47752         0.57992
           108.4         0.48069         0.58029
           108.5         0.51683         0.57885
           108.6         0.52036         0.58266
           108.7         0.53418         0.59182
           108.8         0.53378         0.59280
           108.9         0.55840         0.62360
           109.0         0.55406         0.61730
           109.1         0.57292         0.63693
           109.2         0.62788         0.63966
           109.3         0.62042         0.62899
           109.4         0.69485         0.64645
           109.5         0.68408         0.65017
           109.6         0.69207         0.65709
           109.7         0.58033         0.65185
           109.8         0.58782         0.65903
           109.9         0.61232         0.65848
           110.0         0.62646         0.67053
           110.1         0.64324         0.67706
           110.2         0.64960         0.67818
           110.3         0.65084         0.68159
           110.4         0.69324         0.69011
           110.5         0.70150         0.68247
           110.6         0.71648         0.69331
           110.7         0.72512         0.69229
           110.8         0.74942         0.71209
           110.9         0.76141         0.71222
           111.0         0.78121         0.71362
           111.1         0.79497         0.72210
           111.2         0.81474         0.72309
           111.3         0.83088         0.73886
           111.4         0.87834         0.74864
           111.5         0.90000         0.76204
           111.6         0.89942         0.76617
           111.7         0.93043         0.78008
           111.8         0.94202         0.79770
           111.9         0.95696         0.80591
           112.0         0.97939         0.82322
           112.1         1.00168         0.83422
           112.2         1.04771         0.85697
           112.3         1.09527         0.87338
           112.4         1.16512         0.89943
           112.5         1.13023         0.90728
           112.6         1.16380         0.93420
           112.7         1.23333         0.95068
           112.8         1.28316         0.97442
           112.9         1.34067         1.00516
           113.0         1.36987         1.02770
           113.1         1.38475         1.05154
           113.2         1.39000         1.09260
           113.3         1.37892         1.12574
           113.4         1.39826         1.15792
           113.5         1.63143         1.23043
           113.6         1.68409         1.26393
           113.7         1.68916         1.31653
           113.8         1.74801         1.33789
           113.9         1.74366         1.36926
           114.0         1.82952         1.42737
           114.1         1.91500         1.46158
           114.2         2.00191         1.53738
           114.3         2.08066         1.58112
           114.4         2.21081         1.64776
           114.5         2.15769         1.71520
           114.6         2.27695         1.80020
           114.7         2.42615         1.91210
           114.8         2.55427         2.00608
           114.9         2.70433         2.08697
           115.0         2.60132         2.17565
           115.1         2.47449         2.49512
           115.2         2.55582         2.58920
           115.3         2.72471         2.71491
           115.4         2.86102         2.81130
           115.5         3.40060         2.68642
           115.6         3.59572         2.90959
           115.7         4.23464         3.19832
           115.8         4.49527         3.35433
           115.9         4.59531         3.48325
           116.0         5.20501         3.64588
           116.1         5.36281         3.85290
           116.2         6.69657         4.54910
           116.3         7.76525         4.95629
           116.4         8.49452         5.32084
           116.5         9.52343         5.79005
           116.6         8.97809         5.70233
           116.7         8.32223         5.65510
           116.8         9.75493         5.63790
           116.9         7.59081         5.79655
           117.0        11.03913         5.98563
           117.1        13.49370         6.28876
           117.2        12.51637         6.58853
           117.3         8.35323         6.68355
           117.4        10.86130         7.01397
           117.5        12.22917         7.60116
           117.6        13.61945         8.26997
           117.7        10.72372         8.35408
           117.8        10.92149         8.38369
           117.9        12.18033         8.75654
           118.0        12.64680         9.07002
           118.1        16.72416         9.32210
           118.2        18.45836        10.00795
           118.3        19.29251        10.29856
           118.4        20.13798        10.59645
           118.5        19.67334        10.14211
           118.6        18.58390        10.11351
           118.7        21.57061        11.89305
           118.8        24.02321        12.17995
           118.9        25.19250        12.46862
           119.0        20.63806        11.95067
           119.1        17.50688        13.26474
           119.2        16.14110        13.34944
           119.3        18.37031        15.23036
           119.4        14.94477        13.95199
           119.5        35.22720        22.48343
           119.6        41.91609        26.81911
           119.7        42.76199        27.52474
           119.8        44.94109        28.77495
           119.9        71.82975        37.15558
           120.0        77.60970        39.51931
           120.1       114.14735        65.31817
           120.2       116.43227        67.31001
           120.3       119.83590        69.33518
           120.4       121.60916        71.33498
           120.5       124.88251        73.95882
           120.6       127.07088        75.66182
           120.7       129.09178        78.09808
           120.8       129.25529        79.18108
           120.9       131.59575        81.13285
           121.0       132.96121        82.32511
           121.1       132.40712        83.96192
           121.2       133.87065        85.02988
           121.3       134.53496        86.85754
           121.4       134.93495        88.30872
           121.5       135.97334        87.71980
           121.6       136.40421        88.99757
           121.7       136.69769        90.25903
           121.8       131.44041        90.18790
           121.9       132.93594        92.74661
           122.0       134.09891        93.40637
           122.1       135.79568        96.86749
           122.2       135.63503        98.71191
           122.3       136.16698       100.34453
           122.4       138.59697       102.87946
           122.5       136.01009       103.21668
           122.6       135.77550       103.83145
           122.7       136.85606       105.03428
           122.8       134.54662       105.27039
           122.9       137.15820       107.81309
           123.0       136.15685       107.33156
           123.1       137.56439       110.56277
           123.2       136.71266       110.41833
           123.3       130.60159       111.94521
           123.4       131.52997       113.64926
           123.5       133.55333       115.92046
           123.6       135.11139       118.40960
           123.7       137.20741       120.89570
           123.8       140.03964       124.36000
           123.9       141.67461       125.91985
           124.0       143.29878       127.91128
           124.1       146.01923       130.20642
           124.2       147.51781       131.75192
           124.3       155.17105       139.71974
           124.4       158.20277       141.96214
           124.5       160.89073       144.88393
           124.6       162.56863       147.48990
           124.7       165.46992       150.08731
           124.8       168.63582       152.89470
           124.9       168.75459       153.34741
           125.0       171.65651       155.54337
           125.1       174.84023       158.75600
           125.2       178.57979       161.45078
           125.3       181.13507       164.36435
           125.4       184.86195       167.50560
           125.5       186.06543       168.84526
           125.6       189.87666       171.82068
           125.7       193.41162       193.41162
           125.8       197.44643       197.44643
           125.9       200.61142       200.61142
           126.0       204.10994       204.10994
           126.1       208.71603       208.71603
           126.2       212.13200       212.13200
           126.3       215.21074       215.21074
           126.4       218.41811       218.41811
           126.5       233.81798       233.81798
           126.6       236.84427       236.84427
           126.7       240.98491       240.98491
           126.8       246.86537       246.86537
           126.9       250.66098       250.66098
           127.0       256.86063       256.86063
           127.1       261.71371       261.71371
           127.2      2766.53589      2766.53589
           127.3      2778.84644      2778.84644
           127.4      2858.88013      2858.88013
           127.5      2888.93042      2888.93042
           127.6      5397.63525      5397.63525
           127.7      5620.09814      5620.09814
           127.8      5686.25391      5686.25391
           127.9      5847.84717      5847.84717
           128.0      5985.89209      5985.89209
           128.1      6085.41113      6085.41113
           128.2      6233.51709      6233.51709
           128.3      6383.90186      6383.90186
           128.4      6493.05176      6493.05176
           128.5      6690.42383      6690.42383
           128.6      6831.45312      6831.45312
