# OUT Of DATE version of table 14c in hep-ex/0602042
# private communication from Philip Bechtle 06/08/07
# Higgstrahlung production cross section as ratio to SM cross sections) x Br(higgs-> tau tau)
# columns: Mh, obs, exp

           1.00    0.1000000000E+05    0.1000000000E+05
           1.10    0.1000000000E+05    0.1000000000E+05
           1.20    0.1000000000E+05    0.1000000000E+05
           1.30    0.1000000000E+05    0.1000000000E+05
           1.40    0.1000000000E+05    0.1000000000E+05
           1.50    0.1000000000E+05    0.1000000000E+05
           1.60    0.1000000000E+05    0.1000000000E+05
           1.70    0.1000000000E+05    0.1000000000E+05
           1.80    0.1000000000E+05    0.1000000000E+05
           1.90    0.1000000000E+05    0.1000000000E+05
           2.00    0.1000000000E+05    0.1000000000E+05
           2.10    0.1000000000E+05    0.1000000000E+05
           2.20    0.1000000000E+05    0.1000000000E+05
           2.30    0.1000000000E+05    0.1000000000E+05
           2.40    0.1000000000E+05    0.1000000000E+05
           2.50    0.1000000000E+05    0.1000000000E+05
           2.60    0.1000000000E+05    0.1000000000E+05
           2.70    0.1000000000E+05    0.1000000000E+05
           2.80    0.1000000000E+05    0.1000000000E+05
           2.90    0.1000000000E+05    0.1000000000E+05
           3.00    0.1000000000E+05    0.1000000000E+05
           3.10    0.1000000000E+05    0.1000000000E+05
           3.20    0.1000000000E+05    0.1000000000E+05
           3.30    0.1000000000E+05    0.1000000000E+05
           3.40    0.1000000000E+05    0.1000000000E+05
           3.50    0.1000000000E+05    0.1000000000E+05
           3.60    0.7942967220E+02    0.1665337520E+03
           3.70    0.8345112610E+02    0.1683719940E+03
           3.80    0.7915096280E+02    0.1666848750E+03
           3.90    0.8289617160E+02    0.1676267240E+03
           4.00    0.7844126890E+02    0.1653532870E+03
           4.10    0.7699591830E+02    0.1652932430E+03
           4.20    0.9086572270E+02    0.1715966340E+03
           4.30    0.8215400700E+02    0.1681323240E+03
           4.40    0.8150725560E+02    0.1678600920E+03
           4.50    0.8835894780E+02    0.1707729640E+03
           4.60    0.7893246460E+02    0.1664832000E+03
           4.70    0.9208807370E+02    0.1721762700E+03
           4.80    0.8792987820E+02    0.1702812650E+03
           4.90    0.8285925290E+02    0.1682952580E+03
           5.00    0.7516893010E+02    0.1655807340E+03
           5.10    0.8048078160E+02    0.1680886990E+03
           5.20    0.8539717100E+02    0.1702880860E+03
           5.30    0.8432215120E+02    0.1696287690E+03
           5.40    0.8348296360E+02    0.1695549470E+03
           5.50    0.9026786040E+02    0.1727807310E+03
           5.60    0.8297021480E+02    0.1698679200E+03
           5.70    0.8896031950E+02    0.1726620030E+03
           5.80    0.8417169950E+02    0.1708114320E+03
           5.90    0.7785708620E+02    0.1681268460E+03
           6.00    0.4136722390E+00    0.4099265930E+00
           6.10    0.4199734630E+00    0.4152075050E+00
           6.20    0.4139797090E+00    0.4112879340E+00
           6.30    0.4339538810E+00    0.4270529750E+00
           6.40    0.4348247650E+00    0.4286165540E+00
           6.50    0.4353443090E+00    0.4293724000E+00
           6.60    0.4424703720E+00    0.4359859820E+00
           6.70    0.4362920820E+00    0.4318713550E+00
           6.80    0.4429245000E+00    0.4375559690E+00
           6.90    0.4469918910E+00    0.4410880510E+00
           7.00    0.4586537480E+00    0.4507305320E+00
           7.10    0.4573569300E+00    0.4507231710E+00
           7.20    0.4606665670E+00    0.4485437570E+00
           7.30    0.4639638960E+00    0.4583213330E+00
           7.40    0.4639376400E+00    0.4593830700E+00
           7.50    0.4632798730E+00    0.4594711360E+00
           7.60    0.4796059730E+00    0.4728564320E+00
           7.70    0.4875514510E+00    0.4796831910E+00
           7.80    0.4828822020E+00    0.4768826370E+00
           7.90    0.4776159230E+00    0.4737304450E+00
           8.00    0.4845927360E+00    0.4802414770E+00
           8.10    0.4902823870E+00    0.4851951000E+00
           8.20    0.4926294680E+00    0.4880584780E+00
           8.30    0.5053926110E+00    0.4954614640E+00
           8.40    0.5033748150E+00    0.4987250860E+00
           8.50    0.5044956210E+00    0.5008890630E+00
           8.60    0.5201395150E+00    0.5135242940E+00
           8.70    0.5159085990E+00    0.5109227900E+00
           8.80    0.5220586060E+00    0.5169823770E+00
           8.90    0.5222933290E+00    0.5185728670E+00
           9.00    0.5478478070E+00    0.5380569700E+00
           9.10    0.5379286410E+00    0.5328608750E+00
           9.20    0.5626140830E+00    0.5402238370E+00
           9.30    0.5526890750E+00    0.5468325020E+00
           9.40    0.5594338180E+00    0.5522760750E+00
           9.50    0.5590913890E+00    0.5536234380E+00
           9.60    0.5552570220E+00    0.5514987710E+00
           9.70    0.5848119850E+00    0.5754422550E+00
           9.80    0.5861759190E+00    0.5782653690E+00
           9.90    0.5859221220E+00    0.5795629020E+00
          10.00    0.5950906280E+00    0.5873128180E+00
          10.10    0.5887589450E+00    0.5724291800E+00
          10.20    0.5947492120E+00    0.5899775620E+00
          10.30    0.6043843630E+00    0.5991455910E+00
          10.40    0.6103181840E+00    0.6052447560E+00
          10.50    0.6341365580E+00    0.6244763730E+00
          10.60    0.6103201510E+00    0.6068050270E+00
          10.70    0.6179199810E+00    0.6140222550E+00
          10.80    0.6238476630E+00    0.6208794120E+00
          10.90    0.6133431790E+00    0.7073035240E+00
          11.00    0.5818256740E+00    0.5720713730E+00
          11.10    0.5555328130E+00    0.5455238820E+00
          11.20    0.5336585640E+00    0.5220174790E+00
          11.30    0.5164717440E+00    0.5044302940E+00
          11.40    0.5015198590E+00    0.4825099110E+00
          11.50    0.4859818520E+00    0.4682828780E+00
          11.60    0.4703251120E+00    0.4531020520E+00
          11.70    0.4542075400E+00    0.4392089840E+00
          11.80    0.4407880310E+00    0.4252837600E+00
          11.90    0.4282185730E+00    0.4133609530E+00
          12.00    0.7593955100E-01    0.1478048260E+00
          12.10    0.7592923190E-01    0.1468486040E+00
          12.20    0.7741922140E-01    0.1624070700E+00
          12.30    0.7589015360E-01    0.1429882790E+00
          12.40    0.7615278660E-01    0.1455782200E+00
          12.50    0.7588213680E-01    0.1453095380E+00
          12.60    0.7587178800E-01    0.1440994290E+00
          12.70    0.7585777340E-01    0.1436189120E+00
          12.80    0.7583834980E-01    0.1472426500E+00
          12.90    0.7713478060E-01    0.1473438740E+00
          13.00    0.7650501280E-01    0.1446214910E+00
          13.10    0.7833561300E-01    0.1476716250E+00
          13.20    0.7566030320E-01    0.1454996170E+00
          13.30    0.7562695440E-01    0.1459213350E+00
          13.40    0.7559213040E-01    0.1456519510E+00
          13.50    0.7554687560E-01    0.1437274520E+00
          13.60    0.7859615980E-01    0.1457102150E+00
          13.70    0.7602503900E-01    0.1490966830E+00
          13.80    0.7695792620E-01    0.1450255960E+00
          13.90    0.7721706480E-01    0.1470508580E+00
          14.00    0.7528448850E-01    0.1454626770E+00
          14.10    0.7524231820E-01    0.1693063080E+00
          14.20    0.7570528980E-01    0.1661691220E+00
          14.30    0.8297982810E-01    0.1451235860E+00
          14.40    0.8394302430E-01    0.1596064270E+00
          14.50    0.8403526250E-01    0.1584395470E+00
          14.60    0.8411724870E-01    0.1558700650E+00
          14.70    0.8427885170E-01    0.1586326810E+00
          14.80    0.8392062780E-01    0.1622069330E+00
          14.90    0.7877751440E-01    0.1601715680E+00
          15.00    0.8394716680E-01    0.1478978250E+00
          15.10    0.8372003590E-01    0.1478182380E+00
          15.20    0.8373973520E-01    0.1447500740E+00
          15.30    0.8387528360E-01    0.1461903300E+00
          15.40    0.8260736610E-01    0.1457217190E+00
          15.50    0.7705332340E-01    0.1448894290E+00
          15.60    0.7590992750E-01    0.1447204200E+00
          15.70    0.7562527810E-01    0.1470194160E+00
          15.80    0.7680630680E-01    0.1434039470E+00
          15.90    0.7720197740E-01    0.1462590690E+00
          16.00    0.8058945830E-01    0.1489397880E+00
          16.10    0.7913275060E-01    0.1499006150E+00
          16.20    0.7710037380E-01    0.1409379840E+00
          16.30    0.7545650750E-01    0.1415160300E+00
          16.40    0.7586567850E-01    0.1411253360E+00
          16.50    0.7705618440E-01    0.1411633790E+00
          16.60    0.8068177100E-01    0.1424016650E+00
          16.70    0.7669965920E-01    0.1406930090E+00
          16.80    0.7768697290E-01    0.1456164870E+00
          16.90    0.7646344600E-01    0.1406783160E+00
          17.00    0.7670002430E-01    0.1430733050E+00
          17.10    0.7870340350E-01    0.1417283120E+00
          17.20    0.7729160790E-01    0.1388019320E+00
          17.30    0.7940138880E-01    0.1428425610E+00
          17.40    0.7618897410E-01    0.1414792980E+00
          17.50    0.7652981580E-01    0.1412039700E+00
          17.60    0.7743667810E-01    0.1407672320E+00
          17.70    0.7937888060E-01    0.1399605270E+00
          17.80    0.7828212530E-01    0.1411912740E+00
          17.90    0.7677585630E-01    0.1415368470E+00
          18.00    0.7651866230E-01    0.1432071180E+00
          18.10    0.7542825490E-01    0.1408626740E+00
          18.20    0.8002159740E-01    0.1417043510E+00
          18.30    0.8193813260E-01    0.1440147310E+00
          18.40    0.7852549850E-01    0.1413070410E+00
          18.50    0.7678269590E-01    0.1446809320E+00
          18.60    0.7673452790E-01    0.1457538160E+00
          18.70    0.7880972330E-01    0.1449089200E+00
          18.80    0.8116463570E-01    0.1449322700E+00
          18.90    0.7938411830E-01    0.1451376830E+00
          19.00    0.7811398800E-01    0.1402795760E+00
          19.10    0.7764128600E-01    0.1405716090E+00
          19.20    0.7659728830E-01    0.1461784690E+00
          19.30    0.8045750860E-01    0.1470108180E+00
          19.40    0.8046004920E-01    0.1468513610E+00
          19.50    0.7947894930E-01    0.1397093680E+00
          19.60    0.8072563260E-01    0.1403001250E+00
          19.70    0.7819897680E-01    0.1394319090E+00
          19.80    0.8075272290E-01    0.1407410950E+00
          19.90    0.8238416170E-01    0.1401299240E+00
          20.00    0.8078526710E-01    0.1399630760E+00
          20.10    0.7992630450E-01    0.1263140890E+00
          20.20    0.8000553400E-01    0.1279617100E+00
          20.30    0.8008909970E-01    0.1261814390E+00
          20.40    0.8017698680E-01    0.1257077010E+00
          20.50    0.8026919510E-01    0.1275687810E+00
          20.60    0.8036575470E-01    0.1274178480E+00
          20.70    0.8046665040E-01    0.1299298110E+00
          20.80    0.8057188240E-01    0.1403180510E+00
          20.90    0.8213733880E-01    0.1317739490E+00
          21.00    0.8138159660E-01    0.1307668830E+00
          21.10    0.8091370760E-01    0.1304904970E+00
          21.20    0.8103635910E-01    0.1323095710E+00
          21.30    0.8116338400E-01    0.1325443690E+00
          21.40    0.8129478250E-01    0.1319236160E+00
          21.50    0.8223792170E-01    0.1306947320E+00
          21.60    0.8157071470E-01    0.1317313020E+00
          21.70    0.8216517420E-01    0.1354495140E+00
          21.80    0.8186423030E-01    0.1348865630E+00
          21.90    0.8201759310E-01    0.1552046240E+00
          22.00    0.8418456470E-01    0.1350391810E+00
          22.10    0.8233758810E-01    0.1334858690E+00
          22.20    0.8250423520E-01    0.1338922680E+00
          22.30    0.8267533780E-01    0.1350045500E+00
          22.40    0.8285090330E-01    0.1378796850E+00
          22.50    0.8566091950E-01    0.1386510580E+00
          22.60    0.8659982680E-01    0.1386194230E+00
          22.70    0.8340445910E-01    0.1347801240E+00
          22.80    0.8359798790E-01    0.1355880350E+00
          22.90    0.8379603180E-01    0.1362557110E+00
          23.00    0.8402524890E-01    0.1406022760E+00
          23.10    0.8754864340E-01    0.1385868790E+00
          23.20    0.8544642480E-01    0.1477427630E+00
          23.30    0.8463379000E-01    0.1382769500E+00
          23.40    0.8485469970E-01    0.1407116950E+00
          23.50    0.8508022870E-01    0.1374223380E+00
          23.60    0.8531040700E-01    0.1376439630E+00
          23.70    0.8554524930E-01    0.1368257400E+00
          23.80    0.8578478540E-01    0.1375491320E+00
          23.90    0.8602900800E-01    0.1411495660E+00
          24.00    0.8627794680E-01    0.1420597140E+00
          24.10    0.8653165400E-01    0.1422700580E+00
          24.20    0.9239636360E-01    0.1444583830E+00
          24.30    0.8805599060E-01    0.1415278320E+00
          24.40    0.9137586500E-01    0.1461555960E+00
          24.50    0.8759442720E-01    0.1440806240E+00
          24.60    0.8787223700E-01    0.1406547430E+00
          24.70    0.9167054300E-01    0.1452890930E+00
          24.80    0.9297306090E-01    0.1436001210E+00
          24.90    0.9404170510E-01    0.1472508610E+00
          25.00    0.9121231730E-01    0.1460557880E+00
          25.10    0.8933535220E-01    0.1447371240E+00
          25.20    0.8964298670E-01    0.1454518740E+00
          25.30    0.9573745730E-01    0.1476507630E+00
          25.40    0.9745509180E-01    0.1495374140E+00
          25.50    0.9415986390E-01    0.1475561860E+00
          25.60    0.9412080790E-01    0.1490392090E+00
          25.70    0.9316416080E-01    0.1518153700E+00
          25.80    0.9256990250E-01    0.1489400860E+00
          25.90    0.1004676300E+00    0.1513109060E+00
          26.00    0.9706726670E-01    0.1505444940E+00
          26.10    0.9795001890E-01    0.1536895630E+00
          26.20    0.9598279000E-01    0.1543502810E+00
          26.30    0.9467852860E-01    0.1544701160E+00
          26.40    0.1012713310E+00    0.1571568700E+00
          26.50    0.1017073320E+00    0.1544663610E+00
          26.60    0.9957814960E-01    0.1546898480E+00
          26.70    0.9880813210E-01    0.1554954350E+00
          26.80    0.9677697720E-01    0.1569801420E+00
          26.90    0.9808882330E-01    0.1588967740E+00
          27.00    0.1003499330E+00    0.1559684130E+00
          27.10    0.1060987790E+00    0.1603811830E+00
          27.20    0.9785918150E-01    0.1542583550E+00
          27.30    0.1001954150E+00    0.1593966930E+00
          27.40    0.1019325930E+00    0.1628953670E+00
          27.50    0.9833897650E-01    0.1597726200E+00
          27.60    0.1041284730E+00    0.1584199520E+00
          27.70    0.1059681920E+00    0.1613842990E+00
          27.80    0.1031816230E+00    0.1594080480E+00
          27.90    0.9999517350E-01    0.1590778530E+00
          28.00    0.1004604250E+00    0.1613804250E+00
          28.10    0.1034936900E+00    0.1659019740E+00
          28.20    0.1126854200E+00    0.1691783960E+00
          28.30    0.1101763700E+00    0.1670674980E+00
          28.40    0.1058064250E+00    0.1640871760E+00
          28.50    0.1060408350E+00    0.1677006930E+00
          28.60    0.1058739420E+00    0.1708528850E+00
          28.70    0.1038986070E+00    0.1670167150E+00
          28.80    0.1094336810E+00    0.1669751260E+00
          28.90    0.1148174700E+00    0.1726473270E+00
          29.00    0.1129349170E+00    0.1741359080E+00
          29.10    0.1086836900E+00    0.1839333330E+00
          29.20    0.1092007310E+00    0.1836730690E+00
          29.30    0.1083612520E+00    0.1753632280E+00
          29.40    0.1115433130E+00    0.1733423620E+00
          29.50    0.1190575060E+00    0.1789579540E+00
          29.60    0.1146888060E+00    0.1776807900E+00
          29.70    0.1135945390E+00    0.1900416460E+00
          29.80    0.1105492260E+00    0.1876286570E+00
          29.90    0.1105827610E+00    0.1793640850E+00
          30.00    0.7770317790E-01    0.9285320340E-01
          30.10    0.7630735640E-01    0.9192264080E-01
          30.20    0.7600948960E-01    0.9231842310E-01
          30.30    0.7483822110E-01    0.9188702700E-01
          30.40    0.7442452760E-01    0.9243477140E-01
          30.50    0.7432303580E-01    0.9334827960E-01
          30.60    0.7193783670E-01    0.9178445490E-01
          30.70    0.7070876660E-01    0.9218920020E-01
          30.80    0.6806775180E-01    0.9130438420E-01
          30.90    0.6675370040E-01    0.9237310290E-01
          31.00    0.6526385990E-01    0.9052931520E-01
          31.10    0.7608694580E-01    0.9133847800E-01
          31.20    0.7633521410E-01    0.9185075760E-01
          31.30    0.7773566250E-01    0.9367474170E-01
          31.40    0.7572607700E-01    0.9163524210E-01
          31.50    0.7593585550E-01    0.9220229090E-01
          31.60    0.7726787780E-01    0.9405912460E-01
          31.70    0.7586003840E-01    0.9276357290E-01
          31.80    0.7521380480E-01    0.9229636190E-01
          31.90    0.7412406800E-01    0.9132504460E-01
          32.00    0.7519195230E-01    0.9290777150E-01
          32.10    0.7392945140E-01    0.9177739170E-01
          32.20    0.7321339100E-01    0.9133694320E-01
          32.30    0.7381814720E-01    0.9251155700E-01
          32.40    0.7337021830E-01    0.9252223370E-01
          32.50    0.7171930370E-01    0.9107600900E-01
          32.60    0.7227856670E-01    0.9239456800E-01
          32.70    0.7155536860E-01    0.9232517330E-01
          32.80    0.7015701380E-01    0.9155570720E-01
          32.90    0.6911630180E-01    0.9124150870E-01
          33.00    0.6877971440E-01    0.9226772930E-01
          33.10    0.7441257690E-01    0.9166362140E-01
          33.20    0.7486397770E-01    0.9237851950E-01
          33.30    0.7466594870E-01    0.9226200730E-01
          33.40    0.7422900940E-01    0.9192379560E-01
          33.50    0.7438647000E-01    0.9231078620E-01
          33.60    0.7377289240E-01    0.9173642840E-01
          33.70    0.7391259820E-01    0.9207078070E-01
          33.80    0.7380600270E-01    0.9207516910E-01
          33.90    0.7378508900E-01    0.9229066970E-01
          34.00    0.7327011970E-01    0.9186845270E-01
          34.10    0.7324846830E-01    0.9205234800E-01
          34.20    0.7366415860E-01    0.9278575330E-01
          34.30    0.7249241320E-01    0.9162018450E-01
          34.40    0.7202428580E-01    0.9136646990E-01
          34.50    0.7300523670E-01    0.9293097260E-01
          34.60    0.7232908900E-01    0.9249178320E-01
          34.70    0.7115887850E-01    0.9151484070E-01
          34.80    0.7148129490E-01    0.9230641280E-01
          34.90    0.7058971380E-01    0.9161483500E-01
          35.00    0.6926069410E-01    0.9093893320E-01
          35.10    0.7284848390E-01    0.9250221400E-01
          35.20    0.7186265290E-01    0.9138991680E-01
          35.30    0.7279220970E-01    0.9250023960E-01
          35.40    0.7235065850E-01    0.9197657560E-01
          35.50    0.7246060670E-01    0.9221486000E-01
          35.60    0.7162486020E-01    0.9121439610E-01
          35.70    0.7329995190E-01    0.9331364930E-01
          35.80    0.7332476230E-01    0.9332035480E-01
          35.90    0.7341428100E-01    0.9349659830E-01
          36.00    0.7289072130E-01    0.9299248460E-01
          36.10    0.7231248920E-01    0.9238014370E-01
          36.20    0.7245977220E-01    0.9255471830E-01
          36.30    0.7190396640E-01    0.9198817610E-01
          36.40    0.7172152400E-01    0.9184133260E-01
          36.50    0.7257902620E-01    0.9292665120E-01
          36.60    0.7281430070E-01    0.9334862980E-01
          36.70    0.7257043570E-01    0.9301919490E-01
          36.80    0.7215732340E-01    0.9261732550E-01
          36.90    0.7261093710E-01    0.9322640300E-01
          37.00    0.7098747040E-01    0.9134247900E-01
          37.10    0.7278282200E-01    0.9171714630E-01
          37.20    0.7330500330E-01    0.9230820090E-01
          37.30    0.7379200310E-01    0.9302231670E-01
          37.40    0.7284278420E-01    0.9197740260E-01
          37.50    0.7229947300E-01    0.9145174180E-01
          37.60    0.7252723720E-01    0.9181397410E-01
          37.70    0.7258208100E-01    0.9200568500E-01
          37.80    0.7324349140E-01    0.9283190970E-01
          37.90    0.7322899250E-01    0.9288961440E-01
          38.00    0.7196487490E-01    0.9170296040E-01
          38.10    0.7169858370E-01    0.9144481270E-01
          38.20    0.7186561080E-01    0.9175033120E-01
          38.30    0.7212235780E-01    0.9219022840E-01
          38.40    0.7281922550E-01    0.9307639300E-01
          38.50    0.7144001870E-01    0.9162584690E-01
          38.60    0.7185482230E-01    0.9216855470E-01
          38.70    0.7219384610E-01    0.9268854560E-01
          38.80    0.7197327170E-01    0.9261903910E-01
          38.90    0.7145339250E-01    0.9208536150E-01
          39.00    0.7119708510E-01    0.9179542210E-01
          39.10    0.7214760040E-01    0.9185875210E-01
          39.20    0.7098931070E-01    0.9062565860E-01
          39.30    0.7106061280E-01    0.9079959240E-01
          39.40    0.7165493820E-01    0.9157349170E-01
          39.50    0.7167300580E-01    0.9170240910E-01
          39.60    0.7153466340E-01    0.9183389690E-01
          39.70    0.7159944620E-01    0.9196642040E-01
          39.80    0.7148223370E-01    0.9196723250E-01
          39.90    0.7098476590E-01    0.9141474220E-01
          40.00    0.7395561040E-01    0.9133215990E-01
          40.10    0.7393800470E-01    0.9160152820E-01
          40.20    0.7438897340E-01    0.9233409170E-01
          40.30    0.7321453840E-01    0.9110655640E-01
          40.40    0.7348376510E-01    0.9166069330E-01
          40.50    0.7250364870E-01    0.9083684530E-01
          40.60    0.7241696120E-01    0.9094868600E-01
          40.70    0.7268624010E-01    0.9135285760E-01
          40.80    0.7197293640E-01    0.9068680550E-01
          40.90    0.7159149650E-01    0.9042067080E-01
          41.00    0.7159117610E-01    0.9051159770E-01
          41.10    0.7294360550E-01    0.9226030110E-01
          41.20    0.7198162380E-01    0.9119276700E-01
          41.30    0.7326501610E-01    0.9219180790E-01
          41.40    0.7202042640E-01    0.9098224340E-01
          41.50    0.7288614660E-01    0.9217184040E-01
          41.60    0.7183671000E-01    0.9106572720E-01
          41.70    0.7098899040E-01    0.9018593280E-01
          41.80    0.7214939590E-01    0.9174041450E-01
          41.90    0.7053441550E-01    0.8989378810E-01
          42.00    0.7202041150E-01    0.9181345250E-01
          42.10    0.7076071950E-01    0.9045896680E-01
          42.20    0.7091071460E-01    0.9077766540E-01
          42.30    0.7063929740E-01    0.9071047600E-01
          42.40    0.6993521750E-01    0.8998752390E-01
          42.50    0.7068242880E-01    0.9097516540E-01
          42.60    0.7060909270E-01    0.9100737420E-01
          42.70    0.7048981640E-01    0.9095603970E-01
          42.80    0.7101383810E-01    0.9170418980E-01
          42.90    0.6923190500E-01    0.8958185460E-01
          43.00    0.6938054410E-01    0.8987916260E-01
          43.10    0.6916825470E-01    0.8965720980E-01
          43.20    0.7081323860E-01    0.9191183750E-01
          43.30    0.6997328250E-01    0.9095550330E-01
          43.40    0.6900485610E-01    0.8979193870E-01
          43.50    0.6961723420E-01    0.9055034070E-01
          43.60    0.6946546580E-01    0.9038876740E-01
          43.70    0.6918070470E-01    0.9002880010E-01
          43.80    0.6955039500E-01    0.9026040880E-01
          43.90    0.6930273770E-01    0.9003767370E-01
          44.00    0.6935930250E-01    0.9020262960E-01
          44.10    0.7020692530E-01    0.9141632910E-01
          44.20    0.7059106980E-01    0.9197045120E-01
          44.30    0.6860303880E-01    0.8953624220E-01
          44.40    0.6955446300E-01    0.9076844160E-01
          44.50    0.6983474640E-01    0.9114690870E-01
          44.60    0.6952773780E-01    0.9084665780E-01
          44.70    0.6815057250E-01    0.8915426580E-01
          44.80    0.6958223130E-01    0.9093657140E-01
          44.90    0.6933293490E-01    0.9066591410E-01
          45.00    0.7083626840E-01    0.8978076280E-01
          45.10    0.7123880090E-01    0.9028404950E-01
          45.20    0.7053703070E-01    0.8963776380E-01
          45.30    0.7070042190E-01    0.9000308810E-01
          45.40    0.7082870600E-01    0.9029807150E-01
          45.50    0.7110933960E-01    0.9088849280E-01
          45.60    0.7044114920E-01    0.9026785940E-01
          45.70    0.7244192810E-01    0.9014880660E-01
          45.80    0.7371948660E-01    0.8990963550E-01
          45.90    0.7514493910E-01    0.9039949630E-01
          46.00    0.7455501710E-01    0.8886054900E-01
          46.10    0.7711927590E-01    0.9095942970E-01
          46.20    0.7718057930E-01    0.9015104920E-01
          46.30    0.7737946510E-01    0.8988880370E-01
          46.40    0.7824965570E-01    0.9033352880E-01
          46.50    0.7832854240E-01    0.8994244780E-01
          46.60    0.7814711330E-01    0.8931864800E-01
          46.70    0.7901059840E-01    0.8978447320E-01
          46.80    0.7961554830E-01    0.9007434550E-01
          46.90    0.7952082160E-01    0.8967805650E-01
          47.00    0.7900799070E-01    0.8878133450E-01
          47.10    0.7964166250E-01    0.8906333890E-01
          47.20    0.7964883740E-01    0.8874369410E-01
          47.30    0.7991959150E-01    0.8875691150E-01
          47.40    0.7954584810E-01    0.8815655110E-01
          47.50    0.7977101210E-01    0.8836787940E-01
          47.60    0.7938127220E-01    0.8792620900E-01
          47.70    0.7917360220E-01    0.8757331970E-01
          47.80    0.7968877260E-01    0.8808468280E-01
          47.90    0.7883349810E-01    0.8712709700E-01
          48.00    0.7941047850E-01    0.8767372370E-01
          48.10    0.7881994550E-01    0.8697789160E-01
          48.20    0.7897488770E-01    0.8700813350E-01
          48.30    0.8022587000E-01    0.8826426420E-01
          48.40    0.7831463960E-01    0.8610452710E-01
          48.50    0.7846342030E-01    0.8611152320E-01
          48.60    0.7938178630E-01    0.8688411120E-01
          48.70    0.7881286740E-01    0.8612292260E-01
          48.80    0.7903442530E-01    0.8665569130E-01
          48.90    0.7896590980E-01    0.8654573560E-01
          49.00    0.7855064420E-01    0.8604500440E-01
          49.10    0.7817054540E-01    0.8553279190E-01
          49.20    0.7812944800E-01    0.8543530110E-01
          49.30    0.7873963560E-01    0.8599171790E-01
          49.40    0.7752574240E-01    0.8463775370E-01
          49.50    0.5450757590E-01    0.6535018980E-01
          49.60    0.5419982970E-01    0.6498435140E-01
          49.70    0.5423786860E-01    0.6500258300E-01
          49.80    0.5425257610E-01    0.6497231130E-01
          49.90    0.5413763230E-01    0.6474725900E-01
          50.00    0.5425279960E-01    0.6481569260E-01
          50.10    0.5474799500E-01    0.6372790780E-01
          50.20    0.5488587540E-01    0.6380978970E-01
          50.30    0.5464832860E-01    0.6349695470E-01
          50.40    0.5443753670E-01    0.6321773680E-01
          50.50    0.5409972000E-01    0.6361830980E-01
          50.60    0.5446799840E-01    0.6393074240E-01
          50.70    0.5422521010E-01    0.6357820330E-01
          50.80    0.5406863990E-01    0.6330204760E-01
          50.90    0.5415666480E-01    0.6325721000E-01
          51.00    0.5437473210E-01    0.6339278820E-01
          51.10    0.5411643530E-01    0.6327940520E-01
          51.20    0.5436036740E-01    0.6350712480E-01
          51.30    0.5428377540E-01    0.6337707490E-01
          51.40    0.5411281440E-01    0.6311842800E-01
          51.50    0.5305623260E-01    0.6327409300E-01
          51.60    0.5290332810E-01    0.6304897370E-01
          51.70    0.5297074840E-01    0.6304914500E-01
          51.80    0.5287306380E-01    0.6289586420E-01
          51.90    0.5309264360E-01    0.6307836620E-01
          52.00    0.5301855500E-01    0.6291715800E-01
          52.10    0.5313437800E-01    0.6299179050E-01
          52.20    0.5317787830E-01    0.6294765320E-01
          52.30    0.5313372610E-01    0.6280457970E-01
          52.40    0.5318905790E-01    0.6277515740E-01
          52.50    0.5157991500E-01    0.6299685690E-01
          52.60    0.5171803010E-01    0.6304401160E-01
          52.70    0.5184978620E-01    0.6307163090E-01
          52.80    0.5183633790E-01    0.6291282180E-01
          52.90    0.5186202000E-01    0.6276111300E-01
          53.00    0.5206792060E-01    0.6289160250E-01
          53.10    0.5205993730E-01    0.6296774740E-01
          53.20    0.5189088730E-01    0.6268823890E-01
          53.30    0.5181328950E-01    0.6251741950E-01
          53.40    0.5203570430E-01    0.6269327550E-01
          53.50    0.5468075350E-01    0.6255337600E-01
          53.60    0.5484386530E-01    0.6266961990E-01
          53.70    0.5489724130E-01    0.6263887140E-01
          53.80    0.5493936320E-01    0.6261988730E-01
          53.90    0.5482912440E-01    0.6243577230E-01
          54.00    0.5496199800E-01    0.6251125780E-01
          54.10    0.5497575180E-01    0.6247080490E-01
          54.20    0.5499374870E-01    0.6240464750E-01
          54.30    0.5521578710E-01    0.6260070950E-01
          54.40    0.5498164150E-01    0.6226380910E-01
          54.50    0.5472277100E-01    0.6221079080E-01
          54.60    0.5466367300E-01    0.6206345190E-01
          54.70    0.5470823500E-01    0.6202335660E-01
          54.80    0.5458003660E-01    0.6176191200E-01
          54.90    0.5476852880E-01    0.6187532840E-01
          55.00    0.5686416100E-01    0.6169429420E-01
          55.10    0.5657587570E-01    0.6159093600E-01
          55.20    0.5661706250E-01    0.6164520230E-01
          55.30    0.5658473820E-01    0.6158074360E-01
          55.40    0.5673590670E-01    0.6174930190E-01
          55.50    0.4834939170E-01    0.6235098470E-01
          55.60    0.4828099910E-01    0.6227210540E-01
          55.70    0.4834931340E-01    0.6231791150E-01
          55.80    0.4840420190E-01    0.6235881150E-01
          55.90    0.4823007810E-01    0.6210991000E-01
          56.00    0.4821748290E-01    0.6207578260E-01
          56.10    0.4825526850E-01    0.6208750230E-01
          56.20    0.4847951230E-01    0.6236763300E-01
          56.30    0.4827267680E-01    0.6208778550E-01
          56.40    0.4843787480E-01    0.6227259340E-01
          56.50    0.4757740720E-01    0.6208169460E-01
          56.60    0.4770849650E-01    0.6222000720E-01
          56.70    0.4776767640E-01    0.6221003460E-01
          56.80    0.4779059810E-01    0.6216211620E-01
          56.90    0.4782095180E-01    0.6207992510E-01
          57.00    0.4788913950E-01    0.6206809360E-01
          57.10    0.4787820210E-01    0.6207148360E-01
          57.20    0.4791029540E-01    0.6206798550E-01
          57.30    0.4787655920E-01    0.6197347120E-01
          57.40    0.4810981080E-01    0.6216209750E-01
          57.50    0.5002802980E-01    0.6204469870E-01
          57.60    0.4985936360E-01    0.6175301220E-01
          57.70    0.5003703010E-01    0.6191024180E-01
          57.80    0.4998678340E-01    0.6175333260E-01
          57.90    0.5026120690E-01    0.6202433260E-01
          58.00    0.5007044230E-01    0.6170557810E-01
          58.10    0.5030699070E-01    0.6191685050E-01
          58.20    0.5025158820E-01    0.6172944980E-01
          58.30    0.5024552350E-01    0.6165480240E-01
          58.40    0.5054267500E-01    0.6188279020E-01
          58.50    0.5021428690E-01    0.6179707500E-01
          58.60    0.5037900810E-01    0.6183402610E-01
          58.70    0.5056891220E-01    0.6194405260E-01
          58.80    0.5050911380E-01    0.6166913360E-01
          58.90    0.5050501230E-01    0.6152773650E-01
          59.00    0.5060707410E-01    0.6147269900E-01
          59.10    0.5062545460E-01    0.6151387470E-01
          59.20    0.5089822040E-01    0.6174861640E-01
          59.30    0.5088357630E-01    0.6159518660E-01
          59.40    0.5093295130E-01    0.6156743320E-01
          59.50    0.4491194710E-01    0.5170720070E-01
          59.60    0.4498666150E-01    0.5170076710E-01
          59.70    0.4511533310E-01    0.5175025390E-01
          59.80    0.4524233940E-01    0.5183224750E-01
          59.90    0.4555742070E-01    0.5206478760E-01
          60.00    0.4546028750E-01    0.4678478090E-01
          60.10    0.4519487540E-01    0.4653238880E-01
          60.20    0.4539048300E-01    0.4676438120E-01
          60.30    0.4537447170E-01    0.4674503210E-01
          60.40    0.4539344830E-01    0.4677262160E-01
          60.50    0.4342512410E-01    0.4700925570E-01
          60.60    0.4347235710E-01    0.4705968500E-01
          60.70    0.4361649600E-01    0.4719329630E-01
          60.80    0.4366691410E-01    0.4723843190E-01
          60.90    0.4354177040E-01    0.4720490430E-01
          61.00    0.4367814960E-01    0.4738630350E-01
          61.10    0.4355450720E-01    0.4729411750E-01
          61.20    0.4364386200E-01    0.4740113770E-01
          61.30    0.4355704780E-01    0.4735176270E-01
          61.40    0.4370086640E-01    0.4751685260E-01
          61.50    0.4302971440E-01    0.4789027940E-01
          61.60    0.4263410720E-01    0.4813250150E-01
          61.70    0.4250127820E-01    0.4799144340E-01
          61.80    0.4235127940E-01    0.4780365900E-01
          61.90    0.4285057260E-01    0.4834290220E-01
          62.00    0.4268068450E-01    0.4812680180E-01
          62.10    0.4269984740E-01    0.4814106600E-01
          62.20    0.4267624390E-01    0.4809555780E-01
          62.30    0.4280196500E-01    0.4821473360E-01
          62.40    0.4277370870E-01    0.4814418410E-01
          62.50    0.4046755280E-01    0.4851750660E-01
          62.60    0.4053436590E-01    0.4858770220E-01
          62.70    0.4039727520E-01    0.4846445100E-01
          62.80    0.4038792100E-01    0.4845852400E-01
          62.90    0.4049365590E-01    0.4863115770E-01
          63.00    0.4044438530E-01    0.4861115290E-01
          63.10    0.4046994080E-01    0.4865897450E-01
          63.20    0.4053984580E-01    0.4877834390E-01
          63.30    0.4048212990E-01    0.4874547570E-01
          63.40    0.4050662740E-01    0.4881941150E-01
          63.50    0.4326373340E-01    0.4873714600E-01
          63.60    0.4320270200E-01    0.4873059320E-01
          63.70    0.4313826190E-01    0.4868984590E-01
          63.80    0.4341490190E-01    0.4902946580E-01
          63.90    0.4333335160E-01    0.4896168780E-01
          64.00    0.4315452650E-01    0.4881641640E-01
          64.10    0.4334980620E-01    0.4905017840E-01
          64.20    0.4330160100E-01    0.4907830430E-01
          64.30    0.4324680940E-01    0.4906727750E-01
          64.40    0.4313030090E-01    0.4901666570E-01
          64.50    0.4676501830E-01    0.4942876850E-01
          64.60    0.4663819070E-01    0.4943517220E-01
          64.70    0.4658867790E-01    0.4950842260E-01
          64.80    0.4665468260E-01    0.4971788450E-01
          64.90    0.4622303690E-01    0.4938811060E-01
          65.00    0.3833913060E-01    0.4588931800E-01
          65.10    0.3808528560E-01    0.4561758040E-01
          65.20    0.3826823460E-01    0.4585513850E-01
          65.30    0.3825705130E-01    0.4590693120E-01
          65.40    0.3826875240E-01    0.4593773930E-01
          65.50    0.4142464700E-01    0.4682889580E-01
          65.60    0.4145211350E-01    0.4686078800E-01
          65.70    0.4095647860E-01    0.4637396710E-01
          65.80    0.4097893830E-01    0.4650525000E-01
          65.90    0.4095855360E-01    0.4657744620E-01
          66.00    0.4111852870E-01    0.4686960950E-01
          66.10    0.4092872890E-01    0.4676640780E-01
          66.20    0.4062327370E-01    0.4659657180E-01
          66.30    0.4067934300E-01    0.4674365740E-01
          66.40    0.4067371040E-01    0.4684679580E-01
          66.50    0.4033616560E-01    0.4693223540E-01
          66.60    0.4009687530E-01    0.4711926730E-01
          66.70    0.4004460200E-01    0.4723402490E-01
          66.80    0.3983714800E-01    0.4713977870E-01
          66.90    0.3974502910E-01    0.4718784620E-01
          67.00    0.4003813120E-01    0.4764080050E-01
          67.10    0.3977736830E-01    0.4747769610E-01
          67.20    0.3959294410E-01    0.4742311310E-01
          67.30    0.3931096570E-01    0.4724243280E-01
          67.40    0.3960638490E-01    0.4772800580E-01
          67.50    0.3609595450E-01    0.4765095560E-01
          67.60    0.3605257720E-01    0.4768516120E-01
          67.70    0.3606133910E-01    0.4784778130E-01
          67.80    0.3588742390E-01    0.4770090430E-01
          67.90    0.3582931310E-01    0.4772108790E-01
          68.00    0.3588312120E-01    0.4785012080E-01
          68.10    0.3587212410E-01    0.4787769170E-01
          68.20    0.3589493410E-01    0.4798026760E-01
          68.30    0.3557871280E-01    0.4763951150E-01
          68.40    0.3559087590E-01    0.4770306500E-01
          68.50    0.3411560880E-01    0.4844873400E-01
          68.60    0.3417541830E-01    0.4864283280E-01
          68.70    0.3381280230E-01    0.4818302020E-01
          68.80    0.3406858440E-01    0.4850265010E-01
          68.90    0.3424445540E-01    0.4874518890E-01
          69.00    0.3422630580E-01    0.4882331940E-01
          69.10    0.3378012400E-01    0.4835829140E-01
          69.20    0.3395029530E-01    0.4863183950E-01
          69.30    0.3391863780E-01    0.4860077800E-01
          69.40    0.3378180410E-01    0.4852893580E-01
          69.50    0.3099536900E-01    0.4861235990E-01
          69.60    0.3094111940E-01    0.4860446600E-01
          69.70    0.3120071630E-01    0.4896069320E-01
          69.80    0.3108629770E-01    0.4881127920E-01
          69.90    0.3095560150E-01    0.4868659000E-01
          70.00    0.3088039530E-01    0.4863270740E-01
          70.10    0.3088525680E-01    0.4883470760E-01
          70.20    0.3096211330E-01    0.4914562030E-01
          70.30    0.3085567430E-01    0.4919206720E-01
          70.40    0.3074067270E-01    0.4912580550E-01
          70.50    0.3036365100E-01    0.4914839940E-01
          70.60    0.3014213590E-01    0.4896536840E-01
          70.70    0.3015461380E-01    0.4903925960E-01
          70.80    0.3026785520E-01    0.4939768090E-01
          70.90    0.3016640430E-01    0.4929719490E-01
          71.00    0.3045464490E-01    0.4981933530E-01
          71.10    0.3011159230E-01    0.4938546200E-01
          71.20    0.3009532020E-01    0.4936967420E-01
          71.30    0.3039215880E-01    0.4983286560E-01
          71.40    0.3021785990E-01    0.4956069960E-01
          71.50    0.3030285800E-01    0.4941431430E-01
          71.60    0.3024041840E-01    0.4944075270E-01
          71.70    0.3058213180E-01    0.4989636690E-01
          71.80    0.3039942120E-01    0.4959337410E-01
          71.90    0.3044254520E-01    0.4960016530E-01
          72.00    0.3069796230E-01    0.4983619600E-01
          72.10    0.3076975230E-01    0.4962183540E-01
          72.20    0.3056018050E-01    0.4951035230E-01
          72.30    0.3057014200E-01    0.4947998750E-01
          72.40    0.3054874950E-01    0.4951874910E-01
          72.50    0.3046862780E-01    0.4894119870E-01
          72.60    0.3053528630E-01    0.4911915960E-01
          72.70    0.3036069870E-01    0.4894899200E-01
          72.80    0.3021794370E-01    0.4896700010E-01
          72.90    0.3026695180E-01    0.4921452700E-01
          73.00    0.3018016000E-01    0.4920475930E-01
          73.10    0.2993660230E-01    0.4891670870E-01
          73.20    0.2995895590E-01    0.4904377830E-01
          73.30    0.2999619020E-01    0.4915151750E-01
          73.40    0.2997732160E-01    0.4916423930E-01
          73.50    0.3220555560E-01    0.4875433820E-01
          73.60    0.3216680140E-01    0.4888333010E-01
          73.70    0.3200821210E-01    0.4808347300E-01
          73.80    0.3248772030E-01    0.4846567660E-01
          73.90    0.3295097500E-01    0.4866559060E-01
          74.00    0.3293766450E-01    0.4839488860E-01
          74.10    0.3297901530E-01    0.4839757460E-01
          74.20    0.3330622990E-01    0.4852844030E-01
          74.30    0.3331902620E-01    0.4839615520E-01
          74.40    0.3328410160E-01    0.4838661480E-01
          74.50    0.3047716250E-01    0.4800929870E-01
          74.60    0.3075215590E-01    0.4843904820E-01
          74.70    0.3049890880E-01    0.4822753740E-01
          74.80    0.3040770070E-01    0.4810589550E-01
          74.90    0.3044593710E-01    0.4823128130E-01
          75.00    0.3123444690E-01    0.4653095450E-01
          75.10    0.3147795050E-01    0.4707121850E-01
          75.20    0.3141775350E-01    0.4708601160E-01
          75.30    0.3121726770E-01    0.4696625100E-01
          75.40    0.3117075000E-01    0.4707872870E-01
          75.50    0.3106994370E-01    0.4719516260E-01
          75.60    0.3083321820E-01    0.4710549120E-01
          75.70    0.3035075590E-01    0.4723169650E-01
          75.80    0.2951673420E-01    0.4731988910E-01
          75.90    0.2890664900E-01    0.4747563970E-01
          76.00    0.2883146890E-01    0.4753314700E-01
          76.10    0.2883906290E-01    0.4760142040E-01
          76.20    0.2887565080E-01    0.4781071470E-01
          76.30    0.2888159080E-01    0.4791161790E-01
          76.40    0.2896386570E-01    0.4814724250E-01
          76.50    0.3043540750E-01    0.4798978190E-01
          76.60    0.3014940770E-01    0.4783584180E-01
          76.70    0.3044745330E-01    0.4830697550E-01
          76.80    0.3033370520E-01    0.4824024440E-01
          76.90    0.3031196630E-01    0.4826390370E-01
          77.00    0.3047830240E-01    0.4858182370E-01
          77.10    0.3034471530E-01    0.4845724250E-01
          77.20    0.3050716040E-01    0.4876147580E-01
          77.30    0.3042342890E-01    0.4876799510E-01
          77.40    0.3033203070E-01    0.4877655210E-01
          77.50    0.3033738210E-01    0.4800384490E-01
          77.60    0.3050503320E-01    0.4819628220E-01
          77.70    0.3036576880E-01    0.4803171010E-01
          77.80    0.3046230410E-01    0.4826368390E-01
          77.90    0.3039539790E-01    0.4817913100E-01
          78.00    0.3057978300E-01    0.4850124200E-01
          78.10    0.3053585440E-01    0.4861510550E-01
          78.20    0.3051273900E-01    0.4865429550E-01
          78.30    0.3055433560E-01    0.4881145430E-01
          78.40    0.3047543210E-01    0.4879775270E-01
          78.50    0.3294585650E-01    0.4884763430E-01
          78.60    0.3285514940E-01    0.4886124280E-01
          78.70    0.3291257840E-01    0.4900962490E-01
          78.80    0.3304728490E-01    0.4937544840E-01
          78.90    0.3285481410E-01    0.4927910490E-01
          79.00    0.3303889930E-01    0.4959267750E-01
          79.10    0.3284749020E-01    0.4943597320E-01
          79.20    0.3298211470E-01    0.4971602930E-01
          79.30    0.3287361560E-01    0.4964550960E-01
          79.40    0.3307821600E-01    0.5002731830E-01
          79.50    0.3237328680E-01    0.4960741480E-01
          79.60    0.3227208180E-01    0.4955726490E-01
          79.70    0.3239968420E-01    0.4978130390E-01
          79.80    0.3239209950E-01    0.4987069960E-01
          79.90    0.3251171860E-01    0.5004071070E-01
          80.00    0.2971276270E-01    0.4642357680E-01
          80.10    0.2982587370E-01    0.4660344120E-01
          80.20    0.2996922100E-01    0.4681305590E-01
          80.30    0.2988389130E-01    0.4683222990E-01
          80.40    0.3011195920E-01    0.4745239390E-01
          80.50    0.2867492470E-01    0.4756376890E-01
          80.60    0.2836625840E-01    0.4721930620E-01
          80.70    0.2841317470E-01    0.4724948850E-01
          80.80    0.2868638930E-01    0.4803178460E-01
          80.90    0.2812326510E-01    0.4745254290E-01
          81.00    0.2845180780E-01    0.4803852360E-01
          81.10    0.2838611980E-01    0.4812922700E-01
          81.20    0.2832285310E-01    0.4816407340E-01
          81.30    0.2851513960E-01    0.4866628350E-01
          81.40    0.2834777160E-01    0.4823553930E-01
          81.50    0.2697345060E-01    0.4835119470E-01
          81.60    0.2712819540E-01    0.4880619050E-01
          81.70    0.2716795540E-01    0.4894272240E-01
          81.80    0.2693589590E-01    0.4876265670E-01
          81.90    0.2699330080E-01    0.4885122550E-01
          82.00    0.2708809260E-01    0.4904074590E-01
          82.10    0.2715238000E-01    0.4934906590E-01
          82.20    0.2727661650E-01    0.4950157930E-01
          82.30    0.2761539070E-01    0.4991071670E-01
          82.40    0.2767377910E-01    0.4995771870E-01
          82.50    0.2651694980E-01    0.5052206670E-01
          82.60    0.2644323740E-01    0.5041717740E-01
          82.70    0.2670540100E-01    0.5073136090E-01
          82.80    0.2709059980E-01    0.5132209880E-01
          82.90    0.2714869570E-01    0.5135560040E-01
          83.00    0.2740618210E-01    0.5174387620E-01
          83.10    0.2744394350E-01    0.5173785980E-01
          83.20    0.2778675590E-01    0.5221964050E-01
          83.30    0.2753447000E-01    0.5192181100E-01
          83.40    0.2791270240E-01    0.5260722710E-01
          83.50    0.2842392770E-01    0.5273725460E-01
          83.60    0.2814848160E-01    0.5241927130E-01
          83.70    0.2844066730E-01    0.5297913770E-01
          83.80    0.2855402420E-01    0.5291443690E-01
          83.90    0.2862425150E-01    0.5314191430E-01
          84.00    0.2903804370E-01    0.5371696870E-01
          84.10    0.2916167300E-01    0.5379383270E-01
          84.20    0.2914470430E-01    0.5372290310E-01
          84.30    0.2914868110E-01    0.5370817710E-01
          84.40    0.2990045580E-01    0.5505743250E-01
          84.50    0.3077921640E-01    0.5420430380E-01
          84.60    0.3101328390E-01    0.5466471240E-01
          84.70    0.3134069220E-01    0.5527828630E-01
          84.80    0.3098339770E-01    0.5503148960E-01
          84.90    0.3118765540E-01    0.5567440020E-01
          85.00    0.3255114330E-01    0.5227969960E-01
          85.10    0.3318811210E-01    0.5224021900E-01
          85.20    0.3395299990E-01    0.5287686740E-01
          85.30    0.3415577490E-01    0.5340710280E-01
          85.40    0.3420305250E-01    0.5348111690E-01
          85.50    0.3325962650E-01    0.5453036350E-01
          85.60    0.3259667010E-01    0.5379400770E-01
          85.70    0.3276601430E-01    0.5430331080E-01
          85.80    0.3236774360E-01    0.5421618370E-01
          85.90    0.3305090220E-01    0.5548515540E-01
          86.00    0.3309390690E-01    0.5553809550E-01
          86.10    0.3334767370E-01    0.5601378160E-01
          86.20    0.3344155100E-01    0.5600617080E-01
          86.30    0.3372113780E-01    0.5676357820E-01
          86.40    0.3353674340E-01    0.5681471530E-01
          86.50    0.3276259080E-01    0.5731267110E-01
          86.60    0.3274089100E-01    0.5743417520E-01
          86.70    0.3287314250E-01    0.5790948120E-01
          86.80    0.3265491870E-01    0.5761213600E-01
          86.90    0.3313070910E-01    0.5859084430E-01
          87.00    0.3301134710E-01    0.5875722690E-01
          87.10    0.3296881540E-01    0.5898518860E-01
          87.20    0.3323679040E-01    0.5948358400E-01
          87.30    0.3349117930E-01    0.6015830110E-01
          87.40    0.3339136760E-01    0.6024093930E-01
          87.50    0.3423302620E-01    0.6107911470E-01
          87.60    0.3407942880E-01    0.6100388240E-01
          87.70    0.3447882460E-01    0.6190802530E-01
          87.80    0.3437701610E-01    0.6204760450E-01
          87.90    0.3464059160E-01    0.6263404340E-01
          88.00    0.3447547930E-01    0.6270214170E-01
          88.10    0.3469374030E-01    0.6318955870E-01
          88.20    0.3505939250E-01    0.6377425790E-01
          88.30    0.3472571820E-01    0.6359894570E-01
          88.40    0.3513467310E-01    0.6457331780E-01
          88.50    0.3343021120E-01    0.6324999780E-01
          88.60    0.3458563980E-01    0.6528504940E-01
          88.70    0.3434242680E-01    0.6501792370E-01
          88.80    0.3421283140E-01    0.6526136400E-01
          88.90    0.3489988300E-01    0.6642995770E-01
          89.00    0.3520319240E-01    0.6707876920E-01
          89.10    0.3492762150E-01    0.6676024940E-01
          89.20    0.3511597590E-01    0.6709360330E-01
          89.30    0.3540760280E-01    0.6781361250E-01
          89.40    0.3531458970E-01    0.6807027010E-01
          89.50    0.3658888860E-01    0.6842444840E-01
          89.60    0.3692854940E-01    0.6932455300E-01
          89.70    0.3673269970E-01    0.6929209830E-01
          89.80    0.3668060900E-01    0.6941422080E-01
          89.90    0.3679807110E-01    0.6993901730E-01
          90.00    0.3683508930E-01    0.7044277340E-01
          90.10    0.3705459830E-01    0.7056865840E-01
          90.20    0.3778485210E-01    0.7147790490E-01
          90.30    0.3765668350E-01    0.7120716570E-01
          90.40    0.3838633370E-01    0.7223512230E-01
          90.50    0.3924293440E-01    0.7285666470E-01
          90.60    0.3906968240E-01    0.7259154320E-01
          90.70    0.3977793080E-01    0.7357157020E-01
          90.80    0.3974232820E-01    0.7371447980E-01
          90.90    0.3989355270E-01    0.7408154760E-01
          91.00    0.3965434800E-01    0.7382332530E-01
          91.10    0.4006590320E-01    0.7478345930E-01
          91.20    0.3986660390E-01    0.7461101560E-01
          91.30    0.3977677230E-01    0.7477062200E-01
          91.40    0.4011245070E-01    0.7542917880E-01
          91.50    0.4135698830E-01    0.7542622090E-01
          91.60    0.4141213740E-01    0.7583174850E-01
          91.70    0.4103972020E-01    0.7531185450E-01
          91.80    0.4166595270E-01    0.7620470970E-01
          91.90    0.4186331850E-01    0.7659943400E-01
          92.00    0.4238515720E-01    0.7743437590E-01
          92.10    0.4230653120E-01    0.7729097460E-01
          92.20    0.4219229890E-01    0.7708524170E-01
          92.30    0.4227496680E-01    0.7733267550E-01
          92.40    0.4269585760E-01    0.7792747770E-01
          92.50    0.4056525980E-01    0.7862789930E-01
          92.60    0.4158525170E-01    0.7958728820E-01
          92.70    0.4162491860E-01    0.7894337180E-01
          92.80    0.4258854310E-01    0.7998031380E-01
          92.90    0.4295547680E-01    0.7994327690E-01
          93.00    0.4362319780E-01    0.8044520020E-01
          93.10    0.4409283770E-01    0.8047021180E-01
          93.20    0.4504529390E-01    0.8139093220E-01
          93.30    0.4469047860E-01    0.8026549970E-01
          93.40    0.4561913010E-01    0.8136823030E-01
          93.50    0.5024038260E-01    0.8055125920E-01
          93.60    0.5056231470E-01    0.8087710290E-01
          93.70    0.5117616060E-01    0.8111582700E-01
          93.80    0.5163233350E-01    0.8138024060E-01
          93.90    0.5224814640E-01    0.8152176440E-01
          94.00    0.5243128910E-01    0.8169957250E-01
          94.10    0.5304383490E-01    0.8205377310E-01
          94.20    0.5379899220E-01    0.8261611310E-01
          94.30    0.5379752440E-01    0.8206356320E-01
          94.40    0.5469924210E-01    0.8288215100E-01
          94.50    0.5624517800E-01    0.8261382580E-01
          94.60    0.5549152940E-01    0.8138120920E-01
          94.70    0.5607915670E-01    0.8242780720E-01
          94.80    0.5691204590E-01    0.8317808060E-01
          94.90    0.5724421890E-01    0.8314840500E-01
          95.00    0.5781149490E-01    0.8323913070E-01
          95.10    0.5797171220E-01    0.8484820280E-01
          95.20    0.5850386250E-01    0.8457060160E-01
          95.30    0.5650154130E-01    0.8509526400E-01
          95.40    0.5865228180E-01    0.8438465740E-01
          95.50    0.5609489600E-01    0.8515718580E-01
          95.60    0.5901187660E-01    0.8534789830E-01
          95.70    0.5596011130E-01    0.8478860560E-01
          95.80    0.5867459630E-01    0.8583591880E-01
          95.90    0.5878087880E-01    0.8687022330E-01
          96.00    0.6055098770E-01    0.8653740580E-01
          96.10    0.5533484000E-01    0.8736022560E-01
          96.20    0.6146217140E-01    0.8753740790E-01
          96.30    0.5866521600E-01    0.8776906130E-01
          96.40    0.6046202410E-01    0.8809515830E-01
          96.50    0.6011362750E-01    0.8767795560E-01
          96.60    0.6001000850E-01    0.8809592570E-01
          96.70    0.5900245530E-01    0.8768292520E-01
          96.80    0.6089696290E-01    0.8801303800E-01
          96.90    0.6006792930E-01    0.8855313060E-01
          97.00    0.6168220940E-01    0.8878856900E-01
          97.10    0.6080202010E-01    0.8835716550E-01
          97.20    0.6035456060E-01    0.8874247220E-01
          97.30    0.6177321080E-01    0.8919802310E-01
          97.40    0.6140353900E-01    0.8900246770E-01
          97.50    0.6128659470E-01    0.9050037710E-01
          97.60    0.5739149450E-01    0.8998548980E-01
          97.70    0.6335902960E-01    0.9043081100E-01
          97.80    0.6284868720E-01    0.8996799590E-01
          97.90    0.6420895460E-01    0.9111582490E-01
          98.00    0.6305043400E-01    0.8978235720E-01
          98.10    0.6388460100E-01    0.9064745160E-01
          98.20    0.6279369440E-01    0.8946534990E-01
          98.30    0.6351746620E-01    0.8981931950E-01
          98.40    0.6349037590E-01    0.9005847570E-01
          98.50    0.6385383010E-01    0.9025593850E-01
          98.60    0.6295190010E-01    0.9022493660E-01
          98.70    0.6322681900E-01    0.8995460720E-01
          98.80    0.6369174270E-01    0.9006858620E-01
          98.90    0.6525421140E-01    0.9087514130E-01
          99.00    0.6435216220E-01    0.8998663720E-01
          99.10    0.6489883360E-01    0.9059001510E-01
          99.20    0.6422683600E-01    0.9026881310E-01
          99.30    0.6562712790E-01    0.9132265300E-01
          99.40    0.6535375120E-01    0.9095589820E-01
          99.50    0.6515469400E-01    0.9105067700E-01
          99.60    0.6531964240E-01    0.9110345690E-01
          99.70    0.6588488070E-01    0.9109252690E-01
          99.80    0.6675861780E-01    0.9110025320E-01
          99.90    0.6769514830E-01    0.9178940210E-01
         100.00    0.6898284700E-01    0.9192273770E-01
         100.10    0.7113240660E-01    0.9245926890E-01
         100.20    0.6974804400E-01    0.9241683040E-01
         100.30    0.7162918150E-01    0.9277950970E-01
         100.40    0.7179712500E-01    0.9341147540E-01
         100.50    0.7316933570E-01    0.9347049890E-01
         100.60    0.7180393490E-01    0.9382918480E-01
         100.70    0.7366248970E-01    0.9529030320E-01
         100.80    0.7060489800E-01    0.9477053580E-01
         100.90    0.7121117410E-01    0.9544832260E-01
         101.00    0.7084375620E-01    0.9555688500E-01
         101.10    0.7383211700E-01    0.9626701470E-01
         101.20    0.7198178770E-01    0.9651647510E-01
         101.30    0.7303465160E-01    0.9767948090E-01
         101.40    0.7055870440E-01    0.9785754980E-01
         101.50    0.7196041200E-01    0.9777951990E-01
         101.60    0.6977631900E-01    0.9813034530E-01
         101.70    0.7037117330E-01    0.9883020820E-01
         101.80    0.7106271390E-01    0.9900876130E-01
         101.90    0.7213898000E-01    0.9991174190E-01
         102.00    0.7267551120E-01    0.1003258300E+00
         102.10    0.7460870590E-01    0.1007185130E+00
         102.20    0.7367482780E-01    0.1005741430E+00
         102.30    0.7514379920E-01    0.1015275340E+00
         102.40    0.7418247310E-01    0.1013785150E+00
         102.50    0.7770550250E-01    0.1017792820E+00
         102.60    0.7659658040E-01    0.1034402400E+00
         102.70    0.8005718890E-01    0.1063646300E+00
         102.80    0.7990772280E-01    0.1046405360E+00
         102.90    0.8325432240E-01    0.1066436170E+00
         103.00    0.8254588400E-01    0.1059745850E+00
         103.10    0.8580444010E-01    0.1073302110E+00
         103.20    0.8108075710E-01    0.1067712230E+00
         103.30    0.8424986900E-01    0.1083658710E+00
         103.40    0.8308489620E-01    0.1087107360E+00
         103.50    0.8491963150E-01    0.1091193040E+00
         103.60    0.8395336570E-01    0.1098634000E+00
         103.70    0.8585749570E-01    0.1102898120E+00
         103.80    0.8398916570E-01    0.1105943470E+00
         103.90    0.8443634960E-01    0.1114560960E+00
         104.00    0.8460261670E-01    0.1123680840E+00
         104.10    0.8761672680E-01    0.1132080110E+00
         104.20    0.8860837670E-01    0.1139907760E+00
         104.30    0.8927992730E-01    0.1144359260E+00
         104.40    0.8957777170E-01    0.1152256730E+00
         104.50    0.9387683120E-01    0.1159448330E+00
         104.60    0.9384885430E-01    0.1168496830E+00
         104.70    0.9641754630E-01    0.1172174140E+00
         104.80    0.9626943620E-01    0.1181190240E+00
         104.90    0.9799597410E-01    0.1182439630E+00
         105.00    0.9474472700E-01    0.1193894450E+00
         105.10    0.9449902920E-01    0.1205283110E+00
         105.20    0.9426401560E-01    0.1211652900E+00
         105.30    0.9692667420E-01    0.1217191440E+00
         105.40    0.9699437770E-01    0.1230620820E+00
         105.50    0.9987417610E-01    0.1239388210E+00
         105.60    0.9909027810E-01    0.1254040600E+00
         105.70    0.1003584410E+00    0.1250207130E+00
         105.80    0.1012160550E+00    0.1267713010E+00
         105.90    0.1039212940E+00    0.1275119040E+00
         106.00    0.1042458710E+00    0.1281426700E+00
         106.10    0.1060673070E+00    0.1290451140E+00
         106.20    0.1073712040E+00    0.1306299720E+00
         106.30    0.1068224160E+00    0.1311965140E+00
         106.40    0.1075769960E+00    0.1321134120E+00
         106.50    0.1103635500E+00    0.1334219870E+00
         106.60    0.1105539720E+00    0.1338459700E+00
         106.70    0.1131911280E+00    0.1354669780E+00
         106.80    0.1124621560E+00    0.1366834940E+00
         106.90    0.1182027010E+00    0.1373633300E+00
         107.00    0.1187808510E+00    0.1382211150E+00
         107.10    0.1229521110E+00    0.1404870600E+00
         107.20    0.1238530350E+00    0.1417179260E+00
         107.30    0.1271392410E+00    0.1435873960E+00
         107.40    0.1265326140E+00    0.1454193440E+00
         107.50    0.1255713550E+00    0.1463435890E+00
         107.60    0.1261827800E+00    0.1509501340E+00
         107.70    0.1292351480E+00    0.1527954490E+00
         107.80    0.1252315340E+00    0.1539099960E+00
         107.90    0.1284981670E+00    0.1559495030E+00
         108.00    0.1298483610E+00    0.1569418760E+00
         108.10    0.1294999870E+00    0.1591254320E+00
         108.20    0.1306022110E+00    0.1605322960E+00
         108.30    0.1329337210E+00    0.1618081480E+00
         108.40    0.1345711800E+00    0.1630513070E+00
         108.50    0.1409938630E+00    0.1654318870E+00
         108.60    0.1427522750E+00    0.1667208820E+00
         108.70    0.1448258460E+00    0.1689542830E+00
         108.80    0.1444307570E+00    0.1698142140E+00
         108.90    0.1461027860E+00    0.1716396210E+00
         109.00    0.1426844000E+00    0.1729386150E+00
         109.10    0.1488716300E+00    0.1753716170E+00
         109.20    0.1503141220E+00    0.1774105130E+00
         109.30    0.1533737630E+00    0.1797883360E+00
         109.40    0.1551388060E+00    0.1811694060E+00
         109.50    0.1605474950E+00    0.1843915280E+00
         109.60    0.1634298710E+00    0.1859669540E+00
         109.70    0.1648945060E+00    0.1888449790E+00
         109.80    0.1623318940E+00    0.1909308280E+00
         109.90    0.1712460520E+00    0.1941893250E+00
         110.00    0.1746218500E+00    0.1955373880E+00
         110.10    0.1787688580E+00    0.1996465920E+00
         110.20    0.1811461450E+00    0.2020685970E+00
         110.30    0.1801731740E+00    0.2055701320E+00
         110.40    0.1830160920E+00    0.2085856500E+00
         110.50    0.1824663880E+00    0.2118887600E+00
         110.60    0.1848342420E+00    0.2149591000E+00
         110.70    0.1886207910E+00    0.2183378040E+00
         110.80    0.1933790300E+00    0.2216862440E+00
         110.90    0.1984839890E+00    0.2251383510E+00
         111.00    0.2039184570E+00    0.2283426520E+00
         111.10    0.2084489910E+00    0.2315085080E+00
         111.20    0.2103594090E+00    0.2353520100E+00
         111.30    0.2142243090E+00    0.2389317900E+00
         111.40    0.2178461850E+00    0.2428776920E+00
         111.50    0.2156753840E+00    0.2470762730E+00
         111.60    0.2215535790E+00    0.2503927650E+00
         111.70    0.2263975440E+00    0.2551222150E+00
         111.80    0.2334734500E+00    0.2592315080E+00
         111.90    0.2415093930E+00    0.2640852030E+00
         112.00    0.2488432970E+00    0.2686334850E+00
         112.10    0.2562131880E+00    0.2742941980E+00
         112.20    0.2643696670E+00    0.2801540200E+00
         112.30    0.2725456360E+00    0.2862694260E+00
         112.40    0.2793937920E+00    0.2917407160E+00
         112.50    0.2848404350E+00    0.2979607280E+00
         112.60    0.2938449980E+00    0.3048393430E+00
         112.70    0.3029939230E+00    0.3118307890E+00
         112.80    0.3135023120E+00    0.3188534980E+00
         112.90    0.3226498370E+00    0.3263724150E+00
         113.00    0.3313859700E+00    0.3346620500E+00
         113.10    0.3473739030E+00    0.3435128330E+00
         113.20    0.3607010540E+00    0.3529225590E+00
         113.30    0.3748791810E+00    0.3633564110E+00
         113.40    0.3924064040E+00    0.3736334440E+00
         113.50    0.3972764310E+00    0.3854267300E+00
         113.60    0.4159021680E+00    0.3978134100E+00
         113.70    0.4379934070E+00    0.4104087050E+00
         113.80    0.4566829500E+00    0.4232657850E+00
         113.90    0.4760987160E+00    0.4366264940E+00
         114.00    0.4941861330E+00    0.4513923230E+00
         114.10    0.5131986740E+00    0.4698928890E+00
         114.20    0.5329857470E+00    0.4897727070E+00
         114.30    0.5551569460E+00    0.5102482440E+00
         114.40    0.5824753050E+00    0.5329236390E+00
         114.50    0.6245969530E+00    0.5552986260E+00
         114.60    0.6545707580E+00    0.5808593630E+00
         114.70    0.6818702820E+00    0.6068713670E+00
         114.80    0.7181848290E+00    0.6337906720E+00
         114.90    0.7451689840E+00    0.6638619900E+00
         115.00    0.7989645000E+00    0.6955051420E+00
         115.10    0.8328284030E+00    0.7303893570E+00
         115.20    0.8776412610E+00    0.7674579620E+00
         115.30    0.9477659460E+00    0.8080171940E+00
         115.40    0.9876096250E+00    0.8482878800E+00
         115.50    0.1072181340E+01    0.8938942550E+00
         115.60    0.1119220610E+01    0.9398428800E+00
         115.70    0.1184622760E+01    0.9888639450E+00
         115.80    0.1275909070E+01    0.1039773110E+01
         115.90    0.1347533940E+01    0.1092422840E+01
         116.00    0.1432928440E+01    0.1149129750E+01
         116.10    0.1512400510E+01    0.1208926800E+01
         116.20    0.1592910410E+01    0.1271928910E+01
         116.30    0.1655132410E+01    0.1334737180E+01
         116.40    0.1725049850E+01    0.1403245690E+01
         116.50    0.1789747000E+01    0.1471318960E+01
         116.60    0.1873714090E+01    0.1541544320E+01
         116.70    0.2021219730E+01    0.1614151720E+01
         116.80    0.2117792370E+01    0.1687843920E+01
         116.90    0.2202845340E+01    0.1764444110E+01
         117.00    0.2268339400E+01    0.1841326000E+01
         117.10    0.2380028010E+01    0.1922536730E+01
         117.20    0.2468811270E+01    0.2005167010E+01
         117.30    0.2537062640E+01    0.2090762850E+01
         117.40    0.2677045350E+01    0.2177140470E+01
         117.50    0.2771128650E+01    0.2262794020E+01
         117.60    0.2928666110E+01    0.2353467230E+01
         117.70    0.3035238740E+01    0.2442185640E+01
         117.80    0.3132832050E+01    0.2534361120E+01
         117.90    0.3209803820E+01    0.2628221510E+01
         118.00    0.3312079430E+01    0.2720118520E+01
         118.10    0.3403261660E+01    0.2813346390E+01
         118.20    0.3523978710E+01    0.2911276340E+01
         118.30    0.3623894930E+01    0.3007539750E+01
         118.40    0.3714925050E+01    0.3101570370E+01
         118.50    0.3835036750E+01    0.3202642200E+01
         118.60    0.3911542180E+01    0.3305253510E+01
         118.70    0.4019698620E+01    0.3403573270E+01
         118.80    0.4093093400E+01    0.3501442670E+01
         118.90    0.4191956040E+01    0.3594159840E+01
         119.00    0.4316628460E+01    0.3689072130E+01
         119.10    0.4322092060E+01    0.3783165930E+01
         119.20    0.4437651160E+01    0.3874779700E+01
         119.30    0.4596857550E+01    0.3967320920E+01
         119.40    0.4665018560E+01    0.4062540050E+01
         119.50    0.5653528690E+01    0.4670530800E+01
         119.60    0.5757884980E+01    0.4774660110E+01
         119.70    0.5815205570E+01    0.4852927210E+01
         119.80    0.5915314670E+01    0.4955825810E+01
         119.90    0.6012905600E+01    0.5059638980E+01
         120.00    0.6014540670E+01    0.5161221030E+01
         120.10    0.1228303340E+02    0.1350563530E+02
         120.20    0.1245882230E+02    0.1373676200E+02
         120.30    0.1272009090E+02    0.1400776200E+02
         120.40    0.1298710160E+02    0.1428867720E+02
         120.50    0.1326445290E+02    0.1458106710E+02
         120.60    0.1354799080E+02    0.1488467880E+02
         120.70    0.1379864310E+02    0.1517269710E+02
         120.80    0.1307072070E+02    0.1547793200E+02
         120.90    0.1333820630E+02    0.1578788190E+02
         121.00    0.1360086630E+02    0.1609115600E+02
         121.10    0.1386703110E+02    0.1639445690E+02
         121.20    0.1414326290E+02    0.1670653340E+02
         121.30    0.1441851330E+02    0.1702313230E+02
         121.40    0.1470589830E+02    0.1734725380E+02
         121.50    0.1498558140E+02    0.1766752050E+02
         121.60    0.1527884390E+02    0.1799201970E+02
         121.70    0.1556883430E+02    0.1831637950E+02
         121.80    0.1588222790E+02    0.1865104870E+02
         121.90    0.1619054600E+02    0.1897472000E+02
         122.00    0.1651563260E+02    0.1931360050E+02
         122.10    0.1640166850E+02    0.1963729480E+02
         122.20    0.1675619130E+02    0.1997201920E+02
         122.30    0.1709224130E+02    0.2034535790E+02
         122.40    0.1747706990E+02    0.2075637820E+02
         122.50    0.1783405110E+02    0.2112731360E+02
         122.60    0.1818288040E+02    0.2150171090E+02
         122.70    0.1855839160E+02    0.2189712140E+02
         122.80    0.1893788150E+02    0.2229729270E+02
         122.90    0.1931518360E+02    0.2269684790E+02
         123.00    0.1970128820E+02    0.2309599300E+02
         123.10    0.2008447270E+02    0.2348327450E+02
         123.20    0.2047615430E+02    0.2387162400E+02
         123.30    0.2089265630E+02    0.2427470400E+02
         123.40    0.2131042290E+02    0.2468400570E+02
         123.50    0.2173111150E+02    0.2508570480E+02
         123.60    0.2215448950E+02    0.2549463650E+02
         123.70    0.2259495930E+02    0.2590448190E+02
         123.80    0.2302920530E+02    0.2632226940E+02
         123.90    0.2349057390E+02    0.2679840090E+02
         124.00    0.2398825650E+02    0.2730153850E+02
         124.10    0.2444110680E+02    0.2780555920E+02
         124.20    0.2489402960E+02    0.2831340600E+02
         124.30    0.2554419710E+02    0.2901301770E+02
         124.40    0.2602996060E+02    0.2953943820E+02
         124.50    0.2653382300E+02    0.3006374360E+02
         124.60    0.2705207630E+02    0.3060165410E+02
         124.70    0.2755613900E+02    0.3112987140E+02
         124.80    0.2805969620E+02    0.3118939020E+02
         124.90    0.2856940840E+02    0.3170894620E+02
         125.00    0.2911160660E+02    0.3222982030E+02
         125.10    0.3004269710E+03    0.3004294430E+03
         125.20    0.3063377080E+03    0.3063405460E+03
         125.30    0.3120245360E+03    0.3120276790E+03
         125.40    0.3170942080E+03    0.3170971680E+03
         125.50    0.3220666810E+03    0.3220695800E+03
         125.60    0.3275625310E+03    0.3275657650E+03
         125.70    0.4693623350E+03    0.4693680730E+03
         125.80    0.4787507320E+03    0.4787569890E+03
         125.90    0.4863861690E+03    0.4863917850E+03
         126.00    0.4931497500E+03    0.4931543580E+03
         126.10    0.5013573910E+03    0.5013613280E+03
         126.20    0.5091530760E+03    0.5091560970E+03
         126.30    0.5192498780E+03    0.5192526250E+03
         126.40    0.5293350830E+03    0.5293372190E+03
         126.50    0.5590502320E+03    0.5590494380E+03
         126.60    0.5679186400E+03    0.5679166260E+03
         126.70    0.5772501830E+03    0.5772477420E+03
         126.80    0.5898457030E+03    0.5898427730E+03
         126.90    0.5985251460E+03    0.5985222170E+03
         127.00    0.6092496950E+03    0.6092496340E+03
         127.10    0.6191332400E+03    0.6191307980E+03
         127.20    0.6545791500E+04    0.6545848630E+04
         127.30    0.6460845210E+04    0.6460896480E+04
         127.40    0.6599027830E+04    0.6599081540E+04
         127.50    0.6675244140E+04    0.6675294920E+04
         127.60    0.1244085350E+05    0.1244088280E+05
         127.70    0.1293292380E+05    0.1293295410E+05
         127.80    0.1328559960E+05    0.1328562790E+05
         127.90    0.1322294730E+05    0.1322296580E+05
         128.00    0.1340948050E+05    0.1340949610E+05
         128.10    0.1401169530E+05    0.1401171780E+05
         128.20    0.1429158010E+05    0.1429159860E+05
         128.30    0.1456862300E+05    0.1456864060E+05
         128.40    0.1577397360E+05    0.1577400000E+05
         128.50    0.1610880660E+05    0.1610883300E+05
         128.60    0.1714409960E+05    0.1714412110E+05
         128.70    0.1000000000E+05    0.1000000000E+05
         128.80    0.1000000000E+05    0.1000000000E+05
         128.90    0.1000000000E+05    0.1000000000E+05
         129.00    0.1000000000E+05    0.1000000000E+05
         129.10    0.1000000000E+05    0.1000000000E+05
         129.20    0.1000000000E+05    0.1000000000E+05
         129.30    0.1000000000E+05    0.1000000000E+05
         129.40    0.1000000000E+05    0.1000000000E+05
         129.50    0.1000000000E+05    0.1000000000E+05
         129.60    0.1000000000E+05    0.1000000000E+05
         129.70    0.1000000000E+05    0.1000000000E+05
         129.80    0.1000000000E+05    0.1000000000E+05
         129.90    0.1000000000E+05    0.1000000000E+05
         130.00    0.1000000000E+05    0.1000000000E+05
         130.10    0.1000000000E+05    0.1000000000E+05
         130.20    0.1000000000E+05    0.1000000000E+05
         130.30    0.1000000000E+05    0.1000000000E+05
         130.40    0.1000000000E+05    0.1000000000E+05
         130.50    0.1000000000E+05    0.1000000000E+05
         130.60    0.1000000000E+05    0.1000000000E+05
         130.70    0.1000000000E+05    0.1000000000E+05
         130.80    0.1000000000E+05    0.1000000000E+05
         130.90    0.1000000000E+05    0.1000000000E+05
         131.00    0.1000000000E+05    0.1000000000E+05
         131.10    0.1000000000E+05    0.1000000000E+05
         131.20    0.1000000000E+05    0.1000000000E+05
         131.30    0.1000000000E+05    0.1000000000E+05
         131.40    0.1000000000E+05    0.1000000000E+05
         131.50    0.1000000000E+05    0.1000000000E+05
         131.60    0.1000000000E+05    0.1000000000E+05
         131.70    0.1000000000E+05    0.1000000000E+05
         131.80    0.1000000000E+05    0.1000000000E+05
         131.90    0.1000000000E+05    0.1000000000E+05
         132.00    0.1000000000E+05    0.1000000000E+05
         132.10    0.1000000000E+05    0.1000000000E+05
         132.20    0.1000000000E+05    0.1000000000E+05
         132.30    0.1000000000E+05    0.1000000000E+05
         132.40    0.1000000000E+05    0.1000000000E+05
         132.50    0.1000000000E+05    0.1000000000E+05
         132.60    0.1000000000E+05    0.1000000000E+05
         132.70    0.1000000000E+05    0.1000000000E+05
         132.80    0.1000000000E+05    0.1000000000E+05
         132.90    0.1000000000E+05    0.1000000000E+05
         133.00    0.1000000000E+05    0.1000000000E+05
         133.10    0.1000000000E+05    0.1000000000E+05
         133.20    0.1000000000E+05    0.1000000000E+05
         133.30    0.1000000000E+05    0.1000000000E+05
         133.40    0.1000000000E+05    0.1000000000E+05
         133.50    0.1000000000E+05    0.1000000000E+05
         133.60    0.1000000000E+05    0.1000000000E+05
         133.70    0.1000000000E+05    0.1000000000E+05
         133.80    0.1000000000E+05    0.1000000000E+05
         133.90    0.1000000000E+05    0.1000000000E+05
         134.00    0.1000000000E+05    0.1000000000E+05
         134.10    0.1000000000E+05    0.1000000000E+05
         134.20    0.1000000000E+05    0.1000000000E+05
         134.30    0.1000000000E+05    0.1000000000E+05
         134.40    0.1000000000E+05    0.1000000000E+05
         134.50    0.1000000000E+05    0.1000000000E+05
         134.60    0.1000000000E+05    0.1000000000E+05
         134.70    0.1000000000E+05    0.1000000000E+05
         134.80    0.1000000000E+05    0.1000000000E+05
         134.90    0.1000000000E+05    0.1000000000E+05
         135.00    0.1000000000E+05    0.1000000000E+05
         135.10    0.1000000000E+05    0.1000000000E+05
         135.20    0.1000000000E+05    0.1000000000E+05
         135.30    0.1000000000E+05    0.1000000000E+05
         135.40    0.1000000000E+05    0.1000000000E+05
         135.50    0.1000000000E+05    0.1000000000E+05
         135.60    0.1000000000E+05    0.1000000000E+05
         135.70    0.1000000000E+05    0.1000000000E+05
         135.80    0.1000000000E+05    0.1000000000E+05
         135.90    0.1000000000E+05    0.1000000000E+05
         136.00    0.1000000000E+05    0.1000000000E+05
         136.10    0.1000000000E+05    0.1000000000E+05
         136.20    0.1000000000E+05    0.1000000000E+05
         136.30    0.1000000000E+05    0.1000000000E+05
         136.40    0.1000000000E+05    0.1000000000E+05
         136.50    0.1000000000E+05    0.1000000000E+05
         136.60    0.1000000000E+05    0.1000000000E+05
         136.70    0.1000000000E+05    0.1000000000E+05
         136.80    0.1000000000E+05    0.1000000000E+05
         136.90    0.1000000000E+05    0.1000000000E+05
         137.00    0.1000000000E+05    0.1000000000E+05
         137.10    0.1000000000E+05    0.1000000000E+05
         137.20    0.1000000000E+05    0.1000000000E+05
         137.30    0.1000000000E+05    0.1000000000E+05
         137.40    0.1000000000E+05    0.1000000000E+05
         137.50    0.1000000000E+05    0.1000000000E+05
         137.60    0.1000000000E+05    0.1000000000E+05
         137.70    0.1000000000E+05    0.1000000000E+05
         137.80    0.1000000000E+05    0.1000000000E+05
         137.90    0.1000000000E+05    0.1000000000E+05
         138.00    0.1000000000E+05    0.1000000000E+05
         138.10    0.1000000000E+05    0.1000000000E+05
         138.20    0.1000000000E+05    0.1000000000E+05
         138.30    0.1000000000E+05    0.1000000000E+05
         138.40    0.1000000000E+05    0.1000000000E+05
         138.50    0.1000000000E+05    0.1000000000E+05
         138.60    0.1000000000E+05    0.1000000000E+05
         138.70    0.1000000000E+05    0.1000000000E+05
         138.80    0.1000000000E+05    0.1000000000E+05
         138.90    0.1000000000E+05    0.1000000000E+05
         139.00    0.1000000000E+05    0.1000000000E+05
         139.10    0.1000000000E+05    0.1000000000E+05
         139.20    0.1000000000E+05    0.1000000000E+05
         139.30    0.1000000000E+05    0.1000000000E+05
         139.40    0.1000000000E+05    0.1000000000E+05
         139.50    0.1000000000E+05    0.1000000000E+05
         139.60    0.1000000000E+05    0.1000000000E+05
         139.70    0.1000000000E+05    0.1000000000E+05
         139.80    0.1000000000E+05    0.1000000000E+05
         139.90    0.1000000000E+05    0.1000000000E+05
         140.00    0.1000000000E+05    0.1000000000E+05
