# OPAL arxiv:0812.0267
# read from fig 7 using EasyNData (P. Uwer, arXiv:0710.2896)
# LEP H^+H^- production cross section (as ratio to 2HDM cross section) x 2 x Br(H^{+-}->q q') x Br(H^{+-}->tau nu)
# columns: Mh (GeV), obs, exp 

   50       0.363E-01       0.205E-01
   51       0.405E-01       0.233E-01
   52       0.413E-01       0.254E-01
   53       0.444E-01       0.277E-01
   54       0.516E-01       0.297E-01
   55       0.491E-01       0.324E-01
   56       0.491E-01       0.363E-01
   57       0.509E-01       0.425E-01
   58       0.583E-01       0.464E-01
   59       0.683E-01       0.484E-01
   60       0.883E-01       0.535E-01
   61       0.114           0.609E-01
   62       0.148           0.683E-01
   63       0.167           0.777E-01
   64       0.170           0.846E-01
   65       0.166           0.949E-01
   66       0.151           0.110    
   67       0.137           0.126    
   68       0.131           0.144    
   69       0.149           0.161    
   70       0.161           0.181    
   71       0.177           0.221    
   72       0.236           0.248    
   73       0.263           0.290    
   74       0.255           0.355    
   75       0.347           0.421    
   76       0.437           0.538    
   77       0.561           0.630    
   78       0.769           0.759    
   79       0.968           0.940    
   80        1.38            1.05    
   81        1.64            1.18    
   82        1.69            1.25    
   83        1.87            1.33    
   84        2.22            1.37    
   85        2.72            1.35    
   86        2.88            1.38    
   87        2.76            1.35    
   88        3.00            1.40    
   89        3.13            1.53    
   90        3.37            1.67    
   91        3.83            1.87    
   92        3.05            2.07    
   93        3.23            2.35    
