# OPAL arxiv:0812.0267
# read from fig 7 using EasyNData (P. Uwer, arXiv:0710.2896)
# LEP H^+H^- production cross section (as ratio to 2HDM cross section) x Br(H^{+-}->q q')^2 
# columns: Mh (GeV), obs, exp 

   50       0.744E-01       0.949E-01
   51       0.744E-01       0.102    
   52       0.822E-01       0.106    
   53       0.114           0.108    
   54       0.186           0.114    
   55       0.220           0.116    
   56       0.231           0.126    
   57       0.239           0.132    
   58       0.259           0.142    
   59       0.266           0.155    
   60       0.266           0.161    
   61       0.215           0.176    
   62       0.177           0.184    
   63       0.180           0.200    
   64       0.221           0.206    
   65       0.229           0.224    
   66       0.234           0.248    
   67       0.238           0.259    
   68       0.319           0.274    
   69       0.314           0.295    
   70       0.368           0.326    
   71       0.450           0.355    
   72       0.530           0.376    
   73       0.545           0.415    
   74       0.398           0.466    
   75       0.424           0.538    
   76       0.634           0.667    
   77        1.04           0.769    
   78        1.20            1.01    
   79        1.18            1.25    
   80        1.33            1.58    
   81        1.29            1.67    
   82        1.43            1.67    
   83        1.51            1.58    
   84        1.35            1.60    
   85        1.40            1.53    
   86        1.25            1.62    
   87        1.13            1.74    
   88        1.45            1.90    
   89        1.79            2.19    
   90        2.60            2.46    
   91        3.72            2.88    
   92        4.30            3.18    
   93        4.62            3.62    
