# OPAL arxiv:0812.0267
# read from fig 7 using EasyNData (P. Uwer, arXiv:0710.2896)
# LEP H^+H^- production cross section (as ratio to 2HDM cross section) x Br(H^{+-}->tau nu)^2 
# columns: Mh (GeV), obs, exp 

   50       0.149           0.107    
   51       0.150           0.110    
   52       0.155           0.110    
   53       0.141           0.114    
   54       0.148           0.120    
   55       0.158           0.124    
   56       0.158           0.127    
   57       0.173           0.133    
   58       0.167           0.137    
   59       0.166           0.139    
   60       0.156           0.145    
   61       0.193           0.154    
   62       0.182           0.160    
   63       0.194           0.167    
   64       0.196           0.175    
   65       0.199           0.182    
   66       0.223           0.193    
   67       0.216           0.196    
   68       0.226           0.201    
   69       0.229           0.196    
   70       0.223           0.207    
   71       0.227           0.213    
   72       0.216           0.226    
   73       0.216           0.239    
   74       0.232           0.253    
   75       0.251           0.268    
   76       0.262           0.288    
   77       0.272           0.305    
   78       0.270           0.323    
   79       0.323           0.352    
   80       0.307           0.383    
   81       0.362           0.406    
   82       0.418           0.442    
   83       0.449           0.482    
   84       0.496           0.564    
   85       0.533           0.632    
   86       0.606           0.699    
   87       0.689           0.772    
   88       0.751           0.866    
   89       0.762           0.985    
   90       0.842            1.12    
   91       0.957            1.29    
   92        1.06            1.49    
   93        1.24            1.72    
