#arXiv:1202.1408, 7 Feb, 2012
#1408_Atlas_SMcombined_4.9fb-1
#numbers taken from Fig.3a, then linearly interpolated to get the 1 GeV spacing
#columns: Mh, obs, exp (as ratio to SM values)

       110.0           1.845           1.902    
       111.0           1.540           1.837    
       112.0           1.234           1.771    
       113.0          0.9291           1.706    
       114.0          0.8580           1.640    
       115.0          0.8633           1.574    
       116.0           1.209           1.509    
       117.0           1.554           1.443    
       118.0           1.693           1.378    
       119.0           1.583           1.312    
       120.0           1.254           1.247    
       121.0           1.202           1.201    
       122.0           1.513           1.156    
       123.0           1.825           1.111    
       124.0           2.137           1.066    
       125.0           2.430           1.020    
       126.0           2.521          0.9751    
       127.0           2.177          0.9298    
       128.0           1.834          0.8846    
       129.0           1.375          0.8393    
       130.0           1.262          0.7941    
       131.0          0.9580          0.7488    
       132.0          0.8427          0.7035    
       133.0          0.7273          0.6583    
       134.0          0.5942          0.6130    
       135.0          0.5623          0.5678    
       136.0          0.4855          0.5225    
       137.0          0.5036          0.5127    
       138.0          0.6356          0.5028    
       139.0          0.6395          0.4930    
       140.0          0.5906          0.4831    
       141.0          0.5257          0.4733    
       142.0          0.5510          0.4634    
       143.0          0.5763          0.4536    
       144.0          0.6799          0.4437    
       145.0          0.6407          0.4339    
       146.0          0.6015          0.4240    
       147.0          0.5834          0.4142    
       148.0          0.5652          0.4044    
       149.0          0.5471          0.3945    
       150.0          0.5289          0.3847    
       151.0          0.5422          0.3748    
       152.0          0.5555          0.3650    
       153.0          0.4952          0.3551    
       154.0          0.4348          0.3453    
       155.0          0.4337          0.3354    
       156.0          0.4327          0.3256    
       157.0          0.4316          0.3157    
       158.0          0.4306          0.3059    
       159.0          0.4295          0.2961    
       160.0          0.4040          0.2862    
       161.0          0.3786          0.2764    
       162.0          0.3531          0.2741    
       163.0          0.3488          0.2719    
       164.0          0.3445          0.2697    
       165.0          0.3314          0.2748    
       166.0          0.3182          0.2799    
       167.0          0.3562          0.2850    
       168.0          0.3942          0.3034    
       169.0          0.4322          0.3219    
       170.0          0.5728          0.3403    
       171.0          0.5306          0.3447    
       172.0          0.4884          0.3490    
       173.0          0.4462          0.3533    
       174.0          0.4040          0.3576    
       175.0          0.4030          0.3620    
       176.0          0.4020          0.3663    
       177.0          0.4011          0.3789    
       178.0          0.4001          0.3914    
       179.0          0.3991          0.4040    
       180.0          0.4295          0.4166    
       181.0          0.4131          0.4259    
       182.0          0.3966          0.4352    
       183.0          0.3868          0.4446    
       184.0          0.3770          0.4539    
       185.0          0.3672          0.4632    
       186.0          0.3574          0.4725    
       187.0          0.3650          0.4819    
       188.0          0.3725          0.4912    
       189.0          0.3800          0.5005    
       190.0          0.3754          0.5099    
       191.0          0.3709          0.5103    
       192.0          0.3663          0.5108    
       193.0          0.3700          0.5112    
       194.0          0.3737          0.5116    
       195.0          0.3773          0.5121    
       196.0          0.3810          0.5125    
       197.0          0.3847          0.5130    
       198.0          0.4183          0.5084    
       199.0          0.4519          0.5037    
       200.0          0.4855          0.4991    
       201.0          0.4870          0.4945    
       202.0          0.4885          0.4993    
       203.0          0.5589          0.5041    
       204.0          0.5917          0.5089    
       205.0          0.6245          0.5137    
       206.0          0.6573          0.5186    
       207.0          0.6901          0.5234    
       208.0          0.7228          0.5282    
       209.0          0.7174          0.5330    
       210.0          0.7119          0.5378    
       211.0          0.7065          0.5426    
       212.0          0.7010          0.5474    
       213.0          0.6683          0.5523    
       214.0          0.6356          0.5571    
       215.0          0.6158          0.5619    
       216.0          0.5961          0.5667    
       217.0          0.5763          0.5715    
       218.0          0.5987          0.5763    
       219.0          0.6211          0.5811    
       220.0          0.6434          0.5860    
       221.0          0.6295          0.5908    
       222.0          0.6155          0.5956    
       223.0          0.6015          0.6004    
       224.0          0.6008          0.6052    
       225.0          0.6001          0.6052    
       226.0          0.5993          0.6052    
       227.0          0.5986          0.6052    
       228.0          0.5979          0.6052    
       229.0          0.6421          0.6052    
       230.0          0.6864          0.6052    
       231.0          0.7307          0.6052    
       232.0          0.7750          0.6052    
       233.0          0.8193          0.6052    
       234.0          0.8636          0.6052    
       235.0          0.9079          0.6052    
       236.0          0.9522          0.6052    
       237.0          0.9920          0.6052    
       238.0           1.032          0.6052    
       239.0           1.072          0.6052    
       240.0           1.111          0.6052    
       241.0           1.151          0.6052    
       242.0           1.151          0.6052    
       243.0           1.151          0.6052    
       244.0           1.151          0.6052    
       245.0           1.134          0.6052    
       246.0           1.117          0.6052    
       247.0           1.100          0.6052    
       248.0           1.083          0.6052    
       249.0           1.065          0.6052    
       250.0           1.048          0.6052    
       251.0           1.031          0.6052    
       252.0          0.9122          0.6052    
       253.0          0.8907          0.6052    
       254.0          0.8691          0.6052    
       255.0          0.8476          0.6052    
       256.0          0.7743          0.6052    
       257.0          0.7010          0.6052    
       258.0          0.7010          0.6052    
       259.0          0.7010          0.6052    
       260.0          0.7010          0.6052    
       261.0          0.6899          0.6052    
       262.0          0.6787          0.6052    
       263.0          0.6675          0.6052    
       264.0          0.6706          0.6052    
       265.0          0.6737          0.6052    
       266.0          0.6768          0.6052    
       267.0          0.6799          0.6052    
       268.0          0.6927          0.6052    
       269.0          0.7056          0.6032    
       270.0          0.7184          0.6011    
       271.0          0.7040          0.5990    
       272.0          0.6895          0.5970    
       273.0          0.6751          0.5949    
       274.0          0.6606          0.5928    
       275.0          0.6462          0.5908    
       276.0          0.6317          0.5887    
       277.0          0.6317          0.5866    
       278.0          0.6317          0.5846    
       279.0          0.6317          0.5825    
       280.0          0.6317          0.5804    
       281.0          0.6317          0.5784    
       282.0          0.6118          0.5763    
       283.0          0.5919          0.5763    
       284.0          0.5720          0.5763    
       285.0          0.5521          0.5763    
       286.0          0.5390          0.5763    
       287.0          0.5259          0.5763    
       288.0          0.5127          0.5763    
       289.0          0.4996          0.5763    
       290.0          0.4865          0.5763    
       291.0          0.4734          0.5763    
       292.0          0.4602          0.5763    
       293.0          0.4471          0.5763    
       294.0          0.4340          0.5763    
       295.0          0.4209          0.5763    
       296.0          0.4077          0.5763    
       297.0          0.3946          0.5763    
       298.0          0.3815          0.5763    
       299.0          0.3684          0.5763    
       300.0          0.3552          0.5763    
       301.0          0.3524          0.5763    
       302.0          0.3496          0.5763    
       303.0          0.3468          0.5763    
       304.0          0.3439          0.5763    
       305.0          0.3411          0.5763    
       306.0          0.3383          0.5738    
       307.0          0.3416          0.5714    
       308.0          0.3450          0.5689    
       309.0          0.3484          0.5664    
       310.0          0.3517          0.5640    
       311.0          0.3551          0.5615    
       312.0          0.3585          0.5590    
       313.0          0.3618          0.5566    
       314.0          0.3688          0.5541    
       315.0          0.3758          0.5516    
       316.0          0.3827          0.5492    
       317.0          0.3897          0.5467    
       318.0          0.3966          0.5442    
       319.0          0.3974          0.5418    
       320.0          0.3981          0.5393    
       321.0          0.3989          0.5368    
       322.0          0.3996          0.5344    
       323.0          0.4003          0.5319    
       324.0          0.4011          0.5294    
       325.0          0.4018          0.5270    
       326.0          0.4025          0.5245    
       327.0          0.4033          0.5220    
       328.0          0.4040          0.5196    
       329.0          0.3973          0.5171    
       330.0          0.3907          0.5146    
       331.0          0.3840          0.5122    
       332.0          0.3774          0.5097    
       333.0          0.3707          0.5072    
       334.0          0.3641          0.5048    
       335.0          0.3533          0.5023    
       336.0          0.3425          0.4998    
       337.0          0.3317          0.4974    
       338.0          0.3209          0.4949    
       339.0          0.3101          0.4924    
       340.0          0.2993          0.4900    
       341.0          0.2885          0.4875    
       342.0          0.2822          0.4850    
       343.0          0.2758          0.4826    
       344.0          0.2695          0.4801    
       345.0          0.2632          0.4776    
       346.0          0.2569          0.4752    
       347.0          0.2506          0.4727    
       348.0          0.2443          0.4703    
       349.0          0.2379          0.4678    
       350.0          0.2316          0.4653    
       351.0          0.2253          0.4629    
       352.0          0.2190          0.4604    
       353.0          0.2166          0.4579    
       354.0          0.2142          0.4555    
       355.0          0.2118          0.4530    
       356.0          0.2094          0.4505    
       357.0          0.2070          0.4481    
       358.0          0.2046          0.4456    
       359.0          0.2022          0.4460    
       360.0          0.1997          0.4464    
       361.0          0.1973          0.4468    
       362.0          0.1978          0.4472    
       363.0          0.1982          0.4477    
       364.0          0.1987          0.4481    
       365.0          0.1991          0.4485    
       366.0          0.1996          0.4489    
       367.0          0.2000          0.4493    
       368.0          0.2005          0.4497    
       369.0          0.2009          0.4501    
       370.0          0.2014          0.4505    
       371.0          0.2018          0.4510    
       372.0          0.2023          0.4514    
       373.0          0.2027          0.4518    
       374.0          0.2032          0.4522    
       375.0          0.2036          0.4526    
       376.0          0.2040          0.4530    
       377.0          0.2045          0.4534    
       378.0          0.2049          0.4539    
       379.0          0.2054          0.4565    
       380.0          0.2058          0.4592    
       381.0          0.2063          0.4619    
       382.0          0.2067          0.4646    
       383.0          0.2072          0.4673    
       384.0          0.2076          0.4699    
       385.0          0.2081          0.4726    
       386.0          0.2085          0.4753    
       387.0          0.2100          0.4780    
       388.0          0.2114          0.4807    
       389.0          0.2128          0.4833    
       390.0          0.2142          0.4860    
       391.0          0.2157          0.4887    
       392.0          0.2171          0.4914    
       393.0          0.2185          0.4941    
       394.0          0.2200          0.4967    
       395.0          0.2214          0.4994    
       396.0          0.2228          0.5021    
       397.0          0.2242          0.5048    
       398.0          0.2257          0.5075    
       399.0          0.2271          0.5101    
       400.0          0.2285          0.5128    
       401.0          0.2300          0.5155    
       402.0          0.2314          0.5182    
       403.0          0.2380          0.5209    
       404.0          0.2447          0.5235    
       405.0          0.2513          0.5262    
       406.0          0.2580          0.5289    
       407.0          0.2646          0.5316    
       408.0          0.2712          0.5343    
       409.0          0.2779          0.5369    
       410.0          0.2845          0.5396    
       411.0          0.2912          0.5423    
       412.0          0.2978          0.5450    
       413.0          0.3044          0.5477    
       414.0          0.3111          0.5503    
       415.0          0.3177          0.5530    
       416.0          0.3244          0.5557    
       417.0          0.3310          0.5584    
       418.0          0.3376          0.5611    
       419.0          0.3443          0.5637    
       420.0          0.3509          0.5664    
       421.0          0.3656          0.5691    
       422.0          0.3803          0.5718    
       423.0          0.3949          0.5745    
       424.0          0.4096          0.5771    
       425.0          0.4243          0.5798    
       426.0          0.4389          0.5838    
       427.0          0.4536          0.5878    
       428.0          0.4683          0.5918    
       429.0          0.4829          0.5958    
       430.0          0.4976          0.5998    
       431.0          0.5123          0.6038    
       432.0          0.5269          0.6078    
       433.0          0.5416          0.6118    
       434.0          0.5563          0.6158    
       435.0          0.5709          0.6198    
       436.0          0.5856          0.6237    
       437.0          0.6003          0.6277    
       438.0          0.6149          0.6317    
       439.0          0.6296          0.6357    
       440.0          0.6443          0.6397    
       441.0          0.6589          0.6437    
       442.0          0.6736          0.6477    
       443.0          0.6883          0.6517    
       444.0          0.7001          0.6557    
       445.0          0.7119          0.6597    
       446.0          0.7238          0.6637    
       447.0          0.7356          0.6677    
       448.0          0.7474          0.6717    
       449.0          0.7592          0.6757    
       450.0          0.7711          0.6796    
       451.0          0.7829          0.6836    
       452.0          0.7947          0.6876    
       453.0          0.8065          0.6916    
       454.0          0.8184          0.6956    
       455.0          0.8302          0.6996    
       456.0          0.8420          0.7036    
       457.0          0.8538          0.7076    
       458.0          0.8657          0.7116    
       459.0          0.8775          0.7156    
       460.0          0.8893          0.7196    
       461.0          0.9011          0.7236    
       462.0          0.9191          0.7276    
       463.0          0.9370          0.7316    
       464.0          0.9549          0.7355    
       465.0          0.9729          0.7395    
       466.0          0.9908          0.7435    
       467.0           1.009          0.7475    
       468.0           1.027          0.7515    
       469.0           1.045          0.7555    
       470.0           1.063          0.7595    
       471.0           1.080          0.7635    
       472.0           1.098          0.7675    
       473.0           1.116          0.7715    
       474.0           1.134          0.7755    
       475.0           1.152          0.7795    
       476.0           1.170          0.7835    
       477.0           1.188          0.7875    
       478.0           1.206          0.7914    
       479.0           1.224          0.7954    
       480.0           1.236          0.7994    
       481.0           1.248          0.8034    
       482.0           1.260          0.8074    
       483.0           1.272          0.8114    
       484.0           1.284          0.8154    
       485.0           1.295          0.8194    
       486.0           1.307          0.8234    
       487.0           1.319          0.8274    
       488.0           1.331          0.8314    
       489.0           1.343          0.8354    
       490.0           1.355          0.8394    
       491.0           1.367          0.8434    
       492.0           1.379          0.8473    
       493.0           1.391          0.8513    
       494.0           1.403          0.8553    
       495.0           1.415          0.8593    
       496.0           1.427          0.8633    
       497.0           1.438          0.8705    
       498.0           1.450          0.8776    
       499.0           1.462          0.8847    
       500.0           1.474          0.8919    
       501.0           1.486          0.8990    
       502.0           1.498          0.9062    
       503.0           1.520          0.9133    
       504.0           1.542          0.9204    
       505.0           1.564          0.9276    
       506.0           1.585          0.9347    
       507.0           1.607          0.9419    
       508.0           1.629          0.9490    
       509.0           1.651          0.9561    
       510.0           1.673          0.9633    
       511.0           1.695          0.9704    
       512.0           1.717          0.9776    
       513.0           1.738          0.9847    
       514.0           1.760          0.9918    
       515.0           1.782          0.9990    
       516.0           1.804           1.006    
       517.0           1.826           1.013    
       518.0           1.848           1.020    
       519.0           1.869           1.028    
       520.0           1.891           1.035    
       521.0           1.913           1.042    
       522.0           1.935           1.049    
       523.0           1.957           1.056    
       524.0           1.979           1.063    
       525.0           2.001           1.070    
       526.0           2.022           1.078    
       527.0           2.044           1.085    
       528.0           2.066           1.092    
       529.0           2.088           1.099    
       530.0           2.110           1.106    
       531.0           2.132           1.113    
       532.0           2.153           1.120    
       533.0           2.175           1.128    
       534.0           2.197           1.135    
       535.0           2.219           1.142    
       536.0           2.241           1.149    
       537.0           2.263           1.156    
       538.0           2.285           1.163    
       539.0           2.306           1.170    
       540.0           2.328           1.177    
       541.0           2.349           1.185    
       542.0           2.370           1.192    
       543.0           2.391           1.199    
       544.0           2.412           1.206    
       545.0           2.433           1.213    
       546.0           2.454           1.220    
       547.0           2.475           1.227    
       548.0           2.496           1.235    
       549.0           2.517           1.242    
       550.0           2.538           1.249    
       551.0           2.558           1.256    
       552.0           2.579           1.263    
       553.0           2.600           1.270    
       554.0           2.621           1.277    
       555.0           2.642           1.285    
       556.0           2.663           1.292    
       557.0           2.684           1.299    
       558.0           2.705           1.306    
       559.0           2.726           1.313    
       560.0           2.747           1.320    
       561.0           2.768           1.327    
       562.0           2.789           1.335    
       563.0           2.810           1.342    
       564.0           2.831           1.356    
       565.0           2.852           1.371    
       566.0           2.873           1.385    
       567.0           2.893           1.400    
       568.0           2.914           1.414    
       569.0           2.935           1.429    
       570.0           2.956           1.443    
       571.0           2.987           1.458    
       572.0           3.017           1.472    
       573.0           3.048           1.487    
       574.0           3.078           1.501    
       575.0           3.109           1.516    
       576.0           3.139           1.531    
       577.0           3.170           1.545    
       578.0           3.200           1.560    
       579.0           3.231           1.574    
       580.0           3.261           1.589    
       581.0           3.291           1.603    
       582.0           3.322           1.618    
       583.0           3.352           1.632    
       584.0           3.383           1.647    
       585.0           3.413           1.661    
       586.0           3.444           1.676    
       587.0           3.474           1.690    
       588.0           3.505           1.705    
       589.0           3.535           1.719    
       590.0           3.566           1.734    
       591.0           3.596           1.748    
       592.0           3.627           1.763    
       593.0           3.657           1.777    
       594.0           3.688           1.792    
       595.0           3.718           1.806    
       596.0           3.749           1.821    
       597.0           3.779           1.835    
       598.0           3.810           1.850    
       599.0           3.840           1.865    
       600.0           3.870           1.879    
