#Atlas 2011-026 Mar 13, 2011
#2011026_Atlas_H-VV_35pb-1
#no interpolation
#columns: Mh, obs, exp (as ratio to SM cross sections)

200      3.5       15.5
220      19.5      12.5 
240      10.5      9.5 
260      6.0       8.5
280      12.0      8.5 
300      15.0      8.5 
320      12.0      6.5 
340      15.0      6.5 
360      12.0      6.5 
380      12.0      6.5 
400      13.5      6.5 
420      15.0      9.5 
440      16.5      9.5 
460      19.5      11.5 
480      21.0      12.5 
500      19.5      14.5 
520      22.5      15.5 
540      25.5      18.5 
560      30.0      20.5 
580      36.0      24.5 
600      39.0      24.5 

