#ATLAS-CONF-2011-135, 22 Aug, 2011
#2011135_Atlas_SMcombined_1-2.3fb-1
#numbers taken from Tab.4, then linearly interpolated to get the 1 GeV spacing
#columns: Mh, obs, exp (as ratio to SM values)

         110.00   3.110000       3.620000    
         111.00   3.760000       3.450000    
         112.00   4.100000       3.330000    
         113.00   3.880000       3.160000    
         114.00   3.670000       3.000000    
         115.00   3.400000       2.780000    
         116.00   3.310000       2.630000    
         117.00   3.230000       2.500000    
         118.00   3.120000       2.360000    
         119.00   2.900000       2.230000    
         120.00   2.170000       2.110000    
         121.00   1.640000       1.970000    
         122.00   1.380000       1.820000    
         123.00   1.370000       1.700000    
         124.00   1.580000       1.570000    
         125.00   1.790000       1.460000    
         126.00   2.010000       1.370000    
         127.00   2.070000       1.280000    
         128.00   2.090000       1.210000    
         129.00   1.930000       1.140000    
         130.00   1.770000       1.080000    
         131.00   1.680000      0.9900000    
         132.00   1.470000      0.9400000    
         133.00   1.310000      0.8800000    
         134.00   1.150000      0.8200000    
         135.00   1.210000      0.7800000    
         136.00   1.070000      0.7400000    
         137.00   1.050000      0.7000000    
         138.00   1.120000      0.6800000    
         139.00   1.060000      0.6500000    
         140.00   1.090000      0.6300000    
         141.00   1.020000      0.6100000    
         142.00   1.020000      0.5900000    
         143.00   1.060000      0.5800000    
         144.00   1.110000      0.5700000    
         145.00   1.040000      0.5500000    
         146.00  0.9600000      0.5300000    
         147.00  0.9800000      0.5200000    
         148.00  0.9400000      0.5100000    
         149.00  0.8900000      0.4900000    
         150.00  0.8800000      0.4800000    
         151.00  0.8850000      0.4700000    
         152.00  0.8900000      0.4600000    
         153.00  0.7850000      0.4350000    
         154.00  0.6800000      0.4100000    
         155.00  0.6600000      0.3950000    
         156.00  0.6400000      0.3800000    
         157.00  0.6650000      0.3700000    
         158.00  0.6900000      0.3600000    
         159.00  0.6600000      0.3450000    
         160.00  0.6300000      0.3300000    
         161.00  0.6050000      0.3250000    
         162.00  0.5800000      0.3200000    
         163.00  0.5800000      0.3150000    
         164.00  0.5800000      0.3100000    
         165.00  0.5550000      0.3150000    
         166.00  0.5300000      0.3200000    
         167.00  0.5550000      0.3300000    
         168.00  0.5800000      0.3400000    
         169.00  0.6800000      0.3750000    
         170.00  0.7800000      0.4100000    
         171.00  0.7300000      0.4150000    
         172.00  0.6800000      0.4200000    
         173.00  0.6750000      0.4300000    
         174.00  0.6700000      0.4400000    
         175.00  0.6750000      0.4550000    
         176.00  0.6800000      0.4700000    
         177.00  0.6700000      0.4800000    
         178.00  0.6600000      0.4900000    
         179.00  0.6800000      0.5050000    
         180.00  0.7000000      0.5200000    
         181.00  0.6850000      0.5250000    
         182.00  0.6700000      0.5300000    
         183.00  0.6650000      0.5400000    
         184.00  0.6600000      0.5500000    
         185.00  0.6550000      0.5600000    
         186.00  0.6500000      0.5700000    
         187.00  0.6700000      0.5850000    
         188.00  0.6900000      0.6000000    
         189.00  0.6850000      0.6000000    
         190.00  0.6800000      0.6000000    
         191.00  0.6950000      0.6150000    
         192.00  0.7100000      0.6300000    
         193.00  0.7550000      0.6450000    
         194.00  0.8000000      0.6600000    
         195.00  0.7550000      0.6700000    
         196.00  0.7100000      0.6800000    
         197.00  0.6950000      0.6900000    
         198.00  0.6800000      0.7000000    
         199.00  0.6700000      0.6950000    
         200.00  0.6600000      0.6900000    
         201.00  0.6600000      0.7050000    
         202.00  0.6600000      0.7200000    
         203.00  0.6450000      0.7300000    
         204.00  0.6300000      0.7400000    
         205.00  0.6300000      0.7550000    
         206.00  0.6300000      0.7700000    
         207.00  0.6500000      0.7850000    
         208.00  0.6700000      0.8000000    
         209.00  0.6250000      0.8100000    
         210.00  0.5800000      0.8200000    
         211.00  0.5800000      0.8400000    
         212.00  0.5800000      0.8600000    
         213.00  0.5550000      0.8700000    
         214.00  0.5300000      0.8800000    
         215.00  0.5100000      0.8900000    
         216.00  0.4900000      0.9000000    
         217.00  0.4800000      0.8950000    
         218.00  0.4700000      0.8900000    
         219.00  0.5750000      0.9300000    
         220.00  0.6800000      0.9700000    
         221.00  0.7000000      0.9700000    
         222.00  0.7200000      0.9700000    
         223.00  0.7400000      0.9750000    
         224.00  0.7600000      0.9800000    
         225.00  0.7750000      0.9800000    
         226.00  0.7900000      0.9800000    
         227.00  0.8150000      0.9750000    
         228.00  0.8400000      0.9700000    
         229.00  0.8900000      0.9700000    
         230.00  0.9400000      0.9700000    
         231.00  0.9850000      0.9650000    
         232.00   1.030000      0.9600000    
         233.00   1.105000      0.9600000    
         234.00   1.180000      0.9600000    
         235.00   1.190000      0.9550000    
         236.00   1.200000      0.9500000    
         237.00   1.250000      0.9450000    
         238.00   1.300000      0.9400000    
         239.00   1.270000      0.9300000    
         240.00   1.240000      0.9200000    
         241.00   1.285000      0.9300000    
         242.00   1.330000      0.9400000    
         243.00   1.350000      0.9450000    
         244.00   1.370000      0.9500000    
         245.00   1.370000      0.9500000    
         246.00   1.370000      0.9500000    
         247.00   1.355000      0.9500000    
         248.00   1.340000      0.9500000    
         249.00   1.285000      0.9500000    
         250.00   1.230000      0.9500000    
         251.00   1.200000      0.9450000    
         252.00   1.170000      0.9400000    
         253.00   1.135000      0.9400000    
         254.00   1.100000      0.9400000    
         255.00   1.020000      0.9350000    
         256.00  0.9400000      0.9300000    
         257.00  0.9300000      0.9250000    
         258.00  0.9200000      0.9200000    
         259.00  0.8700000      0.9150000    
         260.00  0.8200000      0.9100000    
         261.00  0.8350000      0.9250000    
         262.00  0.8500000      0.9400000    
         263.00  0.8350000      0.9400000    
         264.00  0.8200000      0.9400000    
         265.00  0.8450000      0.9450000    
         266.00  0.8700000      0.9500000    
         267.00  0.8800000      0.9450000    
         268.00  0.8900000      0.9400000    
         269.00  0.8550000      0.9400000    
         270.00  0.8200000      0.9400000    
         271.00  0.8200000      0.9350000    
         272.00  0.8200000      0.9300000    
         273.00  0.8050000      0.9250000    
         274.00  0.7900000      0.9200000    
         275.00  0.7850000      0.9150000    
         276.00  0.7800000      0.9100000    
         277.00  0.7800000      0.9050000    
         278.00  0.7800000      0.9000000    
         279.00  0.8250000      0.8850000    
         280.00  0.8700000      0.8700000    
         281.00  0.9350000      0.8800000    
         282.00   1.000000      0.8900000    
         283.00   1.025000      0.8900000    
         284.00   1.050000      0.8900000    
         285.00   1.045000      0.8950000    
         286.00   1.040000      0.9000000    
         287.00   1.055000      0.8950000    
         288.00   1.070000      0.8900000    
         289.00   1.080000      0.8950000    
         290.00   1.090000      0.9000000    
         291.00   1.078000      0.8980000    
         292.00   1.066000      0.8960000    
         293.00   1.054000      0.8940000    
         294.00   1.042000      0.8920000    
         295.00   1.030000      0.8900000    
         296.00  0.9560000      0.8940000    
         297.00  0.8820000      0.8980000    
         298.00  0.8080000      0.9020000    
         299.00  0.7340000      0.9060000    
         300.00  0.6600000      0.9100000    
         301.00  0.6460000      0.9180000    
         302.00  0.6320000      0.9260000    
         303.00  0.6180000      0.9340000    
         304.00  0.6040000      0.9420000    
         305.00  0.5900000      0.9500000    
         306.00  0.5820000      0.9460000    
         307.00  0.5740000      0.9420000    
         308.00  0.5660000      0.9380000    
         309.00  0.5580000      0.9340000    
         310.00  0.5500000      0.9300000    
         311.00  0.5480000      0.9240000    
         312.00  0.5460000      0.9180000    
         313.00  0.5440000      0.9120000    
         314.00  0.5420000      0.9060000    
         315.00  0.5400000      0.9000000    
         316.00  0.5400000      0.8940000    
         317.00  0.5400000      0.8880000    
         318.00  0.5400000      0.8820000    
         319.00  0.5400000      0.8760000    
         320.00  0.5400000      0.8700000    
         321.00  0.5460000      0.8700000    
         322.00  0.5520000      0.8700000    
         323.00  0.5580000      0.8700000    
         324.00  0.5640000      0.8700000    
         325.00  0.5700000      0.8700000    
         326.00  0.5640000      0.8660000    
         327.00  0.5580000      0.8620000    
         328.00  0.5520000      0.8580000    
         329.00  0.5460000      0.8540000    
         330.00  0.5400000      0.8500000    
         331.00  0.5340000      0.8440000    
         332.00  0.5280000      0.8380000    
         333.00  0.5220000      0.8320000    
         334.00  0.5160000      0.8260000    
         335.00  0.5100000      0.8200000    
         336.00  0.5040000      0.8100000    
         337.00  0.4980000      0.8000000    
         338.00  0.4920000      0.7900000    
         339.00  0.4860000      0.7800000    
         340.00  0.4800000      0.7700000    
         341.00  0.4700000      0.7700000    
         342.00  0.4600000      0.7700000    
         343.00  0.4500000      0.7700000    
         344.00  0.4400000      0.7700000    
         345.00  0.4300000      0.7700000    
         346.00  0.4280000      0.7660000    
         347.00  0.4260000      0.7620000    
         348.00  0.4240000      0.7580000    
         349.00  0.4220000      0.7540000    
         350.00  0.4200000      0.7500000    
         351.00  0.4180000      0.7440000    
         352.00  0.4160000      0.7380000    
         353.00  0.4140000      0.7320000    
         354.00  0.4120000      0.7260000    
         355.00  0.4100000      0.7200000    
         356.00  0.4080000      0.7140000    
         357.00  0.4060000      0.7080000    
         358.00  0.4040000      0.7020000    
         359.00  0.4020000      0.6960000    
         360.00  0.4000000      0.6900000    
         361.00  0.4020000      0.6920000    
         362.00  0.4040000      0.6940000    
         363.00  0.4060000      0.6960000    
         364.00  0.4080000      0.6980000    
         365.00  0.4100000      0.7000000    
         366.00  0.4120000      0.7020000    
         367.00  0.4140000      0.7040000    
         368.00  0.4160000      0.7060000    
         369.00  0.4180000      0.7080000    
         370.00  0.4200000      0.7100000    
         371.00  0.4180000      0.7080000    
         372.00  0.4160000      0.7060000    
         373.00  0.4140000      0.7040000    
         374.00  0.4120000      0.7020000    
         375.00  0.4100000      0.7000000    
         376.00  0.4080000      0.6980000    
         377.00  0.4060000      0.6960000    
         378.00  0.4040000      0.6940000    
         379.00  0.4020000      0.6920000    
         380.00  0.4000000      0.6900000    
         381.00  0.4050000      0.6950000    
         382.00  0.4100000      0.7000000    
         383.00  0.4150000      0.7050000    
         384.00  0.4200000      0.7100000    
         385.00  0.4250000      0.7150000    
         386.00  0.4300000      0.7200000    
         387.00  0.4350000      0.7250000    
         388.00  0.4400000      0.7300000    
         389.00  0.4450000      0.7350000    
         390.00  0.4500000      0.7400000    
         391.00  0.4510000      0.7410000    
         392.00  0.4520000      0.7420000    
         393.00  0.4530000      0.7430000    
         394.00  0.4540000      0.7440000    
         395.00  0.4550000      0.7450000    
         396.00  0.4560000      0.7460000    
         397.00  0.4570000      0.7470000    
         398.00  0.4580000      0.7480000    
         399.00  0.4590000      0.7490000    
         400.00  0.4600000      0.7500000    
         401.00  0.4690000      0.7565000    
         402.00  0.4780000      0.7630000    
         403.00  0.4870000      0.7695000    
         404.00  0.4960000      0.7760000    
         405.00  0.5050000      0.7825000    
         406.00  0.5140000      0.7890000    
         407.00  0.5230000      0.7955000    
         408.00  0.5320000      0.8020000    
         409.00  0.5410000      0.8085000    
         410.00  0.5500000      0.8150000    
         411.00  0.5590000      0.8215000    
         412.00  0.5680000      0.8280000    
         413.00  0.5770000      0.8345000    
         414.00  0.5860000      0.8410000    
         415.00  0.5950000      0.8475000    
         416.00  0.6040000      0.8540000    
         417.00  0.6130000      0.8605000    
         418.00  0.6220000      0.8670000    
         419.00  0.6310000      0.8735000    
         420.00  0.6400000      0.8800000    
         421.00  0.6510000      0.8840000    
         422.00  0.6620000      0.8880000    
         423.00  0.6730000      0.8920000    
         424.00  0.6840000      0.8960000    
         425.00  0.6950000      0.9000000    
         426.00  0.7060000      0.9040000    
         427.00  0.7170000      0.9080000    
         428.00  0.7280000      0.9120000    
         429.00  0.7390000      0.9160000    
         430.00  0.7500000      0.9200000    
         431.00  0.7610000      0.9240000    
         432.00  0.7720000      0.9280000    
         433.00  0.7830000      0.9320000    
         434.00  0.7940000      0.9360000    
         435.00  0.8050000      0.9400000    
         436.00  0.8160000      0.9440000    
         437.00  0.8270000      0.9480000    
         438.00  0.8380000      0.9520000    
         439.00  0.8490000      0.9560000    
         440.00  0.8600000      0.9600000    
         441.00  0.8620000      0.9655000    
         442.00  0.8640000      0.9710000    
         443.00  0.8660000      0.9765000    
         444.00  0.8680000      0.9820000    
         445.00  0.8700000      0.9875000    
         446.00  0.8720000      0.9930000    
         447.00  0.8740000      0.9985000    
         448.00  0.8760000       1.004000    
         449.00  0.8780000       1.009500    
         450.00  0.8800000       1.015000    
         451.00  0.8820000       1.020500    
         452.00  0.8840000       1.026000    
         453.00  0.8860000       1.031500    
         454.00  0.8880000       1.037000    
         455.00  0.8900000       1.042500    
         456.00  0.8920000       1.048000    
         457.00  0.8940000       1.053500    
         458.00  0.8960000       1.059000    
         459.00  0.8980000       1.064500    
         460.00  0.9000000       1.070000    
         461.00  0.9160000       1.076000    
         462.00  0.9320000       1.082000    
         463.00  0.9480000       1.088000    
         464.00  0.9640000       1.094000    
         465.00  0.9800000       1.100000    
         466.00  0.9960000       1.106000    
         467.00   1.012000       1.112000    
         468.00   1.028000       1.118000    
         469.00   1.044000       1.124000    
         470.00   1.060000       1.130000    
         471.00   1.076000       1.136000    
         472.00   1.092000       1.142000    
         473.00   1.108000       1.148000    
         474.00   1.124000       1.154000    
         475.00   1.140000       1.160000    
         476.00   1.156000       1.166000    
         477.00   1.172000       1.172000    
         478.00   1.188000       1.178000    
         479.00   1.204000       1.184000    
         480.00   1.220000       1.190000    
         481.00   1.239000       1.198000    
         482.00   1.258000       1.206000    
         483.00   1.277000       1.214000    
         484.00   1.296000       1.222000    
         485.00   1.315000       1.230000    
         486.00   1.334000       1.238000    
         487.00   1.353000       1.246000    
         488.00   1.372000       1.254000    
         489.00   1.391000       1.262000    
         490.00   1.410000       1.270000    
         491.00   1.429000       1.278000    
         492.00   1.448000       1.286000    
         493.00   1.467000       1.294000    
         494.00   1.486000       1.302000    
         495.00   1.505000       1.310000    
         496.00   1.524000       1.318000    
         497.00   1.543000       1.326000    
         498.00   1.562000       1.334000    
         499.00   1.581000       1.342000    
         500.00   1.600000       1.350000    
         501.00   1.611000       1.359000    
         502.00   1.622000       1.368000    
         503.00   1.633000       1.377000    
         504.00   1.644000       1.386000    
         505.00   1.655000       1.395000    
         506.00   1.666000       1.404000    
         507.00   1.677000       1.413000    
         508.00   1.688000       1.422000    
         509.00   1.699000       1.431000    
         510.00   1.710000       1.440000    
         511.00   1.721000       1.449000    
         512.00   1.732000       1.458000    
         513.00   1.743000       1.467000    
         514.00   1.754000       1.476000    
         515.00   1.765000       1.485000    
         516.00   1.776000       1.494000    
         517.00   1.787000       1.503000    
         518.00   1.798000       1.512000    
         519.00   1.809000       1.521000    
         520.00   1.820000       1.530000    
         521.00   1.838500       1.539000    
         522.00   1.857000       1.548000    
         523.00   1.875500       1.557000    
         524.00   1.894000       1.566000    
         525.00   1.912500       1.575000    
         526.00   1.931000       1.584000    
         527.00   1.949500       1.593000    
         528.00   1.968000       1.602000    
         529.00   1.986500       1.611000    
         530.00   2.005000       1.620000    
         531.00   2.023500       1.629000    
         532.00   2.042000       1.638000    
         533.00   2.060500       1.647000    
         534.00   2.079000       1.656000    
         535.00   2.097500       1.665000    
         536.00   2.116000       1.674000    
         537.00   2.134500       1.683000    
         538.00   2.153000       1.692000    
         539.00   2.171500       1.701000    
         540.00   2.190000       1.710000    
         541.00   2.222500       1.720000    
         542.00   2.255000       1.730000    
         543.00   2.287500       1.740000    
         544.00   2.320000       1.750000    
         545.00   2.352500       1.760000    
         546.00   2.385000       1.770000    
         547.00   2.417500       1.780000    
         548.00   2.450000       1.790000    
         549.00   2.482500       1.800000    
         550.00   2.515000       1.810000    
         551.00   2.547500       1.820000    
         552.00   2.580000       1.830000    
         553.00   2.612500       1.840000    
         554.00   2.645000       1.850000    
         555.00   2.677500       1.860000    
         556.00   2.710000       1.870000    
         557.00   2.742500       1.880000    
         558.00   2.775000       1.890000    
         559.00   2.807500       1.900000    
         560.00   2.840000       1.910000    
         561.00   2.888500       1.926000    
         562.00   2.937000       1.942000    
         563.00   2.985500       1.958000    
         564.00   3.034000       1.974000    
         565.00   3.082500       1.990000    
         566.00   3.131000       2.006000    
         567.00   3.179500       2.022000    
         568.00   3.228000       2.038000    
         569.00   3.276500       2.054000    
         570.00   3.325000       2.070000    
         571.00   3.373500       2.086000    
         572.00   3.422000       2.102000    
         573.00   3.470500       2.118000    
         574.00   3.519000       2.134000    
         575.00   3.567500       2.150000    
         576.00   3.616000       2.166000    
         577.00   3.664500       2.182000    
         578.00   3.713000       2.198000    
         579.00   3.761500       2.214000    
         580.00   3.810000       2.230000    
         581.00   3.827500       2.245500    
         582.00   3.845000       2.261000    
         583.00   3.862500       2.276500    
         584.00   3.880000       2.292000    
         585.00   3.897500       2.307500    
         586.00   3.915000       2.323000    
         587.00   3.932500       2.338500    
         588.00   3.950000       2.354000    
         589.00   3.967500       2.369500    
         590.00   3.985000       2.385000    
         591.00   4.002500       2.400500    
         592.00   4.020000       2.416000    
         593.00   4.037500       2.431500    
         594.00   4.055000       2.447000    
         595.00   4.072500       2.462500    
         596.00   4.090000       2.478000    
         597.00   4.107500       2.493500    
         598.00   4.125000       2.509000    
         599.00   4.142500       2.524500    
         600.00   4.160000       2.540000    
