#Atlas 2011-111 Aug 15, 2011
#2011111_Atlas_H-WW_1.04fb-1
#interpolated, H+0jet channel, table 17
#columns: Mh, obs, exp (as ratio to SM cross sections)

         110.00   35.80000       22.50000    
         115.00   17.50000       10.60000    
         120.00   10.30000       5.240000    
         125.00   5.230000       3.180000    
         130.00   4.000000       2.000000    
         135.00   2.600000       1.450000    
         140.00   2.090000       1.180000    
         145.00   1.870000       1.020000    
         150.00   1.670000      0.8200000    
         155.00  0.9800000      0.6800000    
         160.00  0.7200000      0.5100000    
         165.00  0.7200000      0.4700000    
         170.00   1.120000      0.6300000    
         175.00  0.9800000      0.6700000    
         180.00   1.060000      0.8200000    
         185.00   1.230000       1.030000    
         190.00   1.580000       1.310000    
         195.00   1.520000       1.540000    
         200.00   1.590000       1.800000    
         205.00   2.170000       2.417500    
         210.00   2.750000       3.035000    
         215.00   3.330000       3.652500    
         220.00   3.910000       4.270000    
         225.00   6.182500       5.977500    
         230.00   8.455000       7.685000    
         235.00   10.72750       9.392500    
         240.00   13.00000       11.10000    
