#Atlas 2011-005 Feb 14, 2011
#2011005_Atlas_H-WW_35pb-1
#interpolation to 5 GeV intervals
#columns: Mh, obs, exp (as ratio to SM cross sections)

120      21.0     18.0  
125      16.6     12.5
130      12.2     7.0 
135      8.8      5.8
140      5.3      4.5
145      3.6      4.0
150      1.9      3.5
155      1.6      3.0
160      1.2      2.4 
165      2.6      2.4 
170      3.0      2.1
175      3.9      2.5
180      4.7      2.8
185      7.0      4.1
190      9.2      5.4
195      12.7     5.9
200      16.2     6.4            
     
 
