#Atlas 2011-131 Aug 21, 2011
#2011131_Atlas_H-ZZ_1.1fb-1
#read from fig 9c,d according to the note (fig8c,d on the wiki) using EasyNData
#columns: Mh, obs, exp (as ratio to SM cross sections)

         110.00   158.0000       154.0000    
         112.00   97.80000       96.40000    
         114.00   60.00000       65.30000    
         116.00   36.00000       38.10000    
         118.00   27.70000       30.00000    
         120.00   20.20000       21.30000    
         122.00   17.90000       15.20000    
         124.00   15.30000       11.60000    
         126.00   11.90000       9.310000    
         128.00   9.720000       7.860000    
         130.00   7.750000       6.440000    
         132.00   6.040000       5.440000    
         134.00   4.680000       4.700000    
         136.00   3.980000       4.040000    
         138.00   3.600000       3.950000    
         140.00   4.120000       3.430000    
         142.00   4.490000       3.080000    
         144.00   4.150000       3.150000    
         146.00   3.710000       2.730000    
         148.00   3.380000       2.710000    
         150.00   2.850000       2.710000    
         152.00   2.850000       2.730000    
         154.00   2.980000       2.770000    
         156.00   3.150000       3.260000    
         158.00   3.790000       4.040000    
         160.00   4.920000       5.400000    
         162.00   5.960000       6.530000    
         164.00   8.020000       8.550000    
         166.00   9.250000       10.40000    
         168.00   9.510000       10.10000    
         170.00   9.380000       10.10000    
         172.00   7.640000       9.180000    
         174.00   7.160000       8.310000    
         176.00   6.440000       7.420000    
         178.00   4.990000       6.220000    
         180.00   4.090000       4.520000    
         182.00   3.500000       3.080000    
         184.00   2.700000       2.360000    
         186.00   2.420000       2.050000    
         188.00   2.200000       1.890000    
         190.00   2.200000       1.890000    
         192.00   2.240000       1.770000    
         194.00   2.100000       1.750000    
         196.00   1.990000       1.690000    
         198.00   1.970000       1.740000    
         200.00   2.020000       1.730000    
         202.00   2.070000       1.758000    
         204.00   2.120000       1.786000    
         206.00   2.170000       1.814000    
         208.00   2.220000       1.842000    
         210.00   2.270000       1.870000    
         212.00   2.168000       1.880000    
         214.00   2.066000       1.890000    
         216.00   1.964000       1.900000    
         218.00   1.862000       1.910000    
         220.00   1.760000       1.920000    
         222.00   1.768000       1.946000    
         224.00   1.776000       1.972000    
         226.00   1.784000       1.998000    
         228.00   1.792000       2.024000    
         230.00   1.800000       2.050000    
         232.00   2.074000       2.054000    
         234.00   2.348000       2.058000    
         236.00   2.622000       2.062000    
         238.00   2.896000       2.066000    
         240.00   3.170000       2.070000    
         242.00   3.242000       2.082000    
         244.00   3.314000       2.094000    
         246.00   3.386000       2.106000    
         248.00   3.458000       2.118000    
         250.00   3.530000       2.130000    
         252.00   3.278000       2.140000    
         254.00   3.026000       2.150000    
         256.00   2.774000       2.160000    
         258.00   2.522000       2.170000    
         260.00   2.270000       2.180000    
         262.00   2.314000       2.176000    
         264.00   2.358000       2.172000    
         266.00   2.402000       2.168000    
         268.00   2.446000       2.164000    
         270.00   2.490000       2.160000    
         272.00   2.546000       2.180000    
         274.00   2.602000       2.200000    
         276.00   2.658000       2.220000    
         278.00   2.714000       2.240000    
         280.00   2.770000       2.260000    
         282.00   2.762000       2.296000    
         284.00   2.754000       2.332000    
         286.00   2.746000       2.368000    
         288.00   2.738000       2.404000    
         290.00   2.730000       2.440000    
         292.00   2.626000       2.458000    
         294.00   2.522000       2.476000    
         296.00   2.418000       2.494000    
         298.00   2.314000       2.512000    
         300.00   2.210000       2.530000    
         302.00   2.186000       2.526000    
         304.00   2.162000       2.522000    
         306.00   2.138000       2.518000    
         308.00   2.114000       2.514000    
         310.00   2.090000       2.510000    
         312.00   2.076000       2.504000    
         314.00   2.062000       2.498000    
         316.00   2.048000       2.492000    
         318.00   2.034000       2.486000    
         320.00   2.020000       2.480000    
         322.00   2.022000       2.512000    
         324.00   2.024000       2.544000    
         326.00   2.026000       2.576000    
         328.00   2.028000       2.608000    
         330.00   2.030000       2.640000    
         332.00   1.994000       2.626000    
         334.00   1.958000       2.612000    
         336.00   1.922000       2.598000    
         338.00   1.886000       2.584000    
         340.00   1.850000       2.570000    
         342.00   1.848000       2.554000    
         344.00   1.846000       2.538000    
         346.00   1.844000       2.522000    
         348.00   1.842000       2.506000    
         350.00   1.840000       2.490000    
         352.00   1.832000       2.466000    
         354.00   1.824000       2.442000    
         356.00   1.816000       2.418000    
         358.00   1.808000       2.394000    
         360.00   1.800000       2.370000    
         362.00   1.800000       2.392000    
         364.00   1.800000       2.414000    
         366.00   1.800000       2.436000    
         368.00   1.800000       2.458000    
         370.00   1.800000       2.480000    
         372.00   1.852000       2.512000    
         374.00   1.904000       2.544000    
         376.00   1.956000       2.576000    
         378.00   2.008000       2.608000    
         380.00   2.060000       2.640000    
         382.00   2.100000       2.662000    
         384.00   2.140000       2.684000    
         386.00   2.180000       2.706000    
         388.00   2.220000       2.728000    
         390.00   2.260000       2.750000    
         392.00   2.314000       2.782000    
         394.00   2.368000       2.814000    
         396.00   2.422000       2.846000    
         398.00   2.476000       2.878000    
         400.00   2.530000       2.910000    
         402.00   2.646000       3.000000    
         404.00   2.762000       3.090000    
         406.00   2.878000       3.180000    
         408.00   2.994000       3.270000    
         410.00   3.110000       3.360000    
         412.00   3.224000       3.472000    
         414.00   3.338000       3.584000    
         416.00   3.452000       3.696000    
         418.00   3.566000       3.808000    
         420.00   3.680000       3.920000    
         422.00   3.900000       3.996000    
         424.00   4.120000       4.072000    
         426.00   4.340000       4.148000    
         428.00   4.560000       4.224000    
         430.00   4.780000       4.300000    
         432.00   5.008000       4.350000    
         434.00   5.236000       4.400000    
         436.00   5.464000       4.450000    
         438.00   5.692000       4.500000    
         440.00   5.920000       4.550000    
         442.00   6.100000       4.632000    
         444.00   6.280000       4.714000    
         446.00   6.460000       4.796000    
         448.00   6.640000       4.878000    
         450.00   6.820000       4.960000    
         452.00   7.050000       5.062000    
         454.00   7.280000       5.164000    
         456.00   7.510000       5.266000    
         458.00   7.740000       5.368000    
         460.00   7.970000       5.470000    
         462.00   8.148000       5.502000    
         464.00   8.326000       5.534000    
         466.00   8.504000       5.566000    
         468.00   8.682000       5.598000    
         470.00   8.860000       5.630000    
         472.00   9.072000       5.646000    
         474.00   9.284000       5.662000    
         476.00   9.496000       5.678000    
         478.00   9.708000       5.694000    
         480.00   9.920000       5.710000    
         482.00   10.13600       5.856000    
         484.00   10.35200       6.002000    
         486.00   10.56800       6.148000    
         488.00   10.78400       6.294000    
         490.00   11.00000       6.440000    
         492.00   11.22000       6.596000    
         494.00   11.44000       6.752000    
         496.00   11.66000       6.908000    
         498.00   11.88000       7.064000    
         500.00   12.10000       7.220000    
         502.00   12.26000       7.326000    
         504.00   12.42000       7.432000    
         506.00   12.58000       7.538000    
         508.00   12.74000       7.644000    
         510.00   12.90000       7.750000    
         512.00   13.06000       7.862000    
         514.00   13.22000       7.974000    
         516.00   13.38000       8.086000    
         518.00   13.54000       8.198000    
         520.00   13.70000       8.310000    
         522.00   14.02000       8.550000    
         524.00   14.34000       8.790000    
         526.00   14.66000       9.030000    
         528.00   14.98000       9.270000    
         530.00   15.30000       9.510000    
         532.00   15.64000       9.748000    
         534.00   15.98000       9.986000    
         536.00   16.32000       10.22400    
         538.00   16.66000       10.46200    
         540.00   17.00000       10.70000    
         542.00   17.22000       10.84000    
         544.00   17.44000       10.98000    
         546.00   17.66000       11.12000    
         548.00   17.88000       11.26000    
         550.00   18.10000       11.40000    
         552.00   18.32000       11.52000    
         554.00   18.54000       11.64000    
         556.00   18.76000       11.76000    
         558.00   18.98000       11.88000    
         560.00   19.20000       12.00000    
         562.00   19.42000       12.24000    
         564.00   19.64000       12.48000    
         566.00   19.86000       12.72000    
         568.00   20.08000       12.96000    
         570.00   20.30000       13.20000    
         572.00   20.62000       13.36000    
         574.00   20.94000       13.52000    
         576.00   21.26000       13.68000    
         578.00   21.58000       13.84000    
         580.00   21.90000       14.00000    
         582.00   22.40000       14.26000    
         584.00   22.90000       14.52000    
         586.00   23.40000       14.78000    
         588.00   23.90000       15.04000    
         590.00   24.40000       15.30000    
         592.00   25.06000       15.46000    
         594.00   25.72000       15.62000    
         596.00   26.38000       15.78000    
         598.00   27.04000       15.94000    
         600.00   27.70000       16.10000    
