#Atlas 2011-020 Mar 11, 2011
#2011020_Atlas_H-mumu_lowerMa_35pb-1
#read from fig 9 with EasyNData
#columns: Mh, obs, exp in pb

        6.10            785.            908.    
        6.20            250.            560.    
        6.30            178.            454.    
        6.40            331.            369.    
        6.50            382.            331.    
        6.60            509.            323.    
        6.70            624.            314.    
        6.80            667.            289.    
        6.90            938.            284.    
        7.00            828.            297.    
        7.10            425.            280.    
        7.20            365.            272.    
        7.30            276.            267.    
        7.40            106.            250.    
        7.50            106.            255.    
        7.60            106.            259.    
        7.70            102.            259.    
        7.80            97.6            259.    
        7.90            97.6            246.    
        8.00            102.            259.    
        8.10            153.            250.    
        8.20            391.            259.    
        8.30            628.            263.    
        8.40            760.            276.    
        8.50            807.            272.    
        8.60            819.            267.    
        8.70            883.            306.    
        8.80           0.103E+04        425.    
        8.90           0.127E+04        675.    
        9.00           0.177E+04        751.    
