#ATLAS-CONF-2011-132, Aug 21, 2011
#2011132_Atlas_conserv_h-tautau_1.06fb-1
#numbers read in from Fig. 8d (taking which ever limits is higher)
#columns: Mh, obs, exp (pb)

   90        130.            55.1    
  100        43.8            43.5    
  110        38.0            28.1    
  120        13.6            16.0    
  130        10.1            11.1    
  140        7.10            6.50    
  150        7.27            4.27    
  170        3.75            2.71    
  200        2.51            2.22    
  250        1.11            1.55    
  300       0.771            1.05    
  350       0.595           0.848    
  400       0.522           0.736    
  450       0.516           0.710    
  500       0.504           0.706    
  600       0.475           0.658    
