#Atlas 2011-161 Dec 11, 2011
#2011025_Atlas_H-gaga_37.6pb-1
#read in from Tab. 7
#columns: Mh, obs, exp (as ratio to SM cross sections)

110   1.94  2.01
111   1.67  1.95
112   1.32  1.90
113   1.01  1.85
114   0.86  1.82
115   0.93  1.78
116   1.28  1.74
117   1.83  1.72
118   2.12  1.70
119   1.85  1.67
120   1.41  1.66
121   1.15  1.65
122   1.23  1.64
123   1.73  1.63
124   2.62  1.63
125   3.55  1.61
126   4.04  1.61
127   3.82  1.63
128   3.06  1.63
129   2.19  1.64
130   1.65  1.65
131   1.43  1.66
132   1.34  1.67
133   1.28  1.69
134   1.14  1.71
135   0.98  1.73
136   0.95  1.77
137   1.21  1.79
138   1.68  1.83
139   1.96  1.88
140   1.76  1.91
141   1.46  1.97
142   1.46  2.03
143   1.87  2.09
144   2.47  2.16
145   2.88  2.25
146   2.85  2.34
147   2.54  2.44
148   2.25  2.56
149   2.02  2.70
150   1.92  2.87
