#Atlas 2011-148 Oct 22, 2011
#2011148_Atlas_H-ZZ-lnulnu_2.05fb-1
#read from fig 9 using EasyNData
#columns: Mh, obs, exp (as ratio to SM cross sections)

       200.0           5.000           3.980    
       220.0           3.013           2.412    
       240.0           2.046           1.804    
       260.0           1.477           1.601    
       280.0           1.477           1.294    
       300.0           1.150           1.268    
       320.0          0.7451          0.9935    
       340.0          0.5294          0.8039    
       360.0          0.4379          0.7255    
       380.0          0.3660          0.6732    
       400.0          0.4183          0.7124    
       420.0          0.5229          0.8105    
       440.0          0.6275          0.9477    
       460.0          0.8039          0.9869    
       480.0           1.072           1.170    
       500.0           1.680           1.562    
       520.0           2.052           1.706    
       540.0           2.536           1.797    
       560.0           3.150           2.039    
       580.0           3.928           2.431    
       600.0           5.484           2.869    
