# Atlas-CONF-2011-103 21st Jul 2011
# 2011103_Atlas_VH_Vbb_1.04fb-1
# fig 11
# columns: Mh, obs, exp (as ratio to SM cross sections)

  110        10.0            13.9    
  111        10.6            14.6    
  112        11.1            15.2    
  113        11.7            16.1    
  114        12.1            16.8    
  115        12.6            17.5    
  116        12.8            18.2    
  117        13.2            18.6    
  118        13.3            19.2    
  119        13.5            19.6    
  120        13.8            20.4    
  121        14.0            20.8    
  122        14.0            21.3    
  123        14.0            21.4    
  124        14.2            21.7    
  125        15.1            23.1    
  126        16.1            24.9    
  127        17.2            26.5    
  128        18.4            28.4    
  129        19.9            30.3    
  130        20.9            32.2    
