#ATLAS-CONF-2011-132, Aug 21, 2011
#2011132_Atlas_conserv_h-tautau_1.06fb-1
#numbers read in from Fig. 8d (taking which ever limits is higher)
#columns: Mh, obs, exp (pb)

          90.00   130.0000       55.10000    
         100.00   43.80000       43.50000    
         110.00   38.00000       28.10000    
         120.00   13.60000       16.00000    
         130.00   10.10000       11.10000    
         140.00   7.100000       6.500000    
         150.00   7.270000       4.270000    
         160.00   5.510000       3.490000    
         170.00   3.750000       2.710000    
         180.00   3.336667       2.546667    
         190.00   2.923333       2.383333    
         200.00   2.510000       2.220000    
         210.00   2.230000       2.086000    
         220.00   1.950000       1.952000    
         230.00   1.670000       1.818000    
         240.00   1.390000       1.684000    
         250.00   1.110000       1.550000    
         260.00   1.042200       1.450000    
         270.00  0.9744000       1.350000    
         280.00  0.9066000       1.250000    
         290.00  0.8388000       1.150000    
         300.00  0.7710000       1.050000    
         310.00  0.7358000       1.009600    
         320.00  0.7006000      0.9692000    
         330.00  0.6654000      0.9288000    
         340.00  0.6302000      0.8884000    
         350.00  0.5950000      0.8480000    
         360.00  0.5804000      0.8256000    
         370.00  0.5658000      0.8032000    
         380.00  0.5512000      0.7808000    
         390.00  0.5366000      0.7584000    
         400.00  0.5220000      0.7360000    
         410.00  0.5208000      0.7308000    
         420.00  0.5196000      0.7256000    
         430.00  0.5184000      0.7204000    
         440.00  0.5172000      0.7152000    
         450.00  0.5160000      0.7100000    
         460.00  0.5136000      0.7092000    
         470.00  0.5112000      0.7084000    
         480.00  0.5088000      0.7076000    
         490.00  0.5064000      0.7068000    
         500.00  0.5040000      0.7060000    
         510.00  0.5011000      0.7012000    
         520.00  0.4982000      0.6964000    
         530.00  0.4953000      0.6916000    
         540.00  0.4924000      0.6868000    
         550.00  0.4895000      0.6820000    
         560.00  0.4866000      0.6772000    
         570.00  0.4837000      0.6724000    
         580.00  0.4808000      0.6676000    
         590.00  0.4779000      0.6628000    
         600.00  0.4750000      0.6580000    
