#ATLAS-CONF-2011-157, CMS-PAS-HIG-11-023, Nov 14, 2011
#2011157_Atlas_CMS_SMcombined_2.7fb-1
#read in from Fig. 3
#columns: Mh, obs, exp (as ratio to SM values)

       110.0           1.645           1.739    
       111.0           2.138           1.698    
       112.0           2.606           1.657    
       113.0           2.606           1.617    
       114.0           2.430           1.645    
       115.0           2.319           1.578    
       116.0           2.188           1.512    
       117.0           2.402           1.307    
       118.0           2.714           1.270    
       119.0           2.762           1.233    
       120.0           2.214           1.170    
       121.0           1.774           1.137    
       122.0           1.447           1.104    
       123.0           1.414           1.026    
       124.0           1.422          0.9490    
       125.0           1.579          0.8373    
       126.0           1.655          0.8088    
       127.0           1.617          0.7803    
       128.0           1.570          0.7518    
       129.0           1.439          0.6829    
       130.0           1.319          0.6672    
       131.0           1.296          0.5802    
       132.0           1.201          0.5656    
       133.0           1.167          0.5510    
       134.0           1.114          0.5364    
       135.0           1.039          0.4733    
       136.0          0.9971          0.4575    
       137.0           1.015          0.4418    
       138.0           1.069          0.4261    
       139.0           1.054          0.4103    
       140.0           1.039          0.4039    
       141.0          0.9573          0.3974    
       142.0          0.9298          0.3849    
       143.0          0.9298          0.3724    
       144.0          0.9298          0.3598    
       145.0          0.8521          0.3473    
       146.0          0.7808          0.3348    
       147.0          0.7808          0.3223    
       148.0          0.7540          0.3195    
       149.0          0.7197          0.3168    
       150.0          0.6950          0.3141    
       151.0          0.6910          0.3113    
       152.0          0.6869          0.3086    
       153.0          0.6353          0.3059    
       154.0          0.5836          0.3032    
       155.0          0.5099          0.2582    
       156.0          0.4362          0.2132    
       157.0          0.4506          0.2131    
       158.0          0.4651          0.2131    
       159.0          0.4532          0.2130    
       160.0          0.4413          0.2129    
       161.0          0.4350          0.2129    
       162.0          0.4287          0.2128    
       163.0          0.4324          0.2128    
       164.0          0.4362          0.2127    
       165.0          0.4078          0.2127    
       166.0          0.3793          0.2126    
       167.0          0.4003          0.2126    
       168.0          0.4212          0.2125    
       169.0          0.4571          0.2264    
       170.0          0.4929          0.2402    
       171.0          0.4646          0.2416    
       172.0          0.4362          0.2430    
       173.0          0.4263          0.2444    
       174.0          0.4164          0.2458    
       175.0          0.3665          0.2652    
       176.0          0.3167          0.2846    
       177.0          0.3139          0.3040    
       178.0          0.3112          0.3061    
       179.0          0.3167          0.3083    
       180.0          0.3223          0.3104    
       181.0          0.3158          0.3125    
       182.0          0.3094          0.3146    
       183.0          0.3058          0.3167    
       184.0          0.3023          0.3376    
       185.0          0.3441          0.3584    
       186.0          0.3860          0.3793    
       187.0          0.4012          0.3811    
       188.0          0.4164          0.3829    
       189.0          0.4238          0.3846    
       190.0          0.4312          0.3864    
       191.0          0.4388          0.3881    
       192.0          0.4465          0.3899    
       193.0          0.4845          0.3917    
       194.0          0.5225          0.4009    
       195.0          0.5334          0.4102    
       196.0          0.5442          0.4194    
       197.0          0.5622          0.4287    
       198.0          0.5802          0.4308    
       199.0          0.5769          0.4328    
       200.0          0.5735          0.4349    
       201.0          0.5803          0.4432    
       202.0          0.5870          0.4514    
       203.0          0.5656          0.4597    
       204.0          0.5442          0.4641    
       205.0          0.5349          0.4684    
       206.0          0.5255          0.4728    
       207.0          0.5195          0.4772    
       208.0          0.5134          0.4816    
       209.0          0.4893          0.4948    
       210.0          0.4651          0.5079    
       211.0          0.4678          0.5211    
       212.0          0.4705          0.5342    
       213.0          0.4664          0.5474    
       214.0          0.4624          0.5490    
       215.0          0.4820          0.5506    
       216.0          0.5016          0.5522    
       217.0          0.5105          0.5538    
       218.0          0.5195          0.5555    
       219.0          0.5726          0.5571    
       220.0          0.6258          0.5587    
       221.0          0.6749          0.5599    
       222.0          0.7239          0.5610    
       223.0          0.6860          0.5622    
       224.0          0.6481          0.5634    
       225.0          0.5763          0.5646    
       226.0          0.5046          0.5658    
       227.0          0.5024          0.5670    
       228.0          0.5002          0.5682    
       229.0          0.5246          0.5694    
       230.0          0.5490          0.5705    
       231.0          0.5829          0.5717    
       232.0          0.6168          0.5729    
       233.0          0.6703          0.5741    
       234.0          0.7239          0.5753    
       235.0          0.7434          0.5765    
       236.0          0.7628          0.5777    
       237.0          0.8087          0.5789    
       238.0          0.8545          0.5800    
       239.0          0.8646          0.5812    
       240.0          0.8747          0.5824    
       241.0          0.9077          0.5836    
       242.0          0.9407          0.5836    
       243.0          0.9353          0.5835    
       244.0          0.9298          0.5834    
       245.0          0.9048          0.5834    
       246.0          0.8798          0.5833    
       247.0          0.8395          0.5833    
       248.0          0.7992          0.5832    
       249.0          0.7451          0.5832    
       250.0          0.6909          0.5831    
       251.0          0.6752          0.5831    
       252.0          0.6595          0.5830    
       253.0          0.6355          0.5829    
       254.0          0.6114          0.5829    
       255.0          0.5908          0.5828    
       256.0          0.5702          0.5828    
       257.0          0.6072          0.5827    
       258.0          0.6443          0.5827    
       259.0          0.6252          0.5826    
       260.0          0.6061          0.5826    
       261.0          0.6106          0.5825    
       262.0          0.6151          0.5825    
       263.0          0.6195          0.5824    
       264.0          0.6240          0.5823    
       265.0          0.6379          0.5823    
       266.0          0.6519          0.5822    
       267.0          0.6505          0.5822    
       268.0          0.6490          0.5821    
       269.0          0.6476          0.5821    
       270.0          0.6462          0.5820    
       271.0          0.6340          0.5820    
       272.0          0.6218          0.5819    
       273.0          0.6096          0.5801    
       274.0          0.5974          0.5783    
       275.0          0.6227          0.5765    
       276.0          0.6481          0.5746    
       277.0          0.6100          0.5728    
       278.0          0.5718          0.5710    
       279.0          0.6016          0.5692    
       280.0          0.6313          0.5674    
       281.0          0.6318          0.5656    
       282.0          0.6322          0.5637    
       283.0          0.6327          0.5619    
       284.0          0.6332          0.5617    
       285.0          0.6454          0.5614    
       286.0          0.6576          0.5612    
       287.0          0.6614          0.5609    
       288.0          0.6653          0.5606    
       289.0          0.6988          0.5604    
       290.0          0.7324          0.5601    
       291.0          0.7319          0.5599    
       292.0          0.7315          0.5596    
       293.0          0.7311          0.5593    
       294.0          0.7307          0.5591    
       295.0          0.7302          0.5588    
       296.0          0.6921          0.5585    
       297.0          0.6539          0.5583    
       298.0          0.6158          0.5580    
       299.0          0.5776          0.5578    
       300.0          0.5395          0.5575    
       301.0          0.5346          0.5572    
       302.0          0.5297          0.5570    
       303.0          0.5248          0.5567    
       304.0          0.5199          0.5565    
       305.0          0.5149          0.5562    
       306.0          0.5028          0.5559    
       307.0          0.4907          0.5557    
       308.0          0.4786          0.5554    
       309.0          0.4665          0.5541    
       310.0          0.4544          0.5528    
       311.0          0.4465          0.5515    
       312.0          0.4387          0.5502    
       313.0          0.4308          0.5489    
       314.0          0.4230          0.5476    
       315.0          0.4151          0.5463    
       316.0          0.4111          0.5450    
       317.0          0.4071          0.5437    
       318.0          0.4031          0.5424    
       319.0          0.3991          0.5411    
       320.0          0.3951          0.5306    
       321.0          0.3870          0.5201    
       322.0          0.3790          0.5096    
       323.0          0.3709          0.4991    
       324.0          0.3628          0.4887    
       325.0          0.3548          0.4913    
       326.0          0.3496          0.4940    
       327.0          0.3444          0.4966    
       328.0          0.3392          0.4993    
       329.0          0.3341          0.5019    
       330.0          0.3289          0.5046    
       331.0          0.3257          0.4973    
       332.0          0.3226          0.4900    
       333.0          0.3194          0.4828    
       334.0          0.3162          0.4755    
       335.0          0.3130          0.4683    
       336.0          0.3061          0.4610    
       337.0          0.2993          0.4600    
       338.0          0.2924          0.4590    
       339.0          0.2855          0.4581    
       340.0          0.2786          0.4571    
       341.0          0.2767          0.4561    
       342.0          0.2748          0.4551    
       343.0          0.2729          0.4541    
       344.0          0.2710          0.4531    
       345.0          0.2691          0.4522    
       346.0          0.2646          0.4512    
       347.0          0.2601          0.4502    
       348.0          0.2556          0.4492    
       349.0          0.2511          0.4482    
       350.0          0.2466          0.4472    
       351.0          0.2493          0.4462    
       352.0          0.2520          0.4453    
       353.0          0.2547          0.4443    
       354.0          0.2574          0.4433    
       355.0          0.2602          0.4423    
       356.0          0.2629          0.4413    
       357.0          0.2656          0.4413    
       358.0          0.2683          0.4412    
       359.0          0.2711          0.4411    
       360.0          0.2738          0.4411    
       361.0          0.2753          0.4410    
       362.0          0.2769          0.4410    
       363.0          0.2785          0.4409    
       364.0          0.2800          0.4409    
       365.0          0.2816          0.4408    
       366.0          0.2831          0.4407    
       367.0          0.2847          0.4407    
       368.0          0.2862          0.4406    
       369.0          0.2878          0.4406    
       370.0          0.2894          0.4405    
       371.0          0.2861          0.4404    
       372.0          0.2829          0.4404    
       373.0          0.2796          0.4403    
       374.0          0.2763          0.4403    
       375.0          0.2731          0.4402    
       376.0          0.2698          0.4402    
       377.0          0.2666          0.4401    
       378.0          0.2633          0.4400    
       379.0          0.2601          0.4400    
       380.0          0.2568          0.4399    
       381.0          0.2603          0.4399    
       382.0          0.2638          0.4398    
       383.0          0.2673          0.4397    
       384.0          0.2708          0.4397    
       385.0          0.2744          0.4396    
       386.0          0.2779          0.4396    
       387.0          0.2814          0.4395    
       388.0          0.2849          0.4395    
       389.0          0.2884          0.4394    
       390.0          0.2919          0.4393    
       391.0          0.2952          0.4393    
       392.0          0.2985          0.4392    
       393.0          0.3019          0.4392    
       394.0          0.3052          0.4391    
       395.0          0.3085          0.4390    
       396.0          0.3118          0.4390    
       397.0          0.3151          0.4389    
       398.0          0.3185          0.4389    
       399.0          0.3218          0.4388    
       400.0          0.3251          0.4388    
       401.0          0.3322          0.4431    
       402.0          0.3392          0.4475    
       403.0          0.3463          0.4518    
       404.0          0.3534          0.4562    
       405.0          0.3604          0.4605    
       406.0          0.3675          0.4649    
       407.0          0.3746          0.4692    
       408.0          0.3816          0.4736    
       409.0          0.3887          0.4779    
       410.0          0.3958          0.4823    
       411.0          0.4028          0.4866    
       412.0          0.4099          0.4910    
       413.0          0.4170          0.4953    
       414.0          0.4240          0.4997    
       415.0          0.4311          0.5040    
       416.0          0.4382          0.5084    
       417.0          0.4452          0.5127    
       418.0          0.4523          0.5171    
       419.0          0.4594          0.5214    
       420.0          0.4664          0.5258    
       421.0          0.4732          0.5302    
       422.0          0.4800          0.5333    
       423.0          0.4868          0.5365    
       424.0          0.4937          0.5397    
       425.0          0.5005          0.5428    
       426.0          0.5073          0.5460    
       427.0          0.5141          0.5492    
       428.0          0.5209          0.5524    
       429.0          0.5277          0.5555    
       430.0          0.5345          0.5587    
       431.0          0.5413          0.5619    
       432.0          0.5481          0.5651    
       433.0          0.5549          0.5682    
       434.0          0.5617          0.5714    
       435.0          0.5686          0.5746    
       436.0          0.5754          0.5778    
       437.0          0.5822          0.5809    
       438.0          0.5890          0.5841    
       439.0          0.5958          0.5873    
       440.0          0.6026          0.5905    
       441.0          0.6140          0.5936    
       442.0          0.6253          0.5968    
       443.0          0.6367          0.6000    
       444.0          0.6481          0.6032    
       445.0          0.6595          0.6063    
       446.0          0.6708          0.6095    
       447.0          0.6822          0.6127    
       448.0          0.6936          0.6159    
       449.0          0.7049          0.6190    
       450.0          0.7163          0.6222    
       451.0          0.7277          0.6271    
       452.0          0.7391          0.6319    
       453.0          0.7504          0.6368    
       454.0          0.7618          0.6416    
       455.0          0.7732          0.6465    
       456.0          0.7845          0.6514    
       457.0          0.7959          0.6562    
       458.0          0.8073          0.6611    
       459.0          0.8187          0.6659    
       460.0          0.8300          0.6708    
       461.0          0.8403          0.6757    
       462.0          0.8506          0.6805    
       463.0          0.8609          0.6854    
       464.0          0.8711          0.6902    
       465.0          0.8814          0.6951    
       466.0          0.8917          0.7000    
       467.0          0.9020          0.7048    
       468.0          0.9122          0.7097    
       469.0          0.9225          0.7145    
       470.0          0.9328          0.7194    
       471.0          0.9431          0.7243    
       472.0          0.9533          0.7291    
       473.0          0.9636          0.7340    
       474.0          0.9739          0.7388    
       475.0          0.9842          0.7437    
       476.0          0.9944          0.7486    
       477.0           1.005          0.7534    
       478.0           1.015          0.7583    
       479.0           1.025          0.7631    
       480.0           1.036          0.7680    
       481.0           1.046          0.7729    
       482.0           1.056          0.7777    
       483.0           1.066          0.7826    
       484.0           1.077          0.7874    
       485.0           1.087          0.7923    
       486.0           1.097          0.7972    
       487.0           1.107          0.8020    
       488.0           1.117          0.8069    
       489.0           1.128          0.8117    
       490.0           1.138          0.8166    
       491.0           1.148          0.8215    
       492.0           1.158          0.8263    
       493.0           1.169          0.8312    
       494.0           1.179          0.8360    
       495.0           1.189          0.8409    
       496.0           1.199          0.8458    
       497.0           1.210          0.8506    
       498.0           1.220          0.8555    
       499.0           1.230          0.8603    
       500.0           1.240          0.8652    
       501.0           1.255          0.8701    
       502.0           1.270          0.8749    
       503.0           1.284          0.8798    
       504.0           1.299          0.8875    
       505.0           1.314          0.8952    
       506.0           1.328          0.9029    
       507.0           1.343          0.9105    
       508.0           1.358          0.9182    
       509.0           1.373          0.9259    
       510.0           1.387          0.9336    
       511.0           1.402          0.9413    
       512.0           1.417          0.9490    
       513.0           1.431          0.9567    
       514.0           1.446          0.9644    
       515.0           1.461          0.9721    
       516.0           1.475          0.9798    
       517.0           1.490          0.9874    
       518.0           1.505          0.9951    
       519.0           1.519           1.003    
       520.0           1.534           1.011    
       521.0           1.548           1.018    
       522.0           1.563           1.026    
       523.0           1.577           1.034    
       524.0           1.592           1.041    
       525.0           1.606           1.049    
       526.0           1.620           1.057    
       527.0           1.635           1.064    
       528.0           1.649           1.072    
       529.0           1.663           1.080    
       530.0           1.678           1.087    
       531.0           1.692           1.095    
       532.0           1.707           1.103    
       533.0           1.721           1.110    
       534.0           1.735           1.114    
       535.0           1.750           1.117    
       536.0           1.764           1.121    
       537.0           1.778           1.124    
       538.0           1.793           1.128    
       539.0           1.807           1.131    
       540.0           1.822           1.135    
       541.0           1.844           1.138    
       542.0           1.867           1.142    
       543.0           1.889           1.145    
       544.0           1.912           1.149    
       545.0           1.934           1.152    
       546.0           1.957           1.156    
       547.0           1.979           1.159    
       548.0           2.002           1.163    
       549.0           2.024           1.166    
       550.0           2.047           1.170    
       551.0           2.070           1.173    
       552.0           2.092           1.177    
       553.0           2.115           1.180    
       554.0           2.137           1.184    
       555.0           2.160           1.187    
       556.0           2.182           1.191    
       557.0           2.205           1.194    
       558.0           2.227           1.198    
       559.0           2.250           1.201    
       560.0           2.273           1.205    
       561.0           2.299           1.228    
       562.0           2.326           1.252    
       563.0           2.352           1.275    
       564.0           2.379           1.299    
       565.0           2.405           1.322    
       566.0           2.432           1.346    
       567.0           2.458           1.369    
       568.0           2.484           1.392    
       569.0           2.511           1.416    
       570.0           2.537           1.439    
       571.0           2.564           1.463    
       572.0           2.590           1.486    
       573.0           2.617           1.510    
       574.0           2.643           1.533    
       575.0           2.670           1.557    
       576.0           2.696           1.580    
       577.0           2.723           1.604    
       578.0           2.749           1.627    
       579.0           2.776           1.651    
       580.0           2.802           1.674    
       581.0           2.814           1.674    
       582.0           2.826           1.675    
       583.0           2.838           1.675    
       584.0           2.850           1.675    
       585.0           2.862           1.675    
       586.0           2.874           1.676    
       587.0           2.886           1.676    
       588.0           2.898           1.676    
       589.0           2.910           1.676    
       590.0           2.921           1.676    
       591.0           2.933           1.677    
       592.0           2.945           1.677    
       593.0           2.957           1.677    
       594.0           2.969           1.677    
       595.0           2.981           1.678    
       596.0           2.993           1.678    
       597.0           3.005           1.678    
       598.0           3.017           1.678    
       599.0           3.029           1.679    
       600.0           3.040           1.679    
