#ATLAS-CONF 2011-048, Mar 23, 2011
#2011048_ATLAS_H-ZZ-4l_40pb-1_interpol
#numbers read in from Fig. 4 with linear interpolation
#columns: Mh, obs, exp (CL_s+b one-sided frequentist method)

         120.00   451.0000       450.0000    
         125.00   300.0000       300.0000    
         130.00   150.0000       150.0000    
         135.00   112.0000       112.0000    
         140.00   73.90000       73.90000    
         145.00   64.60000       65.60000    
         150.00   55.30000       57.20000    
         155.00   82.70000       83.10000    
         160.00   110.0000       109.0000    
         165.00   199.7000       203.7000    
         170.00   185.0000       212.0000    
         175.00   132.4000       149.5000    
         180.00   79.90000       79.90000    
         185.00   53.60000       53.95000    
         190.00   27.30000       28.00000    
         195.00   25.65000       26.00000    
         200.00   24.00000       24.00000    
         205.00   24.30000       24.30000    
         210.00   24.60000       24.60000    
         215.00   25.30000       25.60000    
         220.00   26.00000       26.60000    
         225.00   26.82500       27.60000    
         230.00   27.65000       28.60000    
         235.00   28.47500       29.60000    
         240.00   29.30000       30.60000    
         245.00   30.12500       31.42500    
         250.00   30.95000       32.25000    
         255.00   31.77500       33.07500    
         260.00   32.60000       33.90000    
         265.00   33.27500       34.57500    
         270.00   33.95000       35.25000    
         275.00   34.62500       35.92500    
         280.00   35.30000       36.60000    
         285.00   36.62500       37.77500    
         290.00   37.95000       38.95000    
         295.00   39.27500       40.12500    
         300.00   40.60000       41.30000    
         305.00   40.92500       41.80000    
         310.00   41.25000       42.30000    
         315.00   41.57500       42.80000    
         320.00   41.90000       43.30000    
         325.00   42.25000       43.45000    
         330.00   42.60000       43.60000    
         335.00   42.95000       43.75000    
         340.00   43.30000       43.90000    
         345.00   43.30000       43.75000    
         350.00   43.30000       43.60000    
         355.00   43.30000       43.45000    
         360.00   43.30000       43.30000    
         365.00   43.62500       44.12500    
         370.00   43.95000       44.95000    
         375.00   44.27500       45.77500    
         380.00   44.60000       46.60000    
         385.00   43.92500       46.60000    
         390.00   43.25000       46.60000    
         395.00   42.57500       46.60000    
         400.00   41.90000       46.60000    
         405.00   44.25000       48.60000    
         410.00   46.60000       50.60000    
         415.00   48.95000       52.60000    
         420.00   51.30000       54.60000    
         425.00   53.27500       57.60000    
         430.00   55.25000       60.60000    
         435.00   57.22500       63.60000    
         440.00   59.20000       66.60000    
         445.00   61.55000       68.75000    
         450.00   63.90000       70.90000    
         455.00   66.25000       73.05000    
         460.00   68.60000       75.20000    
         465.00   76.70000       81.90000    
         470.00   84.80000       88.60000    
         475.00   92.90000       95.30000    
         480.00   101.0000       102.0000    
         485.00   104.5000       105.7500    
         490.00   108.0000       109.5000    
         495.00   111.5000       113.2500    
         500.00   115.0000       117.0000    
         505.00   119.7500       122.7500    
         510.00   124.5000       128.5000    
         515.00   129.2500       134.2500    
         520.00   134.0000       140.0000    
         525.00   143.0000       148.5000    
         530.00   152.0000       157.0000    
         535.00   161.0000       165.5000    
         540.00   170.0000       174.0000    
         545.00   167.7500       176.0000    
         550.00   165.5000       178.0000    
         555.00   163.2500       180.0000    
         560.00   161.0000       182.0000    
         565.00   166.2500       189.5000    
         570.00   171.5000       197.0000    
         575.00   176.7500       204.5000    
         580.00   182.0000       212.0000    
         585.00   191.0000       223.0000    
         590.00   200.0000       234.0000    
         595.00   209.0000       245.0000    
         600.00   218.0000       256.0000    
