#ATLAS-CONF-2012-091, July 2012
#2012091_Atlas_H-gaga_10.8fb-1
#
#Columns: Mh obs exp (ratio wrt SM)

110.000 1.269 0.984
110.500 1.279 0.974
111.000 1.186 0.964
111.500 1.055 0.954
112.000 0.896 0.944
112.500 0.769 0.934
113.000 0.690 0.927
113.500 0.648 0.919
114.000 0.645 0.912
114.500 0.668 0.904
115.000 0.692 0.897
115.500 0.718 0.891
116.000 0.727 0.885
116.500 0.712 0.879
117.000 0.675 0.875
117.500 0.618 0.871
118.000 0.548 0.868
118.500 0.479 0.865
119.000 0.428 0.861
119.500 0.411 0.857
120.000 0.406 0.853
120.500 0.434 0.849
121.000 0.485 0.847
121.500 0.561 0.845
122.000 0.690 0.842
122.500 0.847 0.840
123.000 1.024 0.841
123.500 1.334 0.842
124.000 1.746 0.843
124.500 2.132 0.844
125.000 2.465 0.845
125.500 2.653 0.846
126.000 2.781 0.847
126.500 2.855 0.848
127.000 2.895 0.849
127.500 2.872 0.851
128.000 2.801 0.854
128.500 2.630 0.857
129.000 2.398 0.859
129.500 2.083 0.862
130.000 1.769 0.866
130.500 1.485 0.871
131.000 1.255 0.876
131.500 1.084 0.881
132.000 0.952 0.885
132.500 0.865 0.890
133.000 0.792 0.895
133.500 0.756 0.899
134.000 0.752 0.904
134.500 0.771 0.913
135.000 0.802 0.922
135.500 0.837 0.931
136.000 0.866 0.940
136.500 0.879 0.948
137.000 0.865 0.953
137.500 0.836 0.957
138.000 0.804 0.962
138.500 0.772 0.967
139.000 0.749 0.973
139.500 0.732 0.988
140.000 0.728 1.003
140.500 0.723 1.018
141.000 0.746 1.033
141.500 0.768 1.048
142.000 0.806 1.063
142.500 0.845 1.079
143.000 0.887 1.097
143.500 0.981 1.118
144.000 1.080 1.140
144.500 1.206 1.161
145.000 1.325 1.187
145.500 1.443 1.219
146.000 1.557 1.250
146.500 1.612 1.286
147.000 1.666 1.324
147.500 1.686 1.364
148.000 1.706 1.404
148.500 1.726 1.450
149.000 1.745 1.503
149.500 1.785 1.556
150.000 1.824 1.610
