#ATLAS-CONF-2012-168, Dec 2012
#2012168_Atlas_H-gaga_17.8fb-1
#
#Columns: Mh obs exp (ratio wrt SM)

110.000 0.766 0.736
110.500 0.707 0.727
111.000 0.643 0.717
111.500 0.569 0.707
112.000 0.502 0.699
112.500 0.445 0.693
113.000 0.412 0.688
113.500 0.391 0.682
114.000 0.379 0.677
114.500 0.375 0.671
115.000 0.377 0.666
115.500 0.385 0.660
116.000 0.391 0.654
116.500 0.395 0.649
117.000 0.391 0.645
117.500 0.364 0.640
118.000 0.336 0.636
118.500 0.308 0.634
119.000 0.281 0.631
119.500 0.270 0.629
120.000 0.276 0.627
120.500 0.294 0.625
121.000 0.333 0.623
121.500 0.402 0.624
122.000 0.526 0.626
122.500 0.695 0.627
123.000 0.938 0.626
123.500 1.301 0.625
124.000 1.703 0.623
124.500 2.057 0.623
125.000 2.311 0.623
125.500 2.487 0.623
126.000 2.580 0.625
126.500 2.575 0.626
127.000 2.497 0.627
127.500 2.300 0.626
128.000 2.043 0.625
128.500 1.709 0.624
129.000 1.330 0.623
129.500 0.923 0.627
130.000 0.669 0.630
130.500 0.522 0.634
131.000 0.451 0.637
131.500 0.422 0.642
132.000 0.420 0.647
132.500 0.422 0.652
133.000 0.437 0.656
133.500 0.453 0.660
134.000 0.472 0.663
134.500 0.491 0.666
135.000 0.515 0.670
135.500 0.538 0.673
136.000 0.563 0.678
136.500 0.589 0.683
137.000 0.615 0.688
137.500 0.641 0.692
138.000 0.669 0.698
138.500 0.697 0.705
139.000 0.723 0.712
139.500 0.744 0.719
140.000 0.753 0.726
140.500 0.761 0.735
141.000 0.758 0.745
141.500 0.742 0.757
142.000 0.726 0.771
142.500 0.714 0.785
143.000 0.734 0.799
143.500 0.777 0.813
144.000 0.834 0.827
144.500 0.943 0.842
145.000 1.073 0.856
145.500 1.206 0.879
146.000 1.326 0.903
146.500 1.382 0.928
147.000 1.382 0.954
147.500 1.331 0.981
148.000 1.244 1.010
148.500 1.156 1.042
149.000 1.079 1.073
149.500 1.044 1.104
150.000 1.036 1.152
