#ATLAS-CONF-2012-094, July 9, 2012
#2012094_Atlas_H-tautau_4.7fb-1
#numbers read in from Fig. 7 (bb->Phi)
#columns: Mh, obs, exp (sigma*BR [pb] - not normalized to SM!)

90.000 32.758 27.048
100.000 21.803 19.865
110.000 11.032 12.844
120.000 7.254 8.398
130.000 6.425 6.370
140.000 4.507 3.741
150.000 3.404 3.035
160.000 2.440 2.359
170.000 1.483 1.849
180.000 1.310 1.575
190.000 1.138 1.417
200.000 0.965 1.272
210.000 0.906 1.136
220.000 0.847 1.003
230.000 0.788 0.928
240.000 0.729 0.853
250.000 0.669 0.789
260.000 0.631 0.728
270.000 0.594 0.671
280.000 0.556 0.631
290.000 0.518 0.591
300.000 0.482 0.552
310.000 0.460 0.515
320.000 0.438 0.478
330.000 0.416 0.453
340.000 0.394 0.427
350.000 0.372 0.403
360.000 0.359 0.378
370.000 0.347 0.359
380.000 0.334 0.345
390.000 0.322 0.332
400.000 0.310 0.318
410.000 0.305 0.307
420.000 0.300 0.296
430.000 0.296 0.287
440.000 0.291 0.279
450.000 0.286 0.273
460.000 0.285 0.269
470.000 0.284 0.266
480.000 0.283 0.261
490.000 0.282 0.257
500.000 0.280 0.254
