#ATLAS-CONF-2013-013 (VBF/VH production), March 2013
#2013013-3_Atlas_H-ZZ-4l_ggF_21b-1
#
#Columns: Mh obs exp (absolute xs*BR - not ratio!)

200.000 0.929 0.752
205.000 0.714 0.740
210.000 0.602 0.727
215.000 0.699 0.766
220.000 0.669 0.778
225.000 0.624 0.741
230.000 0.673 0.741
235.000 0.696 0.735
240.000 0.757 0.711
245.000 0.808 0.701
250.000 0.925 0.695
255.000 1.129 0.707
260.000 1.203 0.714
265.000 1.147 0.699
270.000 1.014 0.688
275.000 0.885 0.682
280.000 0.764 0.676
285.000 0.745 0.670
290.000 0.809 0.665
295.000 0.847 0.660
300.000 0.853 0.655
305.000 0.791 0.649
310.000 0.692 0.644
315.000 0.587 0.639
320.000 0.548 0.634
325.000 0.513 0.630
330.000 0.529 0.626
335.000 0.579 0.623
340.000 0.632 0.619
345.000 0.690 0.615
350.000 0.735 0.611
355.000 0.783 0.608
360.000 0.884 0.623
365.000 0.953 0.637
370.000 0.969 0.652
375.000 0.987 0.654
380.000 1.010 0.656
385.000 1.033 0.634
390.000 1.001 0.610
395.000 0.913 0.586
400.000 0.805 0.569
405.000 0.718 0.561
410.000 0.673 0.554
415.000 0.652 0.547
420.000 0.631 0.540
425.000 0.610 0.532
430.000 0.591 0.526
435.000 0.572 0.520
440.000 0.553 0.514
445.000 0.523 0.508
450.000 0.486 0.508
455.000 0.451 0.508
460.000 0.420 0.508
465.000 0.398 0.507
470.000 0.379 0.501
475.000 0.364 0.495
480.000 0.351 0.487
485.000 0.342 0.479
490.000 0.333 0.471
495.000 0.324 0.463
500.000 0.316 0.454
505.000 0.314 0.450
510.000 0.311 0.448
515.000 0.309 0.445
520.000 0.307 0.443
525.000 0.308 0.440
530.000 0.309 0.438
535.000 0.309 0.435
540.000 0.310 0.433
545.000 0.311 0.432
550.000 0.312 0.431
555.000 0.313 0.429
560.000 0.314 0.428
565.000 0.316 0.426
570.000 0.314 0.425
575.000 0.311 0.423
580.000 0.307 0.420
585.000 0.303 0.416
590.000 0.301 0.413
595.000 0.301 0.409
600.000 0.301 0.405
605.000 0.301 0.402
610.000 0.301 0.400
615.000 0.302 0.397
620.000 0.302 0.395
625.000 0.303 0.392
630.000 0.303 0.390
635.000 0.304 0.388
640.000 0.303 0.385
645.000 0.303 0.382
650.000 0.303 0.378
655.000 0.301 0.374
660.000 0.299 0.369
665.000 0.297 0.364
670.000 0.294 0.357
675.000 0.292 0.351
680.000 0.290 0.344
685.000 0.287 0.337
690.000 0.285 0.330
695.000 0.283 0.324
700.000 0.282 0.319
705.000 0.282 0.314
710.000 0.282 0.309
715.000 0.283 0.306
720.000 0.286 0.304
725.000 0.289 0.302
730.000 0.292 0.300
735.000 0.295 0.299
740.000 0.298 0.298
745.000 0.302 0.298
750.000 0.305 0.298
755.000 0.309 0.297
760.000 0.313 0.297
765.000 0.314 0.296
770.000 0.314 0.295
775.000 0.314 0.295
780.000 0.314 0.294
785.000 0.315 0.293
790.000 0.315 0.293
795.000 0.314 0.292
800.000 0.314 0.291
805.000 0.313 0.290
810.000 0.313 0.288
815.000 0.312 0.287
820.000 0.312 0.286
825.000 0.310 0.284
830.000 0.307 0.283
835.000 0.304 0.281
840.000 0.301 0.279
845.000 0.299 0.277
850.000 0.296 0.276
855.000 0.293 0.274
860.000 0.289 0.272
865.000 0.286 0.270
870.000 0.283 0.269
875.000 0.279 0.267
880.000 0.276 0.265
885.000 0.276 0.263
890.000 0.276 0.260
895.000 0.274 0.257
900.000 0.271 0.254
905.000 0.268 0.252
910.000 0.265 0.249
915.000 0.262 0.246
920.000 0.259 0.243
925.000 0.256 0.241
930.000 0.253 0.238
935.000 0.249 0.235
940.000 0.245 0.232
945.000 0.242 0.229
950.000 0.238 0.227
955.000 0.235 0.224
960.000 0.231 0.219
965.000 0.227 0.215
970.000 0.224 0.211
975.000 0.220 0.208
980.000 0.217 0.206
985.000 0.213 0.205
990.000 0.209 0.203
995.000 0.206 0.201
1000.000 0.202 0.199
