#ATLAS-CONF-2013-010, March 2013
#2013010_Atlas_H-mumu_21fb-1
#
#Columns: Mh obs exp (ratio wrt SM)

110.000 5.176 10.388
111.000 3.916 9.298
112.000 3.636 8.719
113.000 3.840 8.141
114.000 4.566 7.815
115.000 5.968 7.666
116.000 7.502 7.567
117.000 8.747 7.486
118.000 9.526 7.476
119.000 9.569 7.594
120.000 9.225 7.704
121.000 8.930 7.808
122.000 8.887 7.918
123.000 9.071 8.037
124.000 9.413 8.166
125.000 9.940 8.301
126.000 10.329 8.454
127.000 10.582 8.620
128.000 10.717 8.783
129.000 10.852 8.944
130.000 10.853 9.124
131.000 10.692 9.355
132.000 10.415 9.601
133.000 10.314 9.868
134.000 10.470 10.135
135.000 11.083 10.480
136.000 12.095 10.889
137.000 13.443 11.298
138.000 14.709 11.818
139.000 15.881 12.372
140.000 16.817 12.991
141.000 17.513 13.762
142.000 17.850 14.706
143.000 17.856 15.815
144.000 17.470 16.998
145.000 16.943 18.382
146.000 16.513 20.021
147.000 16.466 22.095
148.000 17.208 24.652
149.000 18.771 27.607
150.000 22.043 31.312
