#ATLAS-CONF-2013-009, March 2013
#2013009_Atlas_H-gaZ_25fb-1
#
#Columns: Mh obs exp (ratio wrt SM)

120.000 36.830 22.074
121.000 31.990 19.102
122.000 26.123 16.841
123.000 22.978 15.478
124.000 20.725 14.393
125.000 18.053 13.563
126.000 14.706 12.846
127.000 11.694 12.205
128.000 9.530 11.570
129.000 7.557 10.932
130.000 6.042 10.290
131.000 5.527 9.682
132.000 5.536 9.099
133.000 5.682 8.644
134.000 5.763 8.198
135.000 5.814 7.881
136.000 6.101 7.641
137.000 6.958 7.499
138.000 8.429 7.443
139.000 10.347 7.414
140.000 12.357 7.446
141.000 13.268 7.570
142.000 13.200 7.822
143.000 12.618 8.081
144.000 11.840 8.266
145.000 10.922 8.381
146.000 9.188 8.479
147.000 7.863 8.520
148.000 7.222 8.618
149.000 6.454 8.728
150.000 6.118 9.235
