#arXiv:1109.3615 September 16, 2011
#3615_Atlas_H-WW-lnuqq_1.04fb-1
#data read in from Fig. 2
#columns: Mh, obs, exp (as ratio to SM cross sections)

        240.            14.7            10.1    
        260.            7.33            7.68    
        280.            8.60            6.93    
        300.            7.68            6.54    
        320.            5.77            6.25    
        340.            5.64            4.92    
        360.            2.69            4.06    
        380.            2.63            4.49    
        400.            2.79            4.44    
        420.            3.02            4.39    
        440.            5.21            4.60    
        460.            6.62            5.39    
        480.            6.85            5.64    
        500.            6.85            6.62    
        520.            9.21            7.25    
        540.            12.0            7.59    
        560.            14.4            9.64    
        580.            18.2            11.4    
        600.            17.0            13.1    
