#arxiv:1107.5003, CERN-PH-EP-2011-104, Jul 25, 2011
#5003_Atlas_bbh_h-tautau_36pb-1
#numbers read in from Fig. 3a (blue lines)
#columns: Mh, obs, exp (pb)

   90        268.            218.    
  100        155.            163.    
  110        70.3            87.5    
  120        48.2            54.5    
  130        27.6            36.5    
  140        24.4            25.3    
  150        18.5            19.9    
  160        18.2            16.6    
  170        17.8            13.8    
  180        16.6            11.8    
  190        15.2            9.82    
  200        14.0            8.38    
  210        13.3            7.52    
  220        12.2            6.90    
  230        11.8            6.34    
  240        10.8            5.68    
  250        10.3            5.16    
  260        9.47            4.79    
  270        9.02            4.51    
  280        8.49            4.19    
  290        7.80            3.85    
  300        7.34            3.67    
