#arXiv:1108.5895 Aug 30, 2011
#5895_Atlas_H-gaga_1.08fb-1
#data read in from Fig. 4b
#columns: Mh, obs, exp (as ratio to SM cross sections)

        110.            4.16            4.18    
        111.            5.24            4.09    
        112.            5.58            4.00    
        113.            5.74            3.92    
        114.            5.45            3.84    
        115.            5.16            3.75    
        116.            5.03            3.66    
        117.            5.29            3.58    
        118.            5.34            3.50    
        119.            4.45            3.42    
        120.            3.21            3.34    
        121.            2.37            3.34    
        122.            2.13            3.34    
        123.            2.03            3.34    
        124.            2.24            3.34    
        125.            2.50            3.34    
        126.            3.74            3.35    
        127.            5.18            3.35    
        128.            5.84            3.36    
        129.            5.63            3.36    
        130.            4.68            3.37    
        131.            3.92            3.41    
        132.            3.37            3.45    
        133.            3.03            3.49    
        134.            2.95            3.54    
        135.            3.03            3.58    
        136.            3.42            3.66    
        137.            4.16            3.74    
        138.            4.32            3.82    
        139.            3.89            3.89    
        140.            3.16            3.97    
        141.            3.00            4.12    
        142.            2.97            4.26    
        143.            3.50            4.40    
        144.            4.26            4.54    
        145.            4.89            4.68    
        146.            5.18            4.91    
        147.            4.68            5.14    
        148.            4.08            5.36    
        149.            3.89            5.59    
        150.            4.16            5.82    
