#CMS PAS HIG-10-002 Mar 11, 2011, 2011 arXiv:1104:1619
#10002_CMS_H-tautau_36pb-1
#interpolation
#columns: Mh, obs, exp in pb

          90.00   147.7400       153.3000    
         100.00   112.3000       127.0900    
         110.00   75.95500       94.78500    
         120.00   39.61000       62.48000    
         130.00   25.40000       45.96000    
         140.00   18.20000       32.81000    
         150.00   14.78500       26.25500    
         160.00   11.37000       19.70000    
         170.00   10.57500       16.93000    
         180.00   9.780000       14.16000    
         190.00   9.245000       12.76000    
         200.00   8.710000       11.36000    
         210.00   8.122000       10.59600    
         220.00   7.534000       9.832000    
         230.00   6.946000       9.068000    
         240.00   6.358000       8.304000    
         250.00   5.770000       7.540000    
         260.00   5.488000       7.174000    
         270.00   5.206000       6.808000    
         280.00   4.924000       6.442000    
         290.00   4.642000       6.076000    
         300.00   4.360000       5.710000    
         310.00   4.208000       5.496000    
         320.00   4.056000       5.282000    
         330.00   3.904000       5.068000    
         340.00   3.752000       4.854000    
         350.00   3.600000       4.640000    
         360.00   3.452000       4.470000    
         370.00   3.304000       4.300000    
         380.00   3.156000       4.130000    
         390.00   3.008000       3.960000    
         400.00   2.860000       3.790000    
         410.00   2.770000       3.700000    
         420.00   2.680000       3.610000    
         430.00   2.590000       3.520000    
         440.00   2.500000       3.430000    
         450.00   2.410000       3.340000    
         460.00   2.348000       3.262000    
         470.00   2.286000       3.184000    
         480.00   2.224000       3.106000    
         490.00   2.162000       3.028000    
         500.00   2.100000       2.950000    
