#CMS PAS HIG-11-004 Jul 22, 2011
#11004_CMS_H-ZZ-llll_1.13fb-1
#read from fig.5a
#columns: Mh, obs, exp (normalised to the SM)

  120        17.1            10.0    
  130        5.43            3.41    
  140        3.53            1.72    
  150        2.12            1.54    
  160        4.59            3.06    
  170        10.8            6.57    
  180        3.23            3.31    
  190       0.879            1.18    
  200        1.16            1.16    
  210        1.18            1.22    
  220        1.40            1.22    
  230        1.20            1.32    
  240        1.76            1.36    
  250        1.56            1.46    
  260        1.70            1.56    
  270        1.34            1.62    
  280        1.22            1.70    
  290        1.20            1.66    
  300        1.30            1.86    
  310        1.48            1.82    
  320        1.92            1.86    
  330        1.84            1.92    
  340        1.60            1.86    
  350        1.40            1.82    
  360        1.40            1.86    
  370        1.46            1.92    
  380        1.56            1.96    
  390        1.50            2.10    
  400        1.60            2.20    
  410        1.78            2.44    
  420        1.96            2.66    
  430        2.12            2.82    
  440        2.28            2.98    
  450        2.46            3.23    
  460        2.66            3.47    
  470        2.84            3.73    
  480        3.02            4.01    
  490        3.29            4.37    
  500        3.63            4.77    
  510        4.13            5.15    
  520        4.61            5.59    
  530        4.71            6.03    
  540        4.79            6.41    
  550        5.49            6.99    
  560        6.17            7.63    
  570        6.75            8.19    
  580        7.39            8.71    
  590        7.89            9.42    
  600        8.39            10.1    
