#CMS PAS HIG-11-005 Jul 22, 2011
#11005_CMS_H-ZZ-llnunu_1.1fb-1
#read from fig.4
#columns: Mh, obs, exp (normalised to the SM)

  250        3.67            2.96    
  260        3.42            2.60    
  270        3.07            2.41    
  280        3.38            2.21    
  290        4.12            2.02    
  300        3.17            1.97    
  310        2.23            1.89    
  320        1.67            1.78    
  330        1.38            1.69    
  340        1.45            1.62    
  350        1.27            1.71    
  360        1.27            1.73    
  370        1.13            1.64    
  380        1.25            1.69    
  390        1.26            1.71    
  400        1.38            1.75    
  410        1.44            1.84    
  420        1.49            1.94    
  430        1.56            2.07    
  440        1.63            2.18    
  450        1.68            2.32    
  460        1.70            2.47    
  470        1.79            2.57    
  480        1.87            2.64    
  490        1.95            2.81    
  500        2.03            2.96    
  510        2.26            3.19    
  520        2.49            3.45    
  530        2.85            3.67    
  540        3.15            3.87    
  550        3.49            4.17    
  560        3.89            4.45    
  570        4.04            4.74    
  580        4.20            5.05    
  590        4.31            5.46    
  600        4.39            5.81    
