#CMS PAS HIG-11-006 Jul 22, 2011
#11006_CMS_H-ZZ-llqq_1fb-1
#read from fig.6
#columns: Mh, obs, exp (normalised to the SM)

  230        4.61            4.44    
  235        4.03            4.26    
  240        3.53            4.13    
  245        3.77            4.01    
  250        4.20            3.97    
  255        4.89            3.82    
  260        5.88            3.69    
  265        6.40            3.60    
  270        5.95            3.53    
  275        3.28            3.47    
  280        2.29            3.40    
  285        2.02            3.41    
  290        2.57            3.31    
  295        3.07            3.16    
  300        3.38            3.07    
  305        3.42            3.08    
  310        3.10            2.85    
  315        2.61            2.83    
  320        1.97            2.67    
  325        1.83            2.60    
  330        1.71            2.54    
  335        1.56            2.47    
  340        1.61            2.30    
  345        1.87            2.42    
  350        2.20            2.22    
  355        2.58            2.18    
  360        2.97            2.22    
  365        3.45            2.14    
  370        3.99            2.06    
  375        4.02            2.16    
  380        4.05            2.23    
  385        3.85            2.17    
  390        3.65            2.17    
  395        3.59            2.28    
  400        3.54            2.41    
  405        3.45            2.46    
  410        3.38            2.47    
  415        3.31            2.48    
  420        3.22            2.52    
  425        3.27            2.59    
  430        3.27            2.64    
  435        3.32            2.70    
  440        3.34            2.78    
  445        3.68            2.86    
  450        3.97            2.98    
  455        4.34            3.08    
  460        4.63            3.19    
  465        5.01            3.26    
  470        5.39            3.35    
  475        5.79            3.41    
  480        6.12            3.51    
  485        6.36            3.60    
  490        6.60            3.74    
  495        6.83            3.87    
  500        7.04            3.97    
  505        7.33            4.13    
  510        7.55            4.25    
  515        7.80            4.36    
  520        8.04            4.52    
  525        8.25            4.65    
  530        8.45            4.76    
  535        8.64            4.89    
  540        8.83            5.06    
  545        8.89            5.23    
  550        8.95            5.39    
  555        9.02            5.58    
  560        9.09            5.73    
  565        9.38            5.98    
  570        9.71            6.32    
  575        9.93            6.56    
  580        10.2            6.84    
  585        10.5            7.18    
  590        10.7            7.54    
  595        10.9            7.79    
  600        11.2            8.16    
