#CMS PAS HIG-11-017 August 22, 2011
#11017_CMS_H-ZZ-llqq_1.6fb-1_interpol
#read from fig.6
#columns: Mh, obs, exp (normalised to the SM)

        225.            2.19            3.05    
        230.            2.55            2.96    
        235.            3.19            2.87    
        240.            2.99            2.77    
        245.            2.45            2.74    
        250.            1.62            2.71    
        255.            2.08            2.66    
        260.            2.89            2.61    
        265.            3.89            2.58    
        270.            3.56            2.54    
        275.            2.31            2.44    
        280.            1.66            2.35    
        285.            1.73            2.43    
        290.            2.12            2.33    
        295.            2.56            2.22    
        300.            2.65            2.19    
        305.            2.45            2.16    
        310.            2.04            2.13    
        315.            1.56            2.03    
        320.            1.27            1.93    
        325.            1.11            1.82    
        330.            1.17            1.70    
        335.            1.24            1.83    
        340.            1.26            1.69    
        345.            1.40            1.56    
        350.            1.50            1.43    
        355.            1.66            1.43    
        360.            1.82            1.44    
        365.            1.86            1.44    
        370.            1.90            1.44    
        375.            1.88            1.45    
        380.            1.85            1.48    
        385.            1.95            1.50    
        390.            2.04            1.53    
        395.            2.26            1.56    
        400.            2.48            1.59    
        405.            2.56            1.63    
        410.            2.65            1.67    
        415.            2.73            1.71    
        420.            2.82            1.75    
        425.            2.84            1.79    
        430.            2.86            1.85    
        435.            2.88            1.91    
        440.            2.90            1.97    
        445.            3.06            2.04    
        450.            3.21            2.10    
        455.            3.36            2.15    
        460.            3.52            2.21    
        465.            3.68            2.26    
        470.            3.83            2.32    
        475.            3.99            2.37    
        480.            4.15            2.48    
        485.            4.24            2.58    
        490.            4.32            2.68    
        495.            4.41            2.78    
        500.            4.49            2.88    
        505.            4.60            3.01    
        510.            4.70            3.13    
        515.            4.80            3.26    
        520.            4.91            3.38    
        525.            5.01            3.51    
        530.            5.12            3.63    
        535.            5.22            3.75    
        540.            5.32            3.87    
        545.            5.43            3.99    
        550.            5.54            4.11    
        555.            5.65            4.30    
        560.            5.76            4.49    
        565.            5.91            4.68    
        570.            6.07            4.86    
        575.            6.23            5.05    
        580.            6.38            5.32    
        585.            6.51            5.60    
        590.            6.64            5.87    
        595.            6.77            6.15    
        600.            6.90            6.42    
