#CMS PAS HIG-11-027 Dec 13, 2011
#110272_CMS_H-ZZ-llqq_4.6fb-1
#read from fig.4b (high mass region)
#columns: Mh, obs, exp (normalised to the SM)

       200.0           3.001           3.015    
       201.0           2.631           2.983    
       202.0           2.261           2.952    
       203.0           2.062           2.920    
       204.0           1.864           2.889    
       205.0           1.821           2.857    
       206.0           1.778           2.825    
       207.0           1.821           2.794    
       208.0           1.864           2.762    
       209.0           1.846           2.731    
       210.0           1.828           2.699    
       211.0           1.811           2.668    
       212.0           1.793           2.636    
       213.0           1.680           2.604    
       214.0           1.568           2.557    
       215.0           1.477           2.509    
       216.0           1.387           2.461    
       217.0           1.291           2.413    
       218.0           1.196           2.366    
       219.0           1.119           2.318    
       220.0           1.043           2.270    
       221.0           1.024           2.257    
       222.0           1.005           2.243    
       223.0          0.9857           2.230    
       224.0          0.9666           2.217    
       225.0           1.043           2.203    
       226.0           1.119           2.160    
       227.0           1.155           2.117    
       228.0           1.191           2.110    
       229.0           1.260           2.102    
       230.0           1.329           2.094    
       231.0           1.413           2.087    
       232.0           1.497           2.079    
       233.0           1.544           2.069    
       234.0           1.592           2.058    
       235.0           1.654           2.048    
       236.0           1.716           2.038    
       237.0           1.757           2.027    
       238.0           1.797           2.017    
       239.0           1.845           2.007    
       240.0           1.893           1.996    
       241.0           1.894           1.986    
       242.0           1.894           1.976    
       243.0           1.895           1.965    
       244.0           1.896           1.955    
       245.0           1.897           1.938    
       246.0           1.898           1.922    
       247.0           1.929           1.905    
       248.0           1.960           1.888    
       249.0           2.034           1.871    
       250.0           2.108           1.855    
       251.0           2.198           1.848    
       252.0           2.289           1.841    
       253.0           2.378           1.834    
       254.0           2.466           1.827    
       255.0           2.514           1.821    
       256.0           2.561           1.814    
       257.0           2.590           1.807    
       258.0           2.619           1.789    
       259.0           2.633           1.771    
       260.0           2.647           1.753    
       261.0           2.649           1.734    
       262.0           2.651           1.716    
       263.0           2.652           1.713    
       264.0           2.580           1.709    
       265.0           2.526           1.706    
       266.0           2.471           1.703    
       267.0           2.382           1.699    
       268.0           2.294           1.696    
       269.0           2.187           1.692    
       270.0           2.079           1.682    
       271.0           1.945           1.672    
       272.0           1.812           1.662    
       273.0           1.735           1.652    
       274.0           1.659           1.642    
       275.0           1.575           1.631    
       276.0           1.492           1.621    
       277.0           1.456           1.611    
       278.0           1.420           1.607    
       279.0           1.403           1.603    
       280.0           1.387           1.599    
       281.0           1.430           1.595    
       282.0           1.473           1.591    
       283.0           1.509           1.587    
       284.0           1.544           1.576    
       285.0           1.606           1.564    
       286.0           1.668           1.553    
       287.0           1.752           1.541    
       288.0           1.836           1.530    
       289.0           1.888           1.518    
       290.0           1.941           1.507    
       291.0           1.977           1.495    
       292.0           2.013           1.484    
       293.0           2.050           1.472    
       294.0           2.086           1.461    
       295.0           2.122           1.449    
       296.0           2.102           1.438    
       297.0           2.082           1.426    
       298.0           2.062           1.415    
       299.0           2.042           1.403    
       300.0           2.022           1.392    
       301.0           1.985           1.387    
       302.0           1.947           1.381    
       303.0           1.910           1.376    
       304.0           1.873           1.371    
       305.0           1.836           1.366    
       306.0           1.815           1.361    
       307.0           1.794           1.356    
       308.0           1.773           1.351    
       309.0           1.752           1.346    
       310.0           1.731           1.341    
       311.0           1.726           1.336    
       312.0           1.721           1.331    
       313.0           1.716           1.326    
       314.0           1.711           1.321    
       315.0           1.707           1.316    
       316.0           1.711           1.311    
       317.0           1.714           1.306    
       318.0           1.718           1.301    
       319.0           1.722           1.293    
       320.0           1.726           1.285    
       321.0           1.725           1.277    
       322.0           1.724           1.270    
       323.0           1.723           1.262    
       324.0           1.722           1.254    
       325.0           1.721           1.246    
       326.0           1.711           1.238    
       327.0           1.702           1.230    
       328.0           1.692           1.223    
       329.0           1.683           1.215    
       330.0           1.673           1.210    
       331.0           1.647           1.205    
       332.0           1.622           1.200    
       333.0           1.596           1.194    
       334.0           1.570           1.189    
       335.0           1.544           1.184    
       336.0           1.517           1.179    
       337.0           1.489           1.174    
       338.0           1.461           1.169    
       339.0           1.434           1.164    
       340.0           1.406           1.159    
       341.0           1.385           1.153    
       342.0           1.364           1.148    
       343.0           1.343           1.143    
       344.0           1.322           1.130    
       345.0           1.301           1.116    
       346.0           1.283           1.102    
       347.0           1.265           1.089    
       348.0           1.246           1.075    
       349.0           1.228           1.061    
       350.0           1.210           1.048    
       351.0           1.202           1.049    
       352.0           1.194           1.050    
       353.0           1.186           1.051    
       354.0           1.178           1.052    
       355.0           1.170           1.053    
       356.0           1.161           1.054    
       357.0           1.153           1.055    
       358.0           1.145           1.056    
       359.0           1.137           1.057    
       360.0           1.129           1.058    
       361.0           1.123           1.059    
       362.0           1.117           1.060    
       363.0           1.110           1.061    
       364.0           1.104           1.062    
       365.0           1.098           1.063    
       366.0           1.092           1.064    
       367.0           1.085           1.065    
       368.0           1.079           1.066    
       369.0           1.073           1.067    
       370.0           1.067           1.068    
       371.0           1.068           1.069    
       372.0           1.069           1.070    
       373.0           1.070           1.071    
       374.0           1.071           1.072    
       375.0           1.072           1.073    
       376.0           1.073           1.074    
       377.0           1.074           1.075    
       378.0           1.074           1.076    
       379.0           1.075           1.077    
       380.0           1.076           1.078    
       381.0           1.076           1.079    
       382.0           1.076           1.080    
       383.0           1.076           1.081    
       384.0           1.076           1.082    
       385.0           1.076           1.083    
       386.0           1.076           1.084    
       387.0           1.076           1.085    
       388.0           1.076           1.086    
       389.0           1.076           1.087    
       390.0           1.076           1.088    
       391.0           1.079           1.089    
       392.0           1.081           1.090    
       393.0           1.084           1.091    
       394.0           1.086           1.092    
       395.0           1.088           1.093    
       396.0           1.091           1.094    
       397.0           1.093           1.095    
       398.0           1.095           1.095    
       399.0           1.098           1.107    
       400.0           1.100           1.119    
       401.0           1.114           1.131    
       402.0           1.128           1.143    
       403.0           1.142           1.155    
       404.0           1.156           1.166    
       405.0           1.170           1.178    
       406.0           1.183           1.190    
       407.0           1.197           1.202    
       408.0           1.211           1.214    
       409.0           1.225           1.226    
       410.0           1.239           1.237    
       411.0           1.253           1.249    
       412.0           1.266           1.261    
       413.0           1.280           1.273    
       414.0           1.294           1.285    
       415.0           1.308           1.296    
       416.0           1.322           1.308    
       417.0           1.336           1.320    
       418.0           1.350           1.332    
       419.0           1.363           1.344    
       420.0           1.377           1.350    
       421.0           1.395           1.356    
       422.0           1.412           1.362    
       423.0           1.430           1.368    
       424.0           1.447           1.374    
       425.0           1.464           1.381    
       426.0           1.482           1.387    
       427.0           1.499           1.393    
       428.0           1.517           1.399    
       429.0           1.534           1.405    
       430.0           1.552           1.411    
       431.0           1.569           1.417    
       432.0           1.586           1.424    
       433.0           1.604           1.430    
       434.0           1.621           1.436    
       435.0           1.639           1.442    
       436.0           1.656           1.448    
       437.0           1.673           1.454    
       438.0           1.691           1.460    
       439.0           1.708           1.467    
       440.0           1.726           1.473    
       441.0           1.750           1.485    
       442.0           1.774           1.497    
       443.0           1.799           1.509    
       444.0           1.823           1.520    
       445.0           1.848           1.532    
       446.0           1.872           1.544    
       447.0           1.896           1.556    
       448.0           1.921           1.568    
       449.0           1.945           1.580    
       450.0           1.969           1.592    
       451.0           1.994           1.604    
       452.0           2.018           1.616    
       453.0           2.042           1.628    
       454.0           2.067           1.640    
       455.0           2.091           1.652    
       456.0           2.115           1.664    
       457.0           2.140           1.676    
       458.0           2.164           1.688    
       459.0           2.188           1.700    
       460.0           2.213           1.711    
       461.0           2.229           1.723    
       462.0           2.244           1.735    
       463.0           2.260           1.747    
       464.0           2.276           1.759    
       465.0           2.292           1.771    
       466.0           2.307           1.783    
       467.0           2.323           1.795    
       468.0           2.339           1.807    
       469.0           2.355           1.819    
       470.0           2.370           1.831    
       471.0           2.386           1.843    
       472.0           2.402           1.855    
       473.0           2.418           1.867    
       474.0           2.433           1.879    
       475.0           2.449           1.891    
       476.0           2.465           1.902    
       477.0           2.481           1.914    
       478.0           2.496           1.926    
       479.0           2.512           1.938    
       480.0           2.528           1.950    
       481.0           2.537           1.969    
       482.0           2.547           1.988    
       483.0           2.556           2.008    
       484.0           2.565           2.027    
       485.0           2.575           2.046    
       486.0           2.584           2.065    
       487.0           2.593           2.084    
       488.0           2.602           2.103    
       489.0           2.612           2.122    
       490.0           2.621           2.141    
       491.0           2.630           2.160    
       492.0           2.640           2.179    
       493.0           2.649           2.198    
       494.0           2.658           2.218    
       495.0           2.668           2.237    
       496.0           2.677           2.256    
       497.0           2.686           2.275    
       498.0           2.696           2.294    
       499.0           2.705           2.313    
       500.0           2.714           2.332    
       501.0           2.718           2.351    
       502.0           2.722           2.370    
       503.0           2.726           2.389    
       504.0           2.729           2.409    
       505.0           2.733           2.428    
       506.0           2.737           2.447    
       507.0           2.741           2.466    
       508.0           2.745           2.485    
       509.0           2.749           2.504    
       510.0           2.752           2.523    
       511.0           2.756           2.542    
       512.0           2.760           2.561    
       513.0           2.764           2.580    
       514.0           2.768           2.600    
       515.0           2.771           2.620    
       516.0           2.775           2.641    
       517.0           2.779           2.662    
       518.0           2.783           2.683    
       519.0           2.787           2.704    
       520.0           2.791           2.725    
       521.0           2.804           2.746    
       522.0           2.817           2.767    
       523.0           2.831           2.788    
       524.0           2.844           2.808    
       525.0           2.857           2.829    
       526.0           2.871           2.850    
       527.0           2.884           2.871    
       528.0           2.898           2.892    
       529.0           2.911           2.913    
       530.0           2.924           2.934    
       531.0           2.938           2.955    
       532.0           2.951           2.976    
       533.0           2.964           2.997    
       534.0           2.978           3.017    
       535.0           2.991           3.038    
       536.0           3.005           3.059    
       537.0           3.018           3.080    
       538.0           3.031           3.101    
       539.0           3.045           3.127    
       540.0           3.058           3.152    
       541.0           3.080           3.178    
       542.0           3.103           3.204    
       543.0           3.125           3.229    
       544.0           3.148           3.255    
       545.0           3.170           3.281    
       546.0           3.193           3.307    
       547.0           3.215           3.332    
       548.0           3.238           3.358    
       549.0           3.260           3.384    
       550.0           3.282           3.409    
       551.0           3.305           3.435    
       552.0           3.327           3.461    
       553.0           3.350           3.486    
       554.0           3.372           3.512    
       555.0           3.395           3.538    
       556.0           3.417           3.563    
       557.0           3.439           3.589    
       558.0           3.462           3.615    
       559.0           3.484           3.641    
       560.0           3.507           3.676    
       561.0           3.531           3.712    
       562.0           3.555           3.748    
       563.0           3.579           3.784    
       564.0           3.603           3.820    
       565.0           3.627           3.856    
       566.0           3.652           3.892    
       567.0           3.676           3.928    
       568.0           3.700           3.964    
       569.0           3.724           4.000    
       570.0           3.748           4.036    
       571.0           3.772           4.072    
       572.0           3.796           4.108    
       573.0           3.820           4.143    
       574.0           3.844           4.179    
       575.0           3.869           4.215    
       576.0           3.893           4.251    
       577.0           3.917           4.287    
       578.0           3.941           4.323    
       579.0           3.965           4.359    
       580.0           3.989           4.395    
       581.0           4.009           4.440    
       582.0           4.028           4.486    
       583.0           4.048           4.531    
       584.0           4.067           4.576    
       585.0           4.087           4.622    
       586.0           4.107           4.667    
       587.0           4.126           4.712    
       588.0           4.146           4.758    
       589.0           4.165           4.803    
       590.0           4.185           4.849    
       591.0           4.204           4.894    
       592.0           4.224           4.939    
       593.0           4.244           4.985    
       594.0           4.263           5.030    
       595.0           4.283           5.075    
       596.0           4.302           5.121    
       597.0           4.322           5.166    
       598.0           4.341           5.211    
       599.0           4.361           5.257    
       600.0           4.381           5.302    
