#CMS PAS HIG-11-022 August 22, 2011
#11021_CMS_SMcombined_1.1-1.7fb-1
#read from fig. 21 (linear x version from TWiki) 
#columns: Mh, obs, exp (normalised to the SM)

        110.            2.09            2.27    
        111.            2.65            2.24    
        112.            3.14            2.21    
        113.            3.01            2.17    
        114.            2.85            2.06    
        115.            2.69            1.95    
        116.            2.53            1.88    
        117.            2.78            1.81    
        118.            3.21            1.74    
        119.            3.34            1.67    
        120.            3.06            1.60    
        121.            2.63            1.53    
        122.            2.22            1.37    
        123.            2.12            1.36    
        124.            2.02            1.36    
        125.            1.93            1.11    
        126.            1.83            1.06    
        127.            1.67            1.00    
        128.            1.52           0.948    
        129.            1.43           0.926    
        130.            1.30           0.904    
        131.            1.27           0.883    
        132.            1.25           0.853    
        133.            1.29           0.823    
        134.            1.34           0.793    
        135.            1.10           0.612    
        136.            1.12           0.608    
        137.            1.13           0.604    
        138.            1.15           0.600    
        139.            1.15           0.596    
        140.            1.15           0.592    
        141.            1.30           0.589    
        142.            1.23           0.585    
        143.            1.16           0.581    
        144.            1.09           0.577    
        145.           0.976           0.474    
        146.           0.924           0.471    
        147.           0.872           0.469    
        148.           0.856           0.466    
        149.           0.840           0.464    
        150.           0.824           0.461    
        151.           0.772           0.458    
        152.           0.764           0.456    
        153.           0.755           0.453    
        154.           0.747           0.450    
        155.           0.463           0.448    
        156.           0.464           0.285    
        157.           0.466           0.286    
        158.           0.473           0.288    
        159.           0.481           0.289    
        160.           0.489           0.291    
        161.           0.496           0.292    
        162.           0.504           0.293    
        163.           0.512           0.295    
        164.           0.520           0.296    
        165.           0.499           0.297    
        166.           0.478           0.299    
        167.           0.489           0.302    
        168.           0.500           0.304    
        169.           0.497           0.307    
        170.           0.494           0.310    
        171.           0.491           0.313    
        172.           0.488           0.315    
        173.           0.485           0.318    
        174.           0.482           0.321    
        175.           0.411           0.363    
        176.           0.339           0.405    
        177.           0.344           0.407    
        178.           0.350           0.409    
        179.           0.343           0.412    
        180.           0.337           0.414    
        181.           0.338           0.416    
        182.           0.340           0.418    
        183.           0.342           0.421    
        184.           0.344           0.436    
        185.           0.416           0.452    
        186.           0.488           0.467    
        187.           0.492           0.483    
        188.           0.496           0.499    
        189.           0.522           0.502    
        190.           0.548           0.505    
        191.           0.565           0.508    
        192.           0.582           0.511    
        193.           0.599           0.514    
        194.           0.616           0.517    
        195.           0.703           0.631    
        196.           0.791           0.638    
        197.           0.815           0.645    
        198.           0.839           0.653    
        199.           0.867           0.660    
        200.           0.896           0.668    
        201.           0.897           0.675    
        202.           0.898           0.676    
        203.           0.887           0.677    
        204.           0.876           0.678    
        205.           0.864           0.679    
        206.           0.849           0.680    
        207.           0.834           0.680    
        208.           0.819           0.681    
        209.           0.801           0.688    
        210.           0.784           0.695    
        211.           0.785           0.702    
        212.           0.786           0.709    
        213.           0.814           0.716    
        214.           0.842           0.723    
        215.           0.898           0.730    
        216.           0.954           0.737    
        217.            1.00           0.744    
        218.            1.05           0.752    
        219.            1.06           0.759    
        220.            1.08           0.766    
        221.            1.08           0.773    
        222.            1.07           0.780    
        223.            1.04           0.787    
        224.            1.01           0.794    
        225.           0.876           0.801    
        226.           0.740           0.808    
        227.           0.709           0.815    
        228.           0.677           0.822    
        229.           0.684           0.826    
        230.           0.692           0.830    
        231.           0.699           0.835    
        232.           0.706           0.839    
        233.           0.746           0.844    
        234.           0.786           0.848    
        235.           0.803           0.852    
        236.           0.819           0.857    
        237.           0.855           0.860    
        238.           0.890           0.863    
        239.           0.925           0.866    
        240.           0.959           0.869    
        241.           0.959           0.872    
        242.           0.959           0.875    
        243.           0.938           0.875    
        244.           0.917           0.875    
        245.           0.872           0.876    
        246.           0.827           0.876    
        247.           0.781           0.876    
        248.           0.736           0.877    
        249.           0.698           0.877    
        250.           0.659           0.877    
        251.           0.667           0.874    
        252.           0.675           0.870    
        253.           0.683           0.866    
        254.           0.692           0.863    
        255.           0.727           0.859    
        256.           0.763           0.859    
        257.           0.793           0.859    
        258.           0.824           0.859    
        259.           0.855           0.859    
        260.           0.885           0.859    
        261.           0.888           0.859    
        262.           0.892           0.858    
        263.           0.895           0.858    
        264.           0.898           0.858    
        265.           0.872           0.858    
        266.           0.847           0.858    
        267.           0.848           0.858    
        268.           0.849           0.858    
        269.           0.817           0.858    
        270.           0.786           0.858    
        271.           0.787           0.858    
        272.           0.788           0.857    
        273.           0.723           0.857    
        274.           0.759           0.857    
        275.           0.795           0.857    
        276.           0.793           0.857    
        277.           0.715           0.857    
        278.           0.716           0.857    
        279.           0.718           0.857    
        280.           0.719           0.856    
        281.           0.721           0.855    
        282.           0.722           0.854    
        283.           0.724           0.854    
        284.           0.725           0.853    
        285.           0.760           0.852    
        286.           0.795           0.851    
        287.           0.807           0.851    
        288.           0.819           0.850    
        289.           0.871           0.849    
        290.           0.923           0.848    
        291.           0.943           0.848    
        292.           0.963           0.847    
        293.           0.984           0.846    
        294.            1.00           0.845    
        295.            1.02           0.845    
        296.            1.02           0.844    
        297.            1.02           0.843    
        298.            1.02           0.842    
        299.            1.02           0.842    
        300.            1.01           0.841    
        301.            1.03           0.840    
        302.            1.05           0.839    
        303.            1.07           0.838    
        304.            1.08           0.837    
        305.            1.10           0.836    
        306.            1.08           0.835    
        307.            1.06           0.834    
        308.            1.04           0.833    
        309.            1.02           0.832    
        310.            1.00           0.831    
        311.           0.991           0.830    
        312.           0.983           0.829    
        313.           0.974           0.829    
        314.           0.965           0.828    
        315.           0.956           0.827    
        316.           0.934           0.826    
        317.           0.911           0.825    
        318.           0.889           0.824    
        319.           0.866           0.823    
        320.           0.844           0.822    
        321.           0.815           0.821    
        322.           0.785           0.820    
        323.           0.756           0.819    
        324.           0.727           0.806    
        325.           0.698           0.793    
        326.           0.680           0.780    
        327.           0.663           0.767    
        328.           0.645           0.754    
        329.           0.628           0.740    
        330.           0.610           0.749    
        331.           0.609           0.757    
        332.           0.607           0.766    
        333.           0.606           0.774    
        334.           0.605           0.782    
        335.           0.603           0.791    
        336.           0.597           0.782    
        337.           0.592           0.773    
        338.           0.586           0.764    
        339.           0.581           0.756    
        340.           0.575           0.747    
        341.           0.571           0.738    
        342.           0.566           0.737    
        343.           0.562           0.736    
        344.           0.558           0.734    
        345.           0.553           0.733    
        346.           0.566           0.732    
        347.           0.578           0.730    
        348.           0.591           0.729    
        349.           0.603           0.728    
        350.           0.616           0.726    
        351.           0.626           0.725    
        352.           0.636           0.724    
        353.           0.647           0.722    
        354.           0.657           0.721    
        355.           0.667           0.720    
        356.           0.678           0.718    
        357.           0.688           0.717    
        358.           0.698           0.716    
        359.           0.708           0.714    
        360.           0.719           0.713    
        361.           0.720           0.712    
        362.           0.721           0.710    
        363.           0.722           0.710    
        364.           0.723           0.710    
        365.           0.724           0.711    
        366.           0.725           0.711    
        367.           0.726           0.711    
        368.           0.727           0.711    
        369.           0.728           0.711    
        370.           0.730           0.711    
        371.           0.727           0.711    
        372.           0.725           0.711    
        373.           0.722           0.712    
        374.           0.720           0.712    
        375.           0.718           0.712    
        376.           0.715           0.712    
        377.           0.713           0.712    
        378.           0.711           0.712    
        379.           0.708           0.712    
        380.           0.706           0.712    
        381.           0.708           0.712    
        382.           0.711           0.713    
        383.           0.713           0.713    
        384.           0.715           0.713    
        385.           0.718           0.713    
        386.           0.720           0.713    
        387.           0.722           0.713    
        388.           0.725           0.713    
        389.           0.727           0.713    
        390.           0.730           0.713    
        391.           0.744           0.714    
        392.           0.758           0.714    
        393.           0.772           0.714    
        394.           0.786           0.714    
        395.           0.800           0.714    
        396.           0.814           0.714    
        397.           0.828           0.714    
        398.           0.842           0.714    
        399.           0.856           0.715    
        400.           0.870           0.721    
        401.           0.880           0.728    
        402.           0.890           0.734    
        403.           0.900           0.741    
        404.           0.910           0.747    
        405.           0.920           0.754    
        406.           0.930           0.760    
        407.           0.940           0.767    
        408.           0.950           0.773    
        409.           0.960           0.780    
        410.           0.970           0.786    
        411.           0.980           0.793    
        412.           0.990           0.799    
        413.            1.00           0.806    
        414.            1.01           0.812    
        415.            1.02           0.819    
        416.            1.03           0.825    
        417.            1.04           0.832    
        418.            1.05           0.838    
        419.            1.06           0.845    
        420.            1.07           0.851    
        421.            1.07           0.858    
        422.            1.08           0.864    
        423.            1.08           0.871    
        424.            1.08           0.877    
        425.            1.09           0.884    
        426.            1.09           0.890    
        427.            1.09           0.894    
        428.            1.09           0.897    
        429.            1.10           0.901    
        430.            1.10           0.904    
        431.            1.10           0.908    
        432.            1.11           0.911    
        433.            1.11           0.915    
        434.            1.11           0.922    
        435.            1.11           0.929    
        436.            1.12           0.936    
        437.            1.12           0.943    
        438.            1.12           0.950    
        439.            1.13           0.957    
        440.            1.13           0.964    
        441.            1.14           0.971    
        442.            1.15           0.978    
        443.            1.17           0.985    
        444.            1.18           0.992    
        445.            1.19           0.999    
        446.            1.20            1.01    
        447.            1.21            1.02    
        448.            1.23            1.03    
        449.            1.24            1.04    
        450.            1.25            1.05    
        451.            1.26            1.05    
        452.            1.27            1.06    
        453.            1.29            1.07    
        454.            1.30            1.08    
        455.            1.31            1.09    
        456.            1.32            1.10    
        457.            1.33            1.11    
        458.            1.35            1.12    
        459.            1.36            1.13    
        460.            1.37            1.14    
        461.            1.37            1.14    
        462.            1.37            1.14    
        463.            1.38            1.14    
        464.            1.38            1.15    
        465.            1.38            1.15    
        466.            1.38            1.15    
        467.            1.39            1.15    
        468.            1.39            1.15    
        469.            1.39            1.15    
        470.            1.39            1.15    
        471.            1.39            1.15    
        472.            1.40            1.15    
        473.            1.40            1.15    
        474.            1.40            1.15    
        475.            1.40            1.15    
        476.            1.40            1.15    
        477.            1.41            1.15    
        478.            1.41            1.15    
        479.            1.41            1.15    
        480.            1.41            1.15    
        481.            1.42            1.15    
        482.            1.43            1.16    
        483.            1.43            1.17    
        484.            1.44            1.19    
        485.            1.45            1.20    
        486.            1.46            1.21    
        487.            1.46            1.22    
        488.            1.47            1.23    
        489.            1.48            1.24    
        490.            1.49            1.25    
        491.            1.49            1.26    
        492.            1.50            1.27    
        493.            1.51            1.28    
        494.            1.52            1.29    
        495.            1.52            1.30    
        496.            1.53            1.31    
        497.            1.54            1.32    
        498.            1.55            1.33    
        499.            1.55            1.34    
        500.            1.56            1.35    
        501.            1.57            1.37    
        502.            1.58            1.38    
        503.            1.60            1.40    
        504.            1.61            1.41    
        505.            1.62            1.43    
        506.            1.63            1.44    
        507.            1.64            1.46    
        508.            1.65            1.47    
        509.            1.66            1.49    
        510.            1.67            1.50    
        511.            1.68            1.52    
        512.            1.69            1.53    
        513.            1.70            1.55    
        514.            1.72            1.56    
        515.            1.73            1.57    
        516.            1.74            1.59    
        517.            1.75            1.60    
        518.            1.76            1.62    
        519.            1.77            1.63    
        520.            1.78            1.65    
        521.            1.78            1.65    
        522.            1.79            1.65    
        523.            1.79            1.65    
        524.            1.79            1.65    
        525.            1.79            1.65    
        526.            1.80            1.65    
        527.            1.80            1.65    
        528.            1.80            1.65    
        529.            1.81            1.65    
        530.            1.81            1.65    
        531.            1.81            1.65    
        532.            1.81            1.65    
        533.            1.82            1.65    
        534.            1.82            1.64    
        535.            1.82            1.64    
        536.            1.82            1.64    
        537.            1.83            1.64    
        538.            1.83            1.64    
        539.            1.83            1.64    
        540.            1.83            1.66    
        541.            1.86            1.68    
        542.            1.88            1.70    
        543.            1.90            1.72    
        544.            1.92            1.74    
        545.            1.94            1.76    
        546.            1.96            1.78    
        547.            1.98            1.80    
        548.            2.00            1.81    
        549.            2.03            1.83    
        550.            2.05            1.85    
        551.            2.07            1.87    
        552.            2.09            1.89    
        553.            2.11            1.91    
        554.            2.13            1.93    
        555.            2.15            1.95    
        556.            2.17            1.97    
        557.            2.20            1.98    
        558.            2.22            2.00    
        559.            2.24            2.02    
        560.            2.26            2.04    
        561.            2.26            2.06    
        562.            2.26            2.07    
        563.            2.25            2.09    
        564.            2.25            2.10    
        565.            2.25            2.11    
        566.            2.25            2.13    
        567.            2.25            2.14    
        568.            2.25            2.15    
        569.            2.24            2.16    
        570.            2.24            2.18    
        571.            2.24            2.19    
        572.            2.24            2.20    
        573.            2.24            2.22    
        574.            2.24            2.23    
        575.            2.23            2.24    
        576.            2.23            2.26    
        577.            2.23            2.27    
        578.            2.23            2.28    
        579.            2.23            2.29    
        580.            2.23            2.31    
        581.            2.23            2.32    
        582.            2.24            2.34    
        583.            2.25            2.37    
        584.            2.25            2.39    
        585.            2.26            2.41    
        586.            2.26            2.43    
        587.            2.27            2.46    
        588.            2.28            2.48    
        589.            2.28            2.50    
        590.            2.29            2.52    
        591.            2.30            2.55    
        592.            2.30            2.57    
        593.            2.31            2.59    
        594.            2.32            2.61    
        595.            2.32            2.64    
        596.            2.33            2.66    
        597.            2.34            2.68    
        598.            2.34            2.70    
        599.            2.35            2.73    
        600.            2.36            2.75    
