#CMS PAS HIG-11-021 August 22, 2011
#11021_CMS_SM_H-gaga_1.66fb-1
#read from fig.10
#columns: Mh, obs, exp (normalised to the SM)

        110.            2.14            3.28    
        111.            3.00            3.14    
        112.            3.67            3.07    
        113.            3.95            3.00    
        114.            3.74            2.93    
        115.            3.21            2.86    
        116.            2.86            2.82    
        117.            3.07            2.79    
        118.            3.48            2.76    
        119.            3.88            2.73    
        120.            3.51            2.69    
        121.            2.72            2.70    
        122.            2.16            2.70    
        123.            2.00            2.71    
        124.            1.74            2.71    
        125.            1.70            2.72    
        126.            1.74            2.73    
        127.            1.58            2.74    
        128.            1.42            2.75    
        129.            1.44            2.75    
        130.            1.37            2.76    
        131.            1.37            2.82    
        132.            1.60            2.87    
        133.            2.02            2.92    
        134.            2.56            2.97    
        135.            3.28            3.02    
        136.            4.04            3.08    
        137.            5.16            3.15    
        138.            6.53            3.21    
        139.            7.55            3.28    
        140.            7.97            3.34    
        141.            7.27            3.44    
        142.            5.95            3.53    
        143.            4.72            3.62    
        144.            4.18            3.72    
        145.            4.11            3.81    
        146.            4.13            3.98    
        147.            4.16            4.15    
        148.            4.76            4.33    
        149.            5.90            4.50    
        150.            6.95            4.67    
