#CMS PAS HIG-11-027 Dec 13, 2011
#110271_CMS_H-ZZ-llqq_4.6fb-1
#read from fig.4a (low mass region)
#columns: Mh, obs, exp (normalised to the SM)

       130.0           22.06           14.83    
       131.0           19.82           13.07    
       132.0           17.15           11.32    
       133.0           15.04           10.20    
       134.0           13.48           9.077    
       135.0           12.08           8.950    
       136.0           11.23           7.470    
       137.0           10.64           7.047    
       138.0           10.01           6.568    
       139.0           9.458           6.089    
       140.0           8.950           5.609    
       141.0           7.935           5.525    
       142.0           6.794           5.017    
       143.0           6.582           4.806    
       144.0           5.736           4.721    
       145.0           5.060           4.425    
       146.0           4.933           4.256    
       147.0           4.848           4.045    
       148.0           4.975           4.066    
       149.0           4.891           4.087    
       150.0           4.806           3.791    
       151.0           4.679           3.791    
       152.0           4.637           3.791    
       153.0           3.876           3.791    
       154.0           3.622           3.960    
       155.0           2.903           4.129    
       156.0           2.734           4.489    
       157.0           2.522           4.848    
       158.0           2.945           5.884    
       159.0           3.706           6.920    
       160.0           4.468           8.274    
       161.0           5.927           10.83    
       162.0           7.386           13.39    
       163.0           8.527           15.86    
       164.0           9.669           18.34    
