#CMS PAS HIG-11-029, Dec 13, 2011
#11029_CMS_H-tautau_4.6fb-1_MSSM_interpol
#read from Tab.4, interpolated
#columns: Mh, obs, exp (in pb)

          90.00   22.50000       12.80000    
         100.00   15.10000       9.400000    
         110.00   10.85000       6.700000    
         120.00   6.600000       4.000000    
         130.00   4.600000       3.000000    
         140.00   2.800000       2.300000    
         150.00   2.000000       1.900000    
         160.00   1.200000       1.500000    
         170.00  0.9150000       1.300000    
         180.00  0.6300000       1.100000    
         190.00  0.5300000      0.9750000    
         200.00  0.4300000      0.8500000    
         210.00  0.4280000      0.7840000    
         220.00  0.4260000      0.7180000    
         230.00  0.4240000      0.6520000    
         240.00  0.4220000      0.5860000    
         250.00  0.4200000      0.5200000    
         260.00  0.4180000      0.4860000    
         270.00  0.4160000      0.4520000    
         280.00  0.4140000      0.4180000    
         290.00  0.4120000      0.3840000    
         300.00  0.4100000      0.3500000    
         310.00  0.4040000      0.3240000    
         320.00  0.3980000      0.2980000    
         330.00  0.3920000      0.2720000    
         340.00  0.3860000      0.2460000    
         350.00  0.3800000      0.2200000    
         360.00  0.3720000      0.2120000    
         370.00  0.3640000      0.2040000    
         380.00  0.3560000      0.1960000    
         390.00  0.3480000      0.1880000    
         400.00  0.3400000      0.1800000    
         410.00  0.3280000      0.1720000    
         420.00  0.3160000      0.1640000    
         430.00  0.3040000      0.1560000    
         440.00  0.2920000      0.1480000    
         450.00  0.2800000      0.1400000    
         460.00  0.2660000      0.1340000    
         470.00  0.2520000      0.1280000    
         480.00  0.2380000      0.1220000    
         490.00  0.2240000      0.1160000    
         500.00  0.2100000      0.1100000    
