#CMS PAS HIG-11-034 Mar 07, 2012
#11034_CMS_WH-WWW_4.6fb-1_interpol
#Limits taken from Tab.2 (interpolated)
#Columns: Mh, obs, exp (normalized to the SM)

         115.00   18.60000       21.70000    
         120.00   10.40000       12.10000    
         125.00   8.350000       9.700000    
         130.00   6.300000       7.300000    
         135.00   6.150000       7.150000    
         140.00   6.000000       7.000000    
         145.00   5.100000       5.950000    
         150.00   4.200000       4.900000    
         155.00   4.000000       4.650000    
         160.00   3.800000       4.400000    
         165.00   3.700000       4.300000    
         170.00   3.600000       4.200000    
         175.00   4.250000       5.000000    
         180.00   4.900000       5.800000    
         185.00   6.300000       7.400000    
         190.00   7.700000       9.000000    
         195.00   9.400000       11.00000    
         200.00   11.10000       13.00000    
