#CMS PAS HIG-11-032 Dec 13, 2011
#11032_CMS_SMcombined_4.7fb-1
#read from fig. 2 (linear x version from TWiki) 
#columns: Mh, obs, exp (normalised to the SM)

       110.0           1.359           1.210    
       111.0           1.343           1.180    
       112.0           1.634           1.173    
       113.0           1.792           1.152    
       114.0           1.675           1.096    
       115.0           1.738           1.038    
       116.0           1.717           1.025    
       117.0           1.803           1.012    
       118.0           1.770          0.9817    
       119.0           1.717          0.9120    
       120.0           1.696          0.8524    
       121.0           1.792          0.8683    
       122.0           1.871          0.8216    
       123.0           1.929          0.8066    
       124.0           1.882          0.7402    
       125.0           1.585          0.6961    
       126.0           1.255          0.7004    
       127.0          0.8577          0.6589    
       128.0          0.7222          0.6175    
       129.0          0.6668          0.5760    
       130.0          0.6627          0.5346    
       131.0          0.6587          0.5156    
       132.0          0.6918          0.4966    
       133.0          0.7727          0.4365    
       134.0          0.7727          0.4182    
       135.0          0.7267          0.4207    
       136.0          0.7222          0.4130    
       137.0          0.7134          0.3814    
       138.0          0.6156          0.3457    
       139.0          0.5826          0.3344    
       140.0          0.5684          0.3231    
       141.0          0.5379          0.3192    
       142.0          0.5512          0.3153    
       143.0          0.5580          0.3115    
       144.0          0.5445          0.3076    
       145.0          0.4446          0.2512    
       146.0          0.4030          0.2502    
       147.0          0.3767          0.2492    
       148.0          0.3698          0.2482    
       149.0          0.3790          0.2472    
       150.0          0.3837          0.2461    
       151.0          0.3767          0.2451    
       152.0          0.3721          0.2441    
       153.0          0.3676          0.2431    
       154.0          0.3521          0.2421    
       155.0          0.2277          0.1500    
       156.0          0.2333          0.1500    
       157.0          0.2348          0.1500    
       158.0          0.2362          0.1500    
       159.0          0.2377          0.1500    
       160.0          0.2391          0.1500    
       161.0          0.2462          0.1512    
       162.0          0.2506          0.1514    
       163.0          0.2513          0.1516    
       164.0          0.2521          0.1517    
       165.0          0.2582          0.1519    
       166.0          0.2642          0.1586    
       167.0          0.2731          0.1652    
       168.0          0.2819          0.1719    
       169.0          0.2845          0.1689    
       170.0          0.2870          0.1659    
       171.0          0.2895          0.1677    
       172.0          0.2921          0.1694    
       173.0          0.2870          0.1712    
       174.0          0.2819          0.1729    
       175.0          0.2723          0.1998    
       176.0          0.2627          0.2267    
       177.0          0.2495          0.2536    
       178.0          0.2363          0.2562    
       179.0          0.2518          0.2588    
       180.0          0.2674          0.2615    
       181.0          0.2635          0.2641    
       182.0          0.2596          0.2668    
       183.0          0.2517          0.2694    
       184.0          0.2438          0.2721    
       185.0          0.2360          0.2747    
       186.0          0.2281          0.2773    
       187.0          0.2322          0.2800    
       188.0          0.2363          0.2826    
       189.0          0.2616          0.2853    
       190.0          0.2869          0.2943    
       191.0          0.3208          0.3033    
       192.0          0.3547          0.3124    
       193.0          0.3804          0.3214    
       194.0          0.4062          0.3304    
       195.0          0.4210          0.3395    
       196.0          0.4359          0.3485    
       197.0          0.4296          0.3506    
       198.0          0.4233          0.3527    
       199.0          0.4054          0.3548    
       200.0          0.3875          0.3569    
       201.0          0.3649          0.3590    
       202.0          0.3424          0.3611    
       203.0          0.3164          0.3633    
       204.0          0.2903          0.3654    
       205.0          0.3134          0.3675    
       206.0          0.3364          0.3730    
       207.0          0.3597          0.3786    
       208.0          0.3829          0.3842    
       209.0          0.3824          0.3898    
       210.0          0.3818          0.3905    
       211.0          0.3812          0.3911    
       212.0          0.3807          0.3918    
       213.0          0.3741          0.3925    
       214.0          0.3675          0.3932    
       215.0          0.3549          0.3939    
       216.0          0.3424          0.3946    
       217.0          0.3261          0.3953    
       218.0          0.3098          0.3960    
       219.0          0.2894          0.3967    
       220.0          0.2689          0.4009    
       221.0          0.2752          0.4051    
       222.0          0.2814          0.4092    
       223.0          0.2876          0.4134    
       224.0          0.2938          0.4170    
       225.0          0.2846          0.4207    
       226.0          0.2754          0.4243    
       227.0          0.2972          0.4279    
       228.0          0.3190          0.4315    
       229.0          0.3400          0.4352    
       230.0          0.3610          0.4388    
       231.0          0.3616          0.4424    
       232.0          0.3621          0.4460    
       233.0          0.3626          0.4497    
       234.0          0.3632          0.4533    
       235.0          0.3823          0.4569    
       236.0          0.4014          0.4606    
       237.0          0.4098          0.4642    
       238.0          0.4183          0.4678    
       239.0          0.4403          0.4695    
       240.0          0.4623          0.4712    
       241.0          0.4764          0.4730    
       242.0          0.4904          0.4747    
       243.0          0.4833          0.4764    
       244.0          0.4762          0.4781    
       245.0          0.4510          0.4798    
       246.0          0.4258          0.4815    
       247.0          0.4112          0.4832    
       248.0          0.3967          0.4849    
       249.0          0.3921          0.4867    
       250.0          0.3875          0.4884    
       251.0          0.3992          0.4901    
       252.0          0.4110          0.4918    
       253.0          0.3981          0.4935    
       254.0          0.3852          0.4952    
       255.0          0.4131          0.4969    
       256.0          0.4411          0.4986    
       257.0          0.4964          0.5004    
       258.0          0.5517          0.5021    
       259.0          0.5390          0.5016    
       260.0          0.5263          0.5011    
       261.0          0.4957          0.5006    
       262.0          0.4651          0.5001    
       263.0          0.4557          0.4996    
       264.0          0.4463          0.4991    
       265.0          0.4360          0.4986    
       266.0          0.4258          0.4982    
       267.0          0.4360          0.4977    
       268.0          0.4463          0.4972    
       269.0          0.4516          0.4967    
       270.0          0.4569          0.4962    
       271.0          0.4569          0.4947    
       272.0          0.4569          0.4931    
       273.0          0.4569          0.4916    
       274.0          0.4569          0.4900    
       275.0          0.5027          0.4885    
       276.0          0.5484          0.4870    
       277.0          0.5484          0.4854    
       278.0          0.5484          0.4839    
       279.0          0.5668          0.4823    
       280.0          0.5851          0.4808    
       281.0          0.5780          0.4793    
       282.0          0.5708          0.4777    
       283.0          0.5636          0.4762    
       284.0          0.5564          0.4747    
       285.0          0.5492          0.4731    
       286.0          0.5420          0.4716    
       287.0          0.5706          0.4700    
       288.0          0.5991          0.4685    
       289.0          0.5973          0.4670    
       290.0          0.5956          0.4654    
       291.0          0.5787          0.4639    
       292.0          0.5618          0.4623    
       293.0          0.5448          0.4608    
       294.0          0.5279          0.4593    
       295.0          0.5110          0.4577    
       296.0          0.5116          0.4562    
       297.0          0.5122          0.4547    
       298.0          0.5128          0.4531    
       299.0          0.5134          0.4516    
       300.0          0.5140          0.4464    
       301.0          0.5196          0.4413    
       302.0          0.5252          0.4362    
       303.0          0.5308          0.4310    
       304.0          0.5364          0.4259    
       305.0          0.5420          0.4208    
       306.0          0.5733          0.4216    
       307.0          0.6045          0.4224    
       308.0          0.6357          0.4233    
       309.0          0.6670          0.4241    
       310.0          0.6982          0.4249    
       311.0          0.7058          0.4258    
       312.0          0.7134          0.4251    
       313.0          0.7210          0.4245    
       314.0          0.7286          0.4239    
       315.0          0.7362          0.4233    
       316.0          0.7415          0.4226    
       317.0          0.7468          0.4220    
       318.0          0.7521          0.4214    
       319.0          0.7574          0.4208    
       320.0          0.7627          0.4191    
       321.0          0.7565          0.4175    
       322.0          0.7504          0.4159    
       323.0          0.7442          0.4142    
       324.0          0.7381          0.4126    
       325.0          0.7319          0.4110    
       326.0          0.7195          0.4112    
       327.0          0.7071          0.4115    
       328.0          0.6948          0.4118    
       329.0          0.6824          0.4120    
       330.0          0.6700          0.4123    
       331.0          0.6609          0.4126    
       332.0          0.6517          0.4129    
       333.0          0.6426          0.4131    
       334.0          0.6334          0.4134    
       335.0          0.6243          0.4107    
       336.0          0.6117          0.4080    
       337.0          0.5992          0.4052    
       338.0          0.5866          0.4025    
       339.0          0.5741          0.3998    
       340.0          0.5615          0.3971    
       341.0          0.5369          0.3944    
       342.0          0.5123          0.3899    
       343.0          0.4877          0.3854    
       344.0          0.4631          0.3808    
       345.0          0.4385          0.3763    
       346.0          0.4301          0.3718    
       347.0          0.4218          0.3763    
       348.0          0.4134          0.3808    
       349.0          0.4051          0.3853    
       350.0          0.3967          0.3898    
       351.0          0.3947          0.3883    
       352.0          0.3926          0.3869    
       353.0          0.3906          0.3855    
       354.0          0.3885          0.3841    
       355.0          0.3865          0.3827    
       356.0          0.3844          0.3813    
       357.0          0.3824          0.3799    
       358.0          0.3803          0.3784    
       359.0          0.3783          0.3782    
       360.0          0.3762          0.3779    
       361.0          0.3739          0.3776    
       362.0          0.3715          0.3773    
       363.0          0.3691          0.3771    
       364.0          0.3668          0.3768    
       365.0          0.3644          0.3765    
       366.0          0.3621          0.3762    
       367.0          0.3597          0.3760    
       368.0          0.3573          0.3757    
       369.0          0.3550          0.3754    
       370.0          0.3526          0.3751    
       371.0          0.3573          0.3748    
       372.0          0.3619          0.3746    
       373.0          0.3666          0.3743    
       374.0          0.3712          0.3740    
       375.0          0.3758          0.3722    
       376.0          0.3805          0.3704    
       377.0          0.3851          0.3686    
       378.0          0.3898          0.3668    
       379.0          0.3944          0.3650    
       380.0          0.3990          0.3632    
       381.0          0.3965          0.3644    
       382.0          0.3940          0.3656    
       383.0          0.3915          0.3668    
       384.0          0.3890          0.3680    
       385.0          0.3865          0.3692    
       386.0          0.3840          0.3705    
       387.0          0.3815          0.3717    
       388.0          0.3790          0.3729    
       389.0          0.3765          0.3741    
       390.0          0.3740          0.3753    
       391.0          0.3787          0.3765    
       392.0          0.3834          0.3777    
       393.0          0.3880          0.3790    
       394.0          0.3927          0.3802    
       395.0          0.3974          0.3814    
       396.0          0.4021          0.3826    
       397.0          0.4067          0.3838    
       398.0          0.4114          0.3850    
       399.0          0.4161          0.3863    
       400.0          0.4208          0.3875    
       401.0          0.4218          0.3885    
       402.0          0.4228          0.3896    
       403.0          0.4238          0.3906    
       404.0          0.4248          0.3917    
       405.0          0.4258          0.3927    
       406.0          0.4269          0.3938    
       407.0          0.4279          0.3948    
       408.0          0.4289          0.3959    
       409.0          0.4299          0.3970    
       410.0          0.4309          0.3980    
       411.0          0.4319          0.3991    
       412.0          0.4329          0.4001    
       413.0          0.4340          0.4012    
       414.0          0.4350          0.4022    
       415.0          0.4360          0.4033    
       416.0          0.4370          0.4043    
       417.0          0.4380          0.4054    
       418.0          0.4390          0.4064    
       419.0          0.4400          0.4075    
       420.0          0.4411          0.4086    
       421.0          0.4438          0.4125    
       422.0          0.4466          0.4165    
       423.0          0.4493          0.4204    
       424.0          0.4521          0.4243    
       425.0          0.4548          0.4283    
       426.0          0.4576          0.4322    
       427.0          0.4604          0.4362    
       428.0          0.4631          0.4401    
       429.0          0.4659          0.4441    
       430.0          0.4686          0.4480    
       431.0          0.4714          0.4520    
       432.0          0.4741          0.4559    
       433.0          0.4769          0.4599    
       434.0          0.4797          0.4638    
       435.0          0.4824          0.4678    
       436.0          0.4852          0.4717    
       437.0          0.4879          0.4757    
       438.0          0.4907          0.4796    
       439.0          0.4934          0.4836    
       440.0          0.4962          0.4875    
       441.0          0.4985          0.4904    
       442.0          0.5008          0.4933    
       443.0          0.5031          0.4962    
       444.0          0.5054          0.4991    
       445.0          0.5077          0.5021    
       446.0          0.5099          0.5050    
       447.0          0.5122          0.5079    
       448.0          0.5145          0.5108    
       449.0          0.5168          0.5137    
       450.0          0.5191          0.5166    
       451.0          0.5214          0.5195    
       452.0          0.5237          0.5224    
       453.0          0.5260          0.5253    
       454.0          0.5283          0.5283    
       455.0          0.5306          0.5312    
       456.0          0.5329          0.5341    
       457.0          0.5351          0.5370    
       458.0          0.5374          0.5399    
       459.0          0.5397          0.5428    
       460.0          0.5420          0.5457    
       461.0          0.5392          0.5486    
       462.0          0.5363          0.5515    
       463.0          0.5334          0.5545    
       464.0          0.5305          0.5574    
       465.0          0.5277          0.5603    
       466.0          0.5248          0.5632    
       467.0          0.5219          0.5661    
       468.0          0.5191          0.5690    
       469.0          0.5162          0.5719    
       470.0          0.5133          0.5748    
       471.0          0.5105          0.5777    
       472.0          0.5076          0.5807    
       473.0          0.5047          0.5836    
       474.0          0.5019          0.5865    
       475.0          0.4990          0.5894    
       476.0          0.4961          0.5923    
       477.0          0.4932          0.5952    
       478.0          0.4904          0.5981    
       479.0          0.4875          0.6010    
       480.0          0.4846          0.6039    
       481.0          0.4922          0.6069    
       482.0          0.4997          0.6098    
       483.0          0.5073          0.6155    
       484.0          0.5148          0.6211    
       485.0          0.5223          0.6268    
       486.0          0.5299          0.6325    
       487.0          0.5374          0.6382    
       488.0          0.5450          0.6439    
       489.0          0.5525          0.6496    
       490.0          0.5600          0.6553    
       491.0          0.5676          0.6610    
       492.0          0.5751          0.6667    
       493.0          0.5827          0.6723    
       494.0          0.5902          0.6780    
       495.0          0.5977          0.6837    
       496.0          0.6053          0.6894    
       497.0          0.6128          0.6951    
       498.0          0.6204          0.7008    
       499.0          0.6279          0.7065    
       500.0          0.6354          0.7122    
       501.0          0.6340          0.7179    
       502.0          0.6325          0.7235    
       503.0          0.6310          0.7292    
       504.0          0.6296          0.7349    
       505.0          0.6281          0.7406    
       506.0          0.6267          0.7463    
       507.0          0.6252          0.7520    
       508.0          0.6237          0.7577    
       509.0          0.6223          0.7634    
       510.0          0.6208          0.7691    
       511.0          0.6193          0.7747    
       512.0          0.6179          0.7804    
       513.0          0.6164          0.7861    
       514.0          0.6150          0.7918    
       515.0          0.6135          0.7975    
       516.0          0.6120          0.8032    
       517.0          0.6106          0.8089    
       518.0          0.6091          0.8146    
       519.0          0.6077          0.8203    
       520.0          0.6062          0.8259    
       521.0          0.6170          0.8316    
       522.0          0.6279          0.8373    
       523.0          0.6388          0.8430    
       524.0          0.6496          0.8513    
       525.0          0.6605          0.8597    
       526.0          0.6713          0.8680    
       527.0          0.6822          0.8763    
       528.0          0.6931          0.8846    
       529.0          0.7039          0.8930    
       530.0          0.7148          0.9013    
       531.0          0.7256          0.9096    
       532.0          0.7365          0.9179    
       533.0          0.7474          0.9263    
       534.0          0.7582          0.9346    
       535.0          0.7691          0.9429    
       536.0          0.7799          0.9512    
       537.0          0.7908          0.9596    
       538.0          0.8017          0.9679    
       539.0          0.8125          0.9762    
       540.0          0.8234          0.9845    
       541.0          0.8229          0.9929    
       542.0          0.8224           1.001    
       543.0          0.8219           1.009    
       544.0          0.8215           1.018    
       545.0          0.8210           1.024    
       546.0          0.8205           1.031    
       547.0          0.8200           1.038    
       548.0          0.8195           1.044    
       549.0          0.8190           1.051    
       550.0          0.8186           1.058    
       551.0          0.8181           1.064    
       552.0          0.8176           1.071    
       553.0          0.8171           1.078    
       554.0          0.8166           1.084    
       555.0          0.8162           1.091    
       556.0          0.8157           1.098    
       557.0          0.8152           1.104    
       558.0          0.8147           1.111    
       559.0          0.8142           1.118    
       560.0          0.8137           1.124    
       561.0          0.8088           1.131    
       562.0          0.8039           1.138    
       563.0          0.7989           1.144    
       564.0          0.7940           1.151    
       565.0          0.7890           1.158    
       566.0          0.7841           1.164    
       567.0          0.7791           1.171    
       568.0          0.7742           1.178    
       569.0          0.7692           1.184    
       570.0          0.7643           1.191    
       571.0          0.7594           1.198    
       572.0          0.7544           1.204    
       573.0          0.7495           1.211    
       574.0          0.7445           1.218    
       575.0          0.7396           1.224    
       576.0          0.7346           1.231    
       577.0          0.7297           1.238    
       578.0          0.7247           1.244    
       579.0          0.7198           1.251    
       580.0          0.7149           1.258    
       581.0          0.7265           1.264    
       582.0          0.7382           1.271    
       583.0          0.7499           1.277    
       584.0          0.7616           1.284    
       585.0          0.7732           1.291    
       586.0          0.7849           1.297    
       587.0          0.7966           1.304    
       588.0          0.8083           1.311    
       589.0          0.8199           1.317    
       590.0          0.8316           1.324    
       591.0          0.8433           1.331    
       592.0          0.8550           1.337    
       593.0          0.8666           1.344    
       594.0          0.8783           1.351    
       595.0          0.8900           1.357    
       596.0          0.9017           1.364    
       597.0          0.9134           1.371    
       598.0          0.9250           1.377    
       599.0          0.9367           1.384    
       600.0          0.9484           1.391    
