#CMS PAS HIG-12-042, November 2012
#12042_CMS_H-WW-lnulnu_16.0fb-1
#
#Columns: Mh obs exp (ratio wrt SM)

110.000 6.253 2.325
111.000 5.701 2.061
112.000 5.148 1.797
113.000 4.596 1.574
114.000 4.120 1.401
115.000 3.670 1.228
116.000 3.220 1.066
117.000 2.770 0.985
118.000 2.437 0.904
119.000 2.116 0.822
120.000 1.794 0.741
121.000 1.669 0.667
122.000 1.554 0.625
123.000 1.438 0.582
124.000 1.323 0.539
125.000 1.208 0.497
126.000 1.109 0.454
127.000 1.042 0.427
128.000 0.975 0.403
129.000 0.908 0.379
130.000 0.853 0.356
131.000 0.821 0.332
132.000 0.789 0.311
133.000 0.757 0.299
134.000 0.725 0.288
135.000 0.693 0.277
136.000 0.661 0.265
137.000 0.629 0.254
138.000 0.599 0.243
139.000 0.578 0.232
140.000 0.558 0.226
141.000 0.537 0.220
142.000 0.517 0.214
143.000 0.496 0.209
144.000 0.475 0.203
145.000 0.456 0.197
146.000 0.439 0.191
147.000 0.422 0.185
148.000 0.405 0.179
149.000 0.387 0.175
150.000 0.370 0.171
151.000 0.354 0.167
152.000 0.338 0.163
153.000 0.322 0.159
154.000 0.306 0.156
155.000 0.290 0.152
156.000 0.274 0.148
157.000 0.258 0.144
158.000 0.242 0.140
159.000 0.226 0.138
160.000 0.210 0.135
161.000 0.210 0.133
162.000 0.209 0.131
163.000 0.209 0.133
164.000 0.209 0.134
165.000 0.209 0.135
166.000 0.208 0.137
167.000 0.208 0.138
168.000 0.208 0.140
169.000 0.208 0.141
170.000 0.207 0.142
171.000 0.208 0.144
172.000 0.212 0.146
173.000 0.216 0.148
174.000 0.220 0.150
175.000 0.225 0.152
176.000 0.229 0.154
177.000 0.233 0.156
178.000 0.237 0.158
179.000 0.241 0.160
180.000 0.246 0.163
181.000 0.255 0.169
182.000 0.263 0.175
183.000 0.272 0.181
184.000 0.281 0.187
185.000 0.289 0.193
186.000 0.298 0.200
187.000 0.306 0.206
188.000 0.315 0.212
189.000 0.322 0.218
190.000 0.327 0.224
191.000 0.333 0.230
192.000 0.338 0.236
193.000 0.344 0.242
194.000 0.349 0.248
195.000 0.355 0.254
196.000 0.361 0.258
197.000 0.366 0.262
198.000 0.372 0.266
199.000 0.377 0.270
200.000 0.383 0.274
201.000 0.385 0.278
202.000 0.385 0.282
203.000 0.385 0.286
204.000 0.385 0.290
205.000 0.385 0.294
206.000 0.385 0.298
207.000 0.385 0.302
208.000 0.385 0.306
209.000 0.385 0.310
210.000 0.385 0.313
211.000 0.386 0.317
212.000 0.387 0.320
213.000 0.389 0.324
214.000 0.390 0.327
215.000 0.392 0.331
216.000 0.393 0.334
217.000 0.395 0.338
218.000 0.396 0.341
219.000 0.398 0.345
220.000 0.399 0.348
221.000 0.401 0.352
222.000 0.402 0.356
223.000 0.402 0.359
224.000 0.402 0.363
225.000 0.402 0.367
226.000 0.402 0.371
227.000 0.402 0.375
228.000 0.402 0.379
229.000 0.402 0.383
230.000 0.402 0.387
231.000 0.402 0.391
232.000 0.402 0.395
233.000 0.402 0.399
234.000 0.402 0.403
235.000 0.403 0.407
236.000 0.404 0.411
237.000 0.405 0.415
238.000 0.406 0.419
239.000 0.407 0.424
240.000 0.409 0.429
241.000 0.410 0.434
242.000 0.411 0.439
243.000 0.412 0.444
244.000 0.414 0.448
245.000 0.415 0.453
246.000 0.416 0.458
247.000 0.417 0.463
248.000 0.419 0.466
249.000 0.419 0.468
250.000 0.420 0.469
251.000 0.420 0.471
252.000 0.420 0.473
253.000 0.420 0.474
254.000 0.421 0.476
255.000 0.421 0.477
256.000 0.421 0.479
257.000 0.422 0.481
258.000 0.422 0.482
259.000 0.422 0.484
260.000 0.422 0.486
261.000 0.423 0.487
262.000 0.423 0.489
263.000 0.423 0.491
264.000 0.424 0.492
265.000 0.424 0.494
266.000 0.424 0.495
267.000 0.424 0.497
268.000 0.424 0.498
269.000 0.424 0.498
270.000 0.425 0.499
271.000 0.425 0.499
272.000 0.425 0.500
273.000 0.425 0.500
274.000 0.425 0.501
275.000 0.425 0.501
276.000 0.425 0.502
277.000 0.425 0.502
278.000 0.425 0.503
279.000 0.425 0.503
280.000 0.425 0.504
281.000 0.425 0.505
282.000 0.425 0.505
283.000 0.426 0.506
284.000 0.426 0.506
285.000 0.426 0.507
286.000 0.426 0.508
287.000 0.426 0.509
288.000 0.426 0.510
289.000 0.426 0.511
290.000 0.426 0.513
291.000 0.426 0.514
292.000 0.426 0.515
293.000 0.426 0.516
294.000 0.426 0.518
295.000 0.426 0.519
296.000 0.426 0.520
297.000 0.427 0.522
298.000 0.427 0.523
299.000 0.427 0.524
300.000 0.427 0.525
301.000 0.427 0.525
302.000 0.425 0.523
303.000 0.422 0.521
304.000 0.420 0.520
305.000 0.417 0.518
306.000 0.415 0.517
307.000 0.412 0.515
308.000 0.409 0.513
309.000 0.407 0.512
310.000 0.404 0.510
311.000 0.402 0.509
312.000 0.399 0.507
313.000 0.397 0.505
314.000 0.394 0.504
315.000 0.391 0.502
316.000 0.389 0.501
317.000 0.386 0.499
318.000 0.384 0.498
319.000 0.381 0.496
320.000 0.378 0.495
321.000 0.376 0.494
322.000 0.373 0.492
323.000 0.371 0.491
324.000 0.368 0.489
325.000 0.366 0.488
326.000 0.363 0.486
327.000 0.360 0.485
328.000 0.358 0.483
329.000 0.355 0.482
330.000 0.353 0.480
331.000 0.350 0.479
332.000 0.347 0.477
333.000 0.345 0.477
334.000 0.342 0.477
335.000 0.340 0.476
336.000 0.337 0.476
337.000 0.335 0.476
338.000 0.332 0.476
339.000 0.329 0.476
340.000 0.327 0.476
341.000 0.324 0.476
342.000 0.322 0.476
343.000 0.319 0.476
344.000 0.316 0.476
345.000 0.314 0.475
346.000 0.311 0.475
347.000 0.309 0.475
348.000 0.307 0.475
349.000 0.307 0.475
350.000 0.307 0.475
351.000 0.307 0.475
352.000 0.307 0.475
353.000 0.307 0.475
354.000 0.307 0.475
355.000 0.307 0.475
356.000 0.307 0.474
357.000 0.307 0.474
358.000 0.307 0.474
359.000 0.307 0.474
360.000 0.307 0.474
361.000 0.307 0.474
362.000 0.307 0.474
363.000 0.307 0.474
364.000 0.308 0.474
365.000 0.309 0.474
366.000 0.309 0.474
367.000 0.310 0.475
368.000 0.311 0.475
369.000 0.312 0.475
370.000 0.313 0.476
371.000 0.314 0.476
372.000 0.314 0.476
373.000 0.315 0.476
374.000 0.316 0.477
375.000 0.317 0.477
376.000 0.318 0.477
377.000 0.318 0.477
378.000 0.319 0.478
379.000 0.320 0.478
380.000 0.320 0.478
381.000 0.321 0.478
382.000 0.321 0.479
383.000 0.321 0.479
384.000 0.321 0.479
385.000 0.321 0.480
386.000 0.322 0.481
387.000 0.322 0.482
388.000 0.322 0.484
389.000 0.322 0.485
390.000 0.323 0.487
391.000 0.323 0.488
392.000 0.323 0.490
393.000 0.323 0.491
394.000 0.323 0.492
395.000 0.324 0.494
396.000 0.324 0.495
397.000 0.325 0.497
398.000 0.326 0.498
399.000 0.327 0.500
400.000 0.328 0.501
401.000 0.329 0.503
402.000 0.330 0.504
403.000 0.331 0.506
404.000 0.332 0.507
405.000 0.334 0.508
406.000 0.335 0.510
407.000 0.336 0.511
408.000 0.336 0.513
409.000 0.337 0.514
410.000 0.337 0.516
411.000 0.338 0.517
412.000 0.338 0.519
413.000 0.339 0.521
414.000 0.339 0.524
415.000 0.340 0.526
416.000 0.340 0.529
417.000 0.340 0.532
418.000 0.341 0.535
419.000 0.341 0.538
420.000 0.342 0.540
421.000 0.342 0.543
422.000 0.343 0.546
423.000 0.343 0.549
424.000 0.344 0.552
425.000 0.345 0.554
426.000 0.346 0.557
427.000 0.346 0.560
428.000 0.347 0.563
429.000 0.348 0.566
430.000 0.349 0.568
431.000 0.349 0.571
432.000 0.350 0.574
433.000 0.351 0.577
434.000 0.352 0.580
435.000 0.352 0.583
436.000 0.353 0.585
437.000 0.354 0.588
438.000 0.355 0.591
439.000 0.355 0.594
440.000 0.356 0.597
441.000 0.357 0.599
442.000 0.358 0.602
443.000 0.358 0.605
444.000 0.359 0.608
445.000 0.361 0.611
446.000 0.363 0.613
447.000 0.366 0.616
448.000 0.369 0.619
449.000 0.371 0.622
450.000 0.374 0.625
451.000 0.377 0.628
452.000 0.379 0.631
453.000 0.382 0.635
454.000 0.384 0.639
455.000 0.387 0.643
456.000 0.390 0.647
457.000 0.392 0.651
458.000 0.395 0.655
459.000 0.398 0.658
460.000 0.400 0.662
461.000 0.403 0.666
462.000 0.406 0.670
463.000 0.408 0.674
464.000 0.411 0.678
465.000 0.414 0.682
466.000 0.416 0.686
467.000 0.419 0.689
468.000 0.422 0.693
469.000 0.424 0.697
470.000 0.427 0.701
471.000 0.429 0.705
472.000 0.432 0.709
473.000 0.435 0.713
474.000 0.437 0.717
475.000 0.440 0.721
476.000 0.443 0.724
477.000 0.445 0.728
478.000 0.448 0.732
479.000 0.451 0.736
480.000 0.453 0.740
481.000 0.456 0.744
482.000 0.459 0.748
483.000 0.461 0.752
484.000 0.464 0.755
485.000 0.466 0.759
486.000 0.469 0.763
487.000 0.472 0.767
488.000 0.474 0.771
489.000 0.477 0.775
490.000 0.480 0.779
491.000 0.482 0.783
492.000 0.485 0.787
493.000 0.488 0.790
494.000 0.490 0.794
495.000 0.493 0.798
496.000 0.496 0.802
497.000 0.498 0.806
498.000 0.501 0.810
499.000 0.504 0.814
500.000 0.508 0.818
501.000 0.513 0.821
502.000 0.517 0.825
503.000 0.522 0.829
504.000 0.527 0.833
505.000 0.531 0.836
506.000 0.536 0.839
507.000 0.541 0.842
508.000 0.545 0.845
509.000 0.550 0.849
510.000 0.555 0.852
511.000 0.559 0.855
512.000 0.564 0.858
513.000 0.568 0.861
514.000 0.573 0.864
515.000 0.578 0.867
516.000 0.582 0.870
517.000 0.587 0.874
518.000 0.592 0.877
519.000 0.596 0.880
520.000 0.601 0.883
521.000 0.606 0.886
522.000 0.610 0.889
523.000 0.615 0.892
524.000 0.620 0.895
525.000 0.624 0.899
526.000 0.629 0.902
527.000 0.634 0.905
528.000 0.638 0.908
529.000 0.643 0.911
530.000 0.647 0.914
531.000 0.652 0.917
532.000 0.657 0.920
533.000 0.661 0.924
534.000 0.666 0.927
535.000 0.671 0.930
536.000 0.675 0.933
537.000 0.680 0.936
538.000 0.685 0.939
539.000 0.689 0.943
540.000 0.694 0.948
541.000 0.699 0.953
542.000 0.703 0.958
543.000 0.708 0.963
544.000 0.713 0.968
545.000 0.717 0.973
546.000 0.722 0.978
547.000 0.726 0.983
548.000 0.731 0.988
549.000 0.736 0.993
550.000 0.740 0.997
551.000 0.745 1.002
552.000 0.750 1.007
553.000 0.754 1.012
554.000 0.759 1.017
555.000 0.764 1.022
556.000 0.768 1.027
557.000 0.773 1.032
558.000 0.778 1.037
559.000 0.782 1.042
560.000 0.787 1.047
561.000 0.792 1.052
562.000 0.796 1.057
563.000 0.801 1.062
564.000 0.805 1.066
565.000 0.810 1.071
566.000 0.815 1.076
567.000 0.819 1.081
568.000 0.824 1.086
569.000 0.829 1.091
570.000 0.833 1.096
571.000 0.838 1.101
572.000 0.843 1.106
573.000 0.847 1.111
574.000 0.852 1.116
575.000 0.857 1.121
576.000 0.861 1.126
577.000 0.866 1.130
578.000 0.871 1.135
579.000 0.875 1.140
580.000 0.880 1.145
581.000 0.884 1.150
582.000 0.889 1.155
583.000 0.894 1.160
584.000 0.898 1.165
585.000 0.903 1.170
586.000 0.908 1.175
587.000 0.912 1.180
588.000 0.917 1.185
589.000 0.922 1.190
590.000 0.926 1.195
591.000 0.931 1.199
592.000 0.936 1.204
593.000 0.940 1.209
594.000 0.945 1.214
595.000 0.950 1.219
596.000 0.954 1.224
597.000 0.959 1.229
598.000 0.963 1.234
599.000 0.968 1.239
600.000 0.973 1.244
