#CMS PAS HIG-13-003, March 2013
#13003_CMS_H-WW-lnulnu_25fb-1
#
#Columns: Mh obs exp (ratio wrt SM)

110.000 5.166 1.930
115.000 2.859 1.031
120.000 1.733 0.614
125.000 1.147 0.405
130.000 0.852 0.285
135.000 0.691 0.216
140.000 0.558 0.175
145.000 0.448 0.144
150.000 0.362 0.119
155.000 0.286 0.093
160.000 0.212 0.072
165.000 0.210 0.075
170.000 0.210 0.082
175.000 0.235 0.100
180.000 0.260 0.121
185.000 0.312 0.154
190.000 0.363 0.188
195.000 0.380 0.223
200.000 0.397 0.254
205.000 0.404 0.276
210.000 0.408 0.294
215.000 0.412 0.311
220.000 0.417 0.330
225.000 0.421 0.351
230.000 0.423 0.371
235.000 0.426 0.392
240.000 0.429 0.412
245.000 0.432 0.432
250.000 0.435 0.452
255.000 0.438 0.460
260.000 0.440 0.464
265.000 0.443 0.469
270.000 0.446 0.473
275.000 0.448 0.478
280.000 0.450 0.483
285.000 0.452 0.487
290.000 0.454 0.490
295.000 0.456 0.493
300.000 0.458 0.495
305.000 0.444 0.486
310.000 0.428 0.477
315.000 0.412 0.467
320.000 0.396 0.458
325.000 0.380 0.449
330.000 0.364 0.440
335.000 0.348 0.432
340.000 0.332 0.425
345.000 0.316 0.417
350.000 0.300 0.409
355.000 0.297 0.410
360.000 0.294 0.413
365.000 0.291 0.417
370.000 0.288 0.420
375.000 0.285 0.423
380.000 0.282 0.427
385.000 0.279 0.429
390.000 0.276 0.432
395.000 0.273 0.435
400.000 0.270 0.441
405.000 0.271 0.450
410.000 0.274 0.458
415.000 0.277 0.468
420.000 0.280 0.478
425.000 0.283 0.489
430.000 0.286 0.500
435.000 0.289 0.510
440.000 0.292 0.521
445.000 0.294 0.532
450.000 0.297 0.543
455.000 0.300 0.554
460.000 0.303 0.570
465.000 0.306 0.586
470.000 0.309 0.602
475.000 0.313 0.618
480.000 0.316 0.634
485.000 0.320 0.650
490.000 0.323 0.666
495.000 0.327 0.682
500.000 0.330 0.698
505.000 0.355 0.714
510.000 0.384 0.733
515.000 0.412 0.753
520.000 0.440 0.772
525.000 0.469 0.792
530.000 0.497 0.812
535.000 0.525 0.831
540.000 0.553 0.851
545.000 0.582 0.871
550.000 0.610 0.890
555.000 0.633 0.910
560.000 0.653 0.930
565.000 0.672 0.949
570.000 0.692 0.969
575.000 0.712 0.993
580.000 0.731 1.016
585.000 0.751 1.040
590.000 0.771 1.063
595.000 0.790 1.087
600.000 0.810 1.110
