#CMS-PAS-HIG-13-001, Mar 2013
#13001_CMS_H-gaga_MVA_25fb-1.txt
#
#Columns: Mh obs exp (ratio wrt SM)

110.000 0.650 0.577
110.500 0.679 0.573
111.000 0.705 0.569
111.500 0.709 0.563
112.000 0.681 0.558
112.500 0.626 0.553
113.000 0.535 0.548
113.500 0.423 0.543
114.000 0.340 0.538
114.500 0.309 0.533
115.000 0.299 0.529
115.500 0.310 0.525
116.000 0.316 0.521
116.500 0.317 0.517
117.000 0.308 0.512
117.500 0.288 0.507
118.000 0.271 0.502
118.500 0.284 0.497
119.000 0.321 0.494
119.500 0.405 0.491
120.000 0.535 0.488
120.500 0.701 0.485
121.000 0.794 0.482
121.500 0.850 0.480
122.000 0.896 0.478
122.500 0.935 0.477
123.000 1.040 0.477
123.500 1.170 0.476
124.000 1.224 0.476
124.500 1.246 0.476
125.000 1.262 0.476
125.500 1.264 0.475
126.000 1.253 0.474
126.500 1.234 0.473
127.000 1.193 0.474
127.500 1.125 0.477
128.000 0.816 0.480
128.500 0.419 0.480
129.000 0.325 0.481
129.500 0.288 0.481
130.000 0.286 0.485
130.500 0.294 0.489
131.000 0.324 0.492
131.500 0.357 0.495
132.000 0.398 0.497
132.500 0.436 0.500
133.000 0.472 0.502
133.500 0.516 0.504
134.000 0.616 0.506
134.500 0.790 0.509
135.000 0.883 0.513
135.500 0.929 0.516
136.000 0.955 0.520
136.500 0.957 0.524
137.000 0.955 0.529
137.500 0.935 0.533
138.000 0.890 0.537
138.500 0.706 0.542
139.000 0.497 0.546
139.500 0.375 0.550
140.000 0.343 0.554
140.500 0.344 0.560
141.000 0.377 0.566
141.500 0.408 0.573
142.000 0.432 0.579
142.500 0.454 0.586
143.000 0.468 0.593
143.500 0.474 0.600
144.000 0.475 0.608
144.500 0.464 0.616
145.000 0.437 0.624
145.500 0.405 0.632
146.000 0.364 0.644
146.500 0.329 0.655
147.000 0.336 0.667
147.500 0.408 0.681
148.000 0.551 0.697
148.500 0.760 0.713
149.000 1.024 0.728
149.500 1.191 0.742
150.000 1.279 0.757
