#CMS PAS HIG-13-002, March 2013
#13002-1_CMS_H-ZZ-4l_lowm_25fb-1
#
#Columns: Mh obs exp (ratio wrt SM)

110.000 2.025 1.643
111.000 1.615 1.397
112.000 1.527 1.205
113.000 1.560 1.042
114.000 1.566 0.886
115.000 1.480 0.785
116.000 1.428 0.693
117.000 1.327 0.614
118.000 1.233 0.543
119.000 1.266 0.483
120.000 1.558 0.433
121.000 1.786 0.388
122.000 1.916 0.352
123.000 1.888 0.322
124.000 1.760 0.297
125.000 1.589 0.272
126.000 1.372 0.254
127.000 1.282 0.237
128.000 1.187 0.221
129.000 1.073 0.205
130.000 0.945 0.191
131.000 0.804 0.177
132.000 0.641 0.165
133.000 0.535 0.156
134.000 0.442 0.146
135.000 0.343 0.137
136.000 0.240 0.128
137.000 0.182 0.122
138.000 0.156 0.117
139.000 0.140 0.113
140.000 0.128 0.109
141.000 0.125 0.106
142.000 0.145 0.103
143.000 0.215 0.101
144.000 0.250 0.099
145.000 0.255 0.097
146.000 0.239 0.095
147.000 0.215 0.093
148.000 0.190 0.092
149.000 0.176 0.091
150.000 0.179 0.092
