#CMS arXiv:1202.1487, 9. Feb. 2012
#1487_CMS_H-gaga_4.8fb-1.txt
#read from fig.2b
#columns: Mh, obs. limit (normalised to the SM)

       110.0          0.8526           1.808    
       110.5          0.8909           1.788    
       111.0          0.9978           1.768    
       111.5           1.277           1.748    
       112.0           1.556           1.727    
       112.5           1.649           1.707    
       113.0           1.576           1.687    
       113.5           1.431           1.670    
       114.0           1.336           1.653    
       114.5           1.169           1.636    
       115.0           1.197           1.619    
       115.5           1.163           1.605    
       116.0           1.290           1.591    
       116.5           1.351           1.577    
       117.0           1.411           1.564    
       117.5           1.443           1.550    
       118.0           1.475           1.540    
       118.5           1.391           1.530    
       119.0           1.348           1.520    
       119.5           1.392           1.510    
       120.0           1.435           1.500    
       120.5           1.637           1.492    
       121.0           1.915           1.484    
       121.5           2.333           1.477    
       122.0           2.751           1.469    
       122.5           3.155           1.461    
       123.0           3.402           1.459    
       123.5           3.503           1.457    
       124.0           3.523           1.455    
       124.5           3.441           1.453    
       125.0           3.155           1.451    
       125.5           2.703           1.452    
       126.0           2.165           1.453    
       126.5           1.627           1.454    
       127.0           1.250           1.455    
       127.5          0.9474           1.455    
       128.0          0.8728           1.460    
       128.5          0.7962           1.464    
       129.0          0.7881           1.469    
       129.5          0.8688           1.473    
       130.0          0.7337           1.477    
       130.5          0.6853           1.486    
       131.0          0.7418           1.495    
       131.5          0.7760           1.504    
       132.0          0.9418           1.513    
       132.5           1.108           1.522    
       133.0           1.273           1.535    
       133.5           1.439           1.548    
       134.0           1.500           1.561    
       134.5           1.707           1.573    
       135.0           1.915           1.586    
       135.5           2.175           1.602    
       136.0           2.457           1.619    
       136.5           2.695           1.635    
       137.0           2.713           1.651    
       137.5           2.651           1.667    
       138.0           2.423           1.689    
       138.5           2.195           1.711    
       139.0           1.967           1.732    
       139.5           1.834           1.754    
       140.0           1.778           1.776    
       140.5           1.740           1.801    
       141.0           1.691           1.827    
       141.5           1.703           1.852    
       142.0           1.727           1.877    
       142.5           1.826           1.903    
       143.0           2.012           1.935    
       143.5           2.094           1.966    
       144.0           2.104           1.998    
       144.5           2.024           2.030    
       145.0           1.750           2.062    
       145.5           1.559           2.095    
       146.0           1.369           2.129    
       146.5           1.149           2.162    
       147.0           1.177           2.196    
       147.5           1.288           2.229    
       148.0           1.459           2.270    
       148.5           1.744           2.312    
       149.0           2.104           2.353    
       149.5           2.663           2.394    
       150.0           3.142           2.435    
