        -100  5.99999999999999978E-002  0.10000000000000001       0.14000000000000001       0.17999999999999999     
   90.000000000000000        21700.000000000000        12900.000000000000        9690.0000000000000        9690.0000000000000     
  100.000000000000000        16800.000000000000        10700.000000000000        7720.0000000000000        7720.0000000000000     
   110.00000000000000        12700.000000000000        8060.0000000000000        5880.0000000000000        5880.0000000000000     
   120.00000000000000        10200.000000000000        6650.0000000000000        4730.0000000000000        4730.0000000000000     
   130.00000000000000        7450.0000000000000        5120.0000000000000        3640.0000000000000        3640.0000000000000     
   140.00000000000000        5940.0000000000000        4080.0000000000000        2950.0000000000000        2950.0000000000000     
   150.00000000000000        4770.0000000000000        3220.0000000000000        2390.0000000000000        2390.0000000000000     
   160.00000000000000        3740.0000000000000        2520.0000000000000        1920.0000000000000        1920.0000000000000     
   170.00000000000000        3280.0000000000000        2270.0000000000000        1750.0000000000000        1750.0000000000000     
   180.00000000000000        3000.0000000000000        2130.0000000000000        1610.0000000000000        1610.0000000000000     
   190.00000000000000        2560.0000000000000        1820.0000000000000        1400.0000000000000        1400.0000000000000     
   200.00000000000000        2310.0000000000000        1700.0000000000000        1270.0000000000000        1270.0000000000000     
   210.00000000000000        2060.0000000000000        1520.0000000000000        1200.0000000000000        1200.0000000000000     
   220.00000000000000        1860.0000000000000        1430.0000000000000        1160.0000000000000        1160.0000000000000     
   230.00000000000000        1660.0000000000000        1310.0000000000000        1030.0000000000000        1030.0000000000000     
   240.00000000000000        1440.0000000000000        1140.0000000000000        922.00000000000000        922.00000000000000     
   250.00000000000000        1310.0000000000000        1090.0000000000000        860.00000000000000        860.00000000000000     
   260.00000000000000        1180.0000000000000        989.00000000000000        838.00000000000000        838.00000000000000     
   270.00000000000000        1070.0000000000000        898.00000000000000        748.00000000000000        748.00000000000000     
   280.00000000000000        972.00000000000000        852.00000000000000        722.00000000000000        722.00000000000000     
   290.00000000000000        955.00000000000000        802.00000000000000        691.00000000000000        691.00000000000000     
   300.00000000000000        860.00000000000000        754.00000000000000        656.00000000000000        656.00000000000000     
