        -100  5.99999999999999978E-002  0.10000000000000001       0.14000000000000001       0.17999999999999999     
   90.000000000000000        39900.000000000000        24500.000000000000        17100.000000000000        17100.000000000000     
  100.000000000000000        29100.000000000000        19000.000000000000        13600.000000000000        13600.000000000000     
   110.00000000000000        28100.000000000000        16800.000000000000        11500.000000000000        11500.000000000000     
   120.00000000000000        13700.000000000000        7520.0000000000000        4810.0000000000000        4810.0000000000000     
   130.00000000000000        9110.0000000000000        5390.0000000000000        3700.0000000000000        3700.0000000000000     
   140.00000000000000        7450.0000000000000        4410.0000000000000        3080.0000000000000        3080.0000000000000     
   150.00000000000000        4150.0000000000000        2560.0000000000000        1810.0000000000000        1810.0000000000000     
   160.00000000000000        3190.0000000000000        2030.0000000000000        1470.0000000000000        1470.0000000000000     
   170.00000000000000        3000.0000000000000        1870.0000000000000        1370.0000000000000        1370.0000000000000     
   180.00000000000000        3480.0000000000000        1990.0000000000000        1660.0000000000000        1660.0000000000000     
   190.00000000000000        3250.0000000000000        2130.0000000000000        1530.0000000000000        1530.0000000000000     
   200.00000000000000        3250.0000000000000        2150.0000000000000        1530.0000000000000        1530.0000000000000     
   210.00000000000000        2730.0000000000000        1890.0000000000000        1390.0000000000000        1390.0000000000000     
   220.00000000000000        2480.0000000000000        1810.0000000000000        1370.0000000000000        1370.0000000000000     
   230.00000000000000        1870.0000000000000        1440.0000000000000        1110.0000000000000        1110.0000000000000     
   240.00000000000000        1610.0000000000000        1260.0000000000000        989.00000000000000        989.00000000000000     
   250.00000000000000        1420.0000000000000        1140.0000000000000        930.00000000000000        930.00000000000000     
   260.00000000000000        1330.0000000000000        1100.0000000000000        922.00000000000000        922.00000000000000     
   270.00000000000000        1130.0000000000000        955.00000000000000        809.00000000000000        809.00000000000000     
   280.00000000000000        947.00000000000000        823.00000000000000        716.00000000000000        716.00000000000000     
   290.00000000000000        703.00000000000000        633.00000000000000        575.00000000000000        575.00000000000000     
   300.00000000000000        617.00000000000000        555.00000000000000        504.00000000000000        504.00000000000000     
