# Published at Moriond 2013.
2013030202	201303002	2
ATL-CONF-2013-030
LHC, ATL, ATL
(pp)->VBF->WW->lnulnu
8 	25.3	0.036
1	0
8.0
115.0 150.0 0.1
1	-1
22

       115.0           2.491           4.372           6.561    
       115.1           2.468           4.333           6.503    
       115.2           2.446           4.294           6.445    
       115.3           2.424           4.256           6.386    
       115.4           2.402           4.217           6.328    
       115.5           2.379           4.178           6.270    
       115.6           2.357           4.140           6.212    
       115.7           2.335           4.101           6.154    
       115.8           2.313           4.063           6.096    
       115.9           2.291           4.024           6.038    
       116.0           2.269           3.986           5.980    
       116.1           2.247           3.948           5.923    
       116.2           2.225           3.910           5.865    
       116.3           2.203           3.872           5.808    
       116.4           2.181           3.834           5.751    
       116.5           2.159           3.796           5.694    
       116.6           2.138           3.759           5.638    
       116.7           2.116           3.721           5.581    
       116.8           2.094           3.684           5.525    
       116.9           2.073           3.646           5.469    
       117.0           2.052           3.609           5.413    
       117.1           2.030           3.573           5.358    
       117.2           2.009           3.536           5.302    
       117.3           1.988           3.499           5.247    
       117.4           1.968           3.463           5.193    
       117.5           1.947           3.427           5.138    
       117.6           1.926           3.391           5.085    
       117.7           1.906           3.355           5.031    
       117.8           1.885           3.320           4.978    
       117.9           1.865           3.285           4.925    
       118.0           1.845           3.250           4.872    
       118.1           1.825           3.215           4.820    
       118.2           1.805           3.181           4.769    
       118.3           1.786           3.147           4.717    
       118.4           1.766           3.113           4.666    
       118.5           1.747           3.079           4.616    
       118.6           1.728           3.046           4.566    
       118.7           1.709           3.013           4.517    
       118.8           1.690           2.981           4.468    
       118.9           1.672           2.948           4.419    
       119.0           1.654           2.916           4.372    
       119.1           1.636           2.885           4.324    
       119.2           1.618           2.853           4.277    
       119.3           1.600           2.823           4.231    
       119.4           1.583           2.792           4.185    
       119.5           1.565           2.762           4.140    
       119.6           1.548           2.732           4.096    
       119.7           1.532           2.703           4.052    
       119.8           1.515           2.674           4.009    
       119.9           1.499           2.645           3.966    
       120.0           1.483           2.617           3.924    
       120.1           1.467           2.590           3.883    
       120.2           1.451           2.562           3.842    
       120.3           1.436           2.536           3.802    
       120.4           1.421           2.509           3.762    
       120.5           1.406           2.483           3.724    
       120.6           1.392           2.458           3.685    
       120.7           1.378           2.432           3.648    
       120.8           1.363           2.408           3.611    
       120.9           1.350           2.383           3.575    
       121.0           1.336           2.359           3.539    
       121.1           1.323           2.336           3.504    
       121.2           1.309           2.312           3.469    
       121.3           1.296           2.289           3.435    
       121.4           1.284           2.267           3.401    
       121.5           1.271           2.245           3.368    
       121.6           1.259           2.223           3.336    
       121.7           1.246           2.201           3.304    
       121.8           1.234           2.180           3.272    
       121.9           1.223           2.159           3.242    
       122.0           1.211           2.139           3.211    
       122.1           1.200           2.119           3.181    
       122.2           1.188           2.099           3.152    
       122.3           1.177           2.079           3.123    
       122.4           1.166           2.060           3.094    
       122.5           1.156           2.041           3.066    
       122.6           1.145           2.023           3.039    
       122.7           1.135           2.004           3.011    
       122.8           1.124           1.986           2.985    
       122.9           1.114           1.969           2.958    
       123.0           1.104           1.951           2.932    
       123.1           1.094           1.934           2.907    
       123.2           1.085           1.917           2.882    
       123.3           1.075           1.900           2.857    
       123.4           1.066           1.884           2.833    
       123.5           1.057           1.868           2.809    
       123.6           1.048           1.852           2.785    
       123.7           1.039           1.836           2.762    
       123.8           1.030           1.820           2.739    
       123.9           1.021           1.805           2.716    
       124.0           1.012           1.790           2.694    
       124.1           1.004           1.775           2.672    
       124.2          0.9953           1.761           2.650    
       124.3          0.9870           1.746           2.629    
       124.4          0.9787           1.732           2.608    
       124.5          0.9706           1.718           2.587    
       124.6          0.9626           1.704           2.567    
       124.7          0.9546           1.690           2.547    
       124.8          0.9468           1.677           2.527    
       124.9          0.9390           1.664           2.507    
       125.0          0.9313           1.650           2.487    
       125.1          0.9237           1.637           2.468    
       125.2          0.9162           1.625           2.449    
       125.3          0.9087           1.612           2.430    
       125.4          0.9013           1.599           2.412    
       125.5          0.8940           1.587           2.394    
       125.6          0.8867           1.575           2.375    
       125.7          0.8796           1.563           2.357    
       125.8          0.8725           1.551           2.340    
       125.9          0.8655           1.539           2.322    
       126.0          0.8585           1.527           2.305    
       126.1          0.8516           1.516           2.288    
       126.2          0.8448           1.504           2.271    
       126.3          0.8381           1.493           2.255    
       126.4          0.8314           1.482           2.238    
       126.5          0.8248           1.471           2.222    
       126.6          0.8183           1.460           2.206    
       126.7          0.8118           1.450           2.190    
       126.8          0.8054           1.439           2.174    
       126.9          0.7991           1.428           2.159    
       127.0          0.7928           1.418           2.143    
       127.1          0.7866           1.408           2.128    
       127.2          0.7805           1.398           2.113    
       127.3          0.7745           1.388           2.098    
       127.4          0.7685           1.378           2.084    
       127.5          0.7625           1.368           2.069    
       127.6          0.7567           1.358           2.055    
       127.7          0.7508           1.349           2.041    
       127.8          0.7451           1.339           2.027    
       127.9          0.7394           1.330           2.013    
       128.0          0.7338           1.321           1.999    
       128.1          0.7282           1.312           1.985    
       128.2          0.7227           1.302           1.972    
       128.3          0.7173           1.293           1.959    
       128.4          0.7119           1.285           1.945    
       128.5          0.7066           1.276           1.932    
       128.6          0.7013           1.267           1.919    
       128.7          0.6961           1.258           1.907    
       128.8          0.6910           1.250           1.894    
       128.9          0.6859           1.241           1.881    
       129.0          0.6809           1.233           1.869    
       129.1          0.6759           1.225           1.857    
       129.2          0.6710           1.216           1.844    
       129.3          0.6661           1.208           1.832    
       129.4          0.6613           1.200           1.820    
       129.5          0.6565           1.192           1.808    
       129.6          0.6518           1.184           1.797    
       129.7          0.6472           1.176           1.785    
       129.8          0.6426           1.168           1.773    
       129.9          0.6380           1.161           1.762    
       130.0          0.6335           1.153           1.750    
       130.1          0.6291           1.145           1.739    
       130.2          0.6247           1.138           1.728    
       130.3          0.6203           1.130           1.716    
       130.4          0.6160           1.122           1.705    
       130.5          0.6118           1.115           1.694    
       130.6          0.6076           1.108           1.683    
       130.7          0.6034           1.100           1.672    
       130.8          0.5993           1.093           1.662    
       130.9          0.5952           1.086           1.651    
       131.0          0.5912           1.079           1.640    
       131.1          0.5872           1.071           1.630    
       131.2          0.5833           1.064           1.619    
       131.3          0.5794           1.057           1.609    
       131.4          0.5755           1.050           1.599    
       131.5          0.5717           1.044           1.589    
       131.6          0.5679           1.037           1.578    
       131.7          0.5641           1.030           1.568    
       131.8          0.5604           1.023           1.558    
       131.9          0.5567           1.016           1.549    
       132.0          0.5531           1.010           1.539    
       132.1          0.5495           1.003           1.529    
       132.2          0.5459          0.9967           1.519    
       132.3          0.5423          0.9902           1.510    
       132.4          0.5388          0.9838           1.500    
       132.5          0.5353          0.9774           1.491    
       132.6          0.5319          0.9711           1.482    
       132.7          0.5302          0.9648           1.473    
       132.8          0.5284          0.9586           1.463    
       132.9          0.5250          0.9524           1.454    
       133.0          0.5217          0.9463           1.445    
       133.1          0.5183          0.9403           1.437    
       133.2          0.5150          0.9342           1.428    
       133.3          0.5117          0.9283           1.419    
       133.4          0.5084          0.9224           1.410    
       133.5          0.5051          0.9165           1.402    
       133.6          0.5019          0.9107           1.393    
       133.7          0.4987          0.9049           1.385    
       133.8          0.4955          0.8992           1.377    
       133.9          0.4923          0.8936           1.368    
       134.0          0.4892          0.8880           1.360    
       134.1          0.4860          0.8824           1.352    
       134.2          0.4829          0.8769           1.344    
       134.3          0.4798          0.8715           1.336    
       134.4          0.4767          0.8660           1.329    
       134.5          0.4736          0.8607           1.321    
       134.6          0.4705          0.8554           1.313    
       134.7          0.4675          0.8501           1.306    
       134.8          0.4644          0.8449           1.298    
       134.9          0.4614          0.8398           1.291    
       135.0          0.4584          0.8346           1.284    
       135.1          0.4554          0.8296           1.276    
       135.2          0.4524          0.8246           1.269    
       135.3          0.4494          0.8196           1.262    
       135.4          0.4464          0.8147           1.255    
       135.5          0.4434          0.8098           1.248    
       135.6          0.4404          0.8050           1.241    
       135.7          0.4375          0.8002           1.235    
       135.8          0.4345          0.7955           1.228    
       135.9          0.4316          0.7908           1.221    
       136.0          0.4287          0.7862           1.215    
       136.1          0.4258          0.7816           1.208    
       136.2          0.4229          0.7771           1.202    
       136.3          0.4200          0.7726           1.196    
       136.4          0.4172          0.7682           1.190    
       136.5          0.4144          0.7638           1.183    
       136.6          0.4115          0.7595           1.177    
       136.7          0.4087          0.7552           1.171    
       136.8          0.4060          0.7509           1.165    
       136.9          0.4032          0.7468           1.160    
       137.0          0.4005          0.7426           1.154    
       137.1          0.3978          0.7385           1.148    
       137.2          0.3951          0.7345           1.142    
       137.3          0.3924          0.7325           1.140    
       137.4          0.3898          0.7305           1.137    
       137.5          0.3871          0.7265           1.131    
       137.6          0.3845          0.7226           1.126    
       137.7          0.3820          0.7188           1.121    
       137.8          0.3794          0.7150           1.115    
       137.9          0.3769          0.7112           1.110    
       138.0          0.3744          0.7075           1.105    
       138.1          0.3720          0.7039           1.100    
       138.2          0.3695          0.7003           1.095    
       138.3          0.3671          0.6967           1.090    
       138.4          0.3647          0.6932           1.085    
       138.5          0.3624          0.6897           1.080    
       138.6          0.3601          0.6863           1.075    
       138.7          0.3578          0.6829           1.070    
       138.8          0.3556          0.6796           1.066    
       138.9          0.3534          0.6763           1.061    
       139.0          0.3512          0.6731           1.057    
       139.1          0.3491          0.6699           1.052    
       139.2          0.3470          0.6668           1.048    
       139.3          0.3449          0.6637           1.043    
       139.4          0.3429          0.6607           1.039    
       139.5          0.3409          0.6577           1.035    
       139.6          0.3389          0.6548           1.030    
       139.7          0.3370          0.6519           1.026    
       139.8          0.3351          0.6490           1.022    
       139.9          0.3333          0.6462           1.018    
       140.0          0.3315          0.6435           1.014    
       140.1          0.3298          0.6408           1.010    
       140.2          0.3281          0.6382           1.006    
       140.3          0.3264          0.6356           1.002    
       140.4          0.3248          0.6330          0.9985    
       140.5          0.3232          0.6305          0.9947    
       140.6          0.3216          0.6280          0.9910    
       140.7          0.3201          0.6256          0.9873    
       140.8          0.3186          0.6232          0.9837    
       140.9          0.3171          0.6208          0.9801    
       141.0          0.3157          0.6185          0.9765    
       141.1          0.3143          0.6162          0.9730    
       141.2          0.3130          0.6139          0.9696    
       141.3          0.3116          0.6117          0.9661    
       141.4          0.3103          0.6095          0.9627    
       141.5          0.3091          0.6074          0.9593    
       141.6          0.3078          0.6052          0.9560    
       141.7          0.3066          0.6031          0.9527    
       141.8          0.3053          0.6010          0.9494    
       141.9          0.3042          0.5989          0.9461    
       142.0          0.3030          0.5969          0.9429    
       142.1          0.3018          0.5949          0.9397    
       142.2          0.3007          0.5929          0.9365    
       142.3          0.2996          0.5909          0.9333    
       142.4          0.2985          0.5889          0.9302    
       142.5          0.2974          0.5870          0.9271    
       142.6          0.2963          0.5850          0.9240    
       142.7          0.2952          0.5831          0.9209    
       142.8          0.2942          0.5812          0.9178    
       142.9          0.2931          0.5793          0.9148    
       143.0          0.2921          0.5773          0.9117    
       143.1          0.2910          0.5754          0.9087    
       143.2          0.2900          0.5735          0.9057    
       143.3          0.2889          0.5717          0.9026    
       143.4          0.2879          0.5698          0.8996    
       143.5          0.2869          0.5679          0.8966    
       143.6          0.2859          0.5660          0.8936    
       143.7          0.2848          0.5641          0.8907    
       143.8          0.2838          0.5622          0.8877    
       143.9          0.2828          0.5603          0.8847    
       144.0          0.2817          0.5584          0.8817    
       144.1          0.2807          0.5565          0.8787    
       144.2          0.2796          0.5545          0.8757    
       144.3          0.2786          0.5526          0.8727    
       144.4          0.2775          0.5506          0.8697    
       144.5          0.2764          0.5487          0.8667    
       144.6          0.2753          0.5467          0.8637    
       144.7          0.2742          0.5447          0.8606    
       144.8          0.2731          0.5427          0.8576    
       144.9          0.2720          0.5407          0.8545    
       145.0          0.2708          0.5386          0.8514    
       145.1          0.2696          0.5365          0.8484    
       145.2          0.2684          0.5344          0.8453    
       145.3          0.2672          0.5323          0.8421    
       145.4          0.2660          0.5302          0.8390    
       145.5          0.2648          0.5280          0.8359    
       145.6          0.2635          0.5258          0.8327    
       145.7          0.2622          0.5236          0.8295    
       145.8          0.2609          0.5214          0.8263    
       145.9          0.2596          0.5191          0.8231    
       146.0          0.2583          0.5169          0.8199    
       146.1          0.2570          0.5146          0.8167    
       146.2          0.2556          0.5123          0.8134    
       146.3          0.2543          0.5100          0.8102    
       146.4          0.2529          0.5077          0.8069    
       146.5          0.2515          0.5053          0.8036    
       146.6          0.2501          0.5029          0.8004    
       146.7          0.2487          0.5006          0.7971    
       146.8          0.2473          0.4982          0.7937    
       146.9          0.2458          0.4958          0.7904    
       147.0          0.2444          0.4933          0.7871    
       147.1          0.2429          0.4909          0.7837    
       147.2          0.2414          0.4885          0.7804    
       147.3          0.2400          0.4860          0.7770    
       147.4          0.2385          0.4835          0.7737    
       147.5          0.2370          0.4810          0.7703    
       147.6          0.2355          0.4785          0.7669    
       147.7          0.2339          0.4760          0.7635    
       147.8          0.2324          0.4735          0.7601    
       147.9          0.2309          0.4710          0.7567    
       148.0          0.2293          0.4684          0.7533    
       148.1          0.2278          0.4659          0.7499    
       148.2          0.2262          0.4633          0.7465    
       148.3          0.2247          0.4608          0.7430    
       148.4          0.2231          0.4582          0.7396    
       148.5          0.2215          0.4556          0.7361    
       148.6          0.2200          0.4530          0.7327    
       148.7          0.2184          0.4504          0.7293    
       148.8          0.2168          0.4478          0.7258    
       148.9          0.2152          0.4452          0.7223    
       149.0          0.2136          0.4426          0.7189    
       149.1          0.2120          0.4400          0.7154    
       149.2          0.2104          0.4374          0.7119    
       149.3          0.2088          0.4348          0.7085    
       149.4          0.2072          0.4322          0.7050    
       149.5          0.2056          0.4295          0.7015    
       149.6          0.2039          0.4269          0.6980    
       149.7          0.2023          0.4243          0.6946    
       149.8          0.2007          0.4216          0.6911    
       149.9          0.1991          0.4190          0.6876    
       150.0          0.1975          0.4164          0.6841    
