# Published at Moriond 2013.
# Data read in from Fig. 25a.
# No efficiencies are given (for this inclusive result)
2013013201	201301301	2
ATL-CONF-2013-013
LHC, ATL, ATL
(pp)->h->ZZ->4l
8	25.3	0.036
1	1
1.1
110.0 180.0 0.1
4	-1
13 23 33 43

       110.0         -0.6568         -0.6395         -0.1845    
       110.1         -0.6563         -0.6384         -0.1730    
       110.2         -0.6558         -0.6372         -0.1615    
       110.3         -0.6552         -0.6361         -0.1499    
       110.4         -0.6547         -0.6349         -0.1384    
       110.5         -0.6542         -0.6338         -0.1269    
       110.6         -0.6537         -0.6338         -0.7506E-01
       110.7         -0.6531         -0.6338         -0.2322E-01
       110.8         -0.6526         -0.6338          0.2862E-01
       110.9         -0.6521         -0.6338          0.8525E-01
       111.0         -0.6516         -0.6338          0.1419    
       111.1         -0.6510         -0.5721          0.1985    
       111.2         -0.6414         -0.5105          0.3468    
       111.3         -0.6318         -0.4489          0.4952    
       111.4         -0.6222         -0.3872          0.6435    
       111.5         -0.6035         -0.3256          0.7918    
       111.6         -0.5848         -0.2075          0.9113    
       111.7         -0.5661         -0.8946E-01       1.031    
       111.8         -0.5474          0.2862E-01       1.150    
       111.9         -0.5286          0.1467           1.270    
       112.0         -0.5099          0.2648           1.389    
       112.1         -0.4127          0.3627           1.509    
       112.2         -0.3155          0.4606           1.593    
       112.3         -0.2183          0.5585           1.677    
       112.4         -0.1211          0.6564           1.761    
       112.5         -0.5951E-01      0.7544           1.845    
       112.6          0.2120E-02      0.8287           1.929    
       112.7          0.6375E-01      0.9030           2.006    
       112.8          0.1254          0.9773           2.082    
       112.9          0.1870           1.052           2.158    
       113.0          0.2452           1.126           2.235    
       113.1          0.3034           1.174           2.272    
       113.2          0.3615           1.221           2.309    
       113.3          0.4197           1.269           2.347    
       113.4          0.4779           1.317           2.384    
       113.5          0.5427           1.365           2.399    
       113.6          0.6075           1.386           2.414    
       113.7          0.6312           1.408           2.429    
       113.8          0.6550           1.429           2.444    
       113.9          0.6788           1.450           2.459    
       114.0          0.7025           1.471           2.463    
       114.1          0.7184           1.483           2.467    
       114.2          0.7342           1.494           2.471    
       114.3          0.7500           1.506           2.475    
       114.4          0.7659           1.518           2.478    
       114.5          0.7737           1.529           2.482    
       114.6          0.7815           1.531           2.479    
       114.7          0.7893           1.534           2.477    
       114.8          0.7971           1.536           2.474    
       114.9          0.8050           1.538           2.471    
       115.0          0.8128           1.541           2.464    
       115.1          0.8206           1.540           2.457    
       115.2          0.8229           1.539           2.450    
       115.3          0.8252           1.539           2.442    
       115.4          0.8275           1.538           2.435    
       115.5          0.8298           1.538           2.428    
       115.6          0.8321           1.535           2.421    
       115.7          0.8327           1.533           2.414    
       115.8          0.8333           1.531           2.407    
       115.9          0.8338           1.528           2.400    
       116.0          0.8344           1.526           2.393    
       116.1          0.8350           1.521           2.381    
       116.2          0.8328           1.516           2.370    
       116.3          0.8307           1.511           2.358    
       116.4          0.8285           1.505           2.347    
       116.5          0.8263           1.500           2.329    
       116.6          0.8235           1.492           2.311    
       116.7          0.8206           1.484           2.294    
       116.8          0.8177           1.476           2.276    
       116.9          0.8148           1.468           2.258    
       117.0          0.8119           1.460           2.240    
       117.1          0.8116           1.454           2.231    
       117.2          0.8113           1.447           2.221    
       117.3          0.8110           1.441           2.212    
       117.4          0.8107           1.435           2.203    
       117.5          0.8103           1.428           2.193    
       117.6          0.8100           1.424           2.184    
       117.7          0.8097           1.419           2.174    
       117.8          0.8094           1.414           2.163    
       117.9          0.8091           1.410           2.151    
       118.0          0.8110           1.405           2.140    
       118.1          0.8129           1.405           2.128    
       118.2          0.8148           1.404           2.117    
       118.3          0.8167           1.403           2.114    
       118.4          0.8187           1.403           2.111    
       118.5          0.8206           1.402           2.108    
       118.6          0.8287           1.406           2.105    
       118.7          0.8369           1.410           2.105    
       118.8          0.8451           1.414           2.105    
       118.9          0.8532           1.418           2.105    
       119.0          0.8614           1.422           2.105    
       119.1          0.8695           1.429           2.105    
       119.2          0.8806           1.436           2.110    
       119.3          0.8916           1.443           2.115    
       119.4          0.9027           1.450           2.119    
       119.5          0.9137           1.457           2.124    
       119.6          0.9247           1.466           2.129    
       119.7          0.9358           1.475           2.134    
       119.8          0.9490           1.485           2.142    
       119.9          0.9623           1.494           2.149    
       120.0          0.9755           1.503           2.157    
       120.1          0.9888           1.518           2.180    
       120.2           1.002           1.533           2.204    
       120.3           1.020           1.548           2.227    
       120.4           1.039           1.563           2.251    
       120.5           1.057           1.578           2.274    
       120.6           1.099           1.629           2.298    
       120.7           1.142           1.679           2.369    
       120.8           1.184           1.730           2.440    
       120.9           1.227           1.781           2.511    
       121.0           1.276           1.831           2.530    
       121.1           1.314           1.861           2.549    
       121.2           1.352           1.891           2.569    
       121.3           1.390           1.921           2.588    
       121.4           1.428           1.951           2.607    
       121.5           1.436           1.981           2.626    
       121.6           1.445           1.982           2.619    
       121.7           1.453           1.983           2.612    
       121.8           1.461           1.985           2.606    
       121.9           1.469           1.986           2.599    
       122.0           1.477           1.987           2.592    
       122.1           1.474           1.978           2.578    
       122.2           1.471           1.969           2.565    
       122.3           1.469           1.959           2.551    
       122.4           1.466           1.950           2.537    
       122.5           1.463           1.941           2.524    
       122.6           1.460           1.931           2.510    
       122.7           1.453           1.920           2.497    
       122.8           1.446           1.910           2.481    
       122.9           1.440           1.899           2.465    
       123.0           1.433           1.889           2.449    
       123.1           1.426           1.879           2.433    
       123.2           1.420           1.868           2.417    
       123.3           1.411           1.858           2.401    
       123.4           1.402           1.848           2.385    
       123.5           1.392           1.837           2.369    
       123.6           1.383           1.822           2.353    
       123.7           1.374           1.806           2.330    
       123.8           1.365           1.791           2.307    
       123.9           1.356           1.775           2.285    
       124.0           1.340           1.759           2.262    
       124.1           1.325           1.739           2.240    
       124.2           1.309           1.718           2.217    
       124.3           1.293           1.697           2.194    
       124.4           1.277           1.676           2.166    
       124.5           1.261           1.656           2.137    
       124.6           1.245           1.633           2.108    
       124.7           1.230           1.610           2.079    
       124.8           1.213           1.587           2.050    
       124.9           1.197           1.564           2.022    
       125.0           1.181           1.541           1.993    
       125.1           1.165           1.520           1.964    
       125.2           1.149           1.500           1.935    
       125.3           1.132           1.480           1.909    
       125.4           1.116           1.460           1.882    
       125.5           1.100           1.440           1.856    
       125.6           1.081           1.418           1.830    
       125.7           1.062           1.397           1.803    
       125.8           1.043           1.376           1.777    
       125.9           1.024           1.355           1.750    
       126.0           1.006           1.333           1.724    
       126.1          0.9867           1.310           1.698    
       126.2          0.9678           1.287           1.671    
       126.3          0.9489           1.264           1.645    
       126.4          0.9300           1.241           1.618    
       126.5          0.9102           1.218           1.590    
       126.6          0.8904           1.195           1.562    
       126.7          0.8706           1.172           1.534    
       126.8          0.8508           1.149           1.505    
       126.9          0.8310           1.126           1.477    
       127.0          0.8112           1.103           1.449    
       127.1          0.7914           1.079           1.421    
       127.2          0.7716           1.054           1.392    
       127.3          0.7524           1.030           1.364    
       127.4          0.7331           1.006           1.336    
       127.5          0.7138          0.9819           1.307    
       127.6          0.6945          0.9582           1.279    
       127.7          0.6753          0.9346           1.251    
       127.8          0.6560          0.9110           1.223    
       127.9          0.6367          0.8874           1.194    
       128.0          0.6174          0.8638           1.166    
       128.1          0.5982          0.8425           1.141    
       128.2          0.5789          0.8212           1.115    
       128.3          0.5596          0.7999           1.089    
       128.4          0.5404          0.7785           1.064    
       128.5          0.5211          0.7572           1.038    
       128.6          0.5001          0.7348           1.013    
       128.7          0.4791          0.7123          0.9870    
       128.8          0.4581          0.6898          0.9614    
       128.9          0.4371          0.6674          0.9358    
       129.0          0.4162          0.6449          0.9125    
       129.1          0.3952          0.6236          0.8891    
       129.2          0.3742          0.6023          0.8658    
       129.3          0.3579          0.5810          0.8425    
       129.4          0.3416          0.5597          0.8191    
       129.5          0.3252          0.5384          0.7958    
       129.6          0.3089          0.5188          0.7725    
       129.7          0.2926          0.4992          0.7492    
       129.8          0.2763          0.4796          0.7258    
       129.9          0.2611          0.4600          0.7025    
       130.0          0.2458          0.4404          0.6811    
       130.1          0.2306          0.4237          0.6597    
       130.2          0.2154          0.4070          0.6383    
       130.3          0.2002          0.3903          0.6169    
       130.4          0.1850          0.3736          0.5955    
       130.5          0.1697          0.3569          0.5742    
       130.6          0.1607          0.3437          0.5528    
       130.7          0.1517          0.3304          0.5388    
       130.8          0.1427          0.3172          0.5248    
       130.9          0.1337          0.3039          0.5108    
       131.0          0.1247          0.2907          0.4968    
       131.1          0.1157          0.2792          0.4828    
       131.2          0.1067          0.2676          0.4688    
       131.3          0.9773E-01      0.2561          0.4548    
       131.4          0.9089E-01      0.2446          0.4427    
       131.5          0.8405E-01      0.2331          0.4305    
       131.6          0.7721E-01      0.2244          0.4184    
       131.7          0.7037E-01      0.2158          0.4062    
       131.8          0.6353E-01      0.2072          0.3940    
       131.9          0.5669E-01      0.1985          0.3819    
       132.0          0.4985E-01      0.1899          0.3697    
       132.1          0.4301E-01      0.1830          0.3576    
       132.2          0.3833E-01      0.1761          0.3454    
       132.3          0.3366E-01      0.1692          0.3371    
       132.4          0.2898E-01      0.1622          0.3288    
       132.5          0.2430E-01      0.1553          0.3204    
       132.6          0.1962E-01      0.1490          0.3121    
       132.7          0.1494E-01      0.1427          0.3038    
       132.8          0.1026E-01      0.1363          0.2955    
       132.9          0.5576E-02      0.1300          0.2872    
       133.0          0.4067E-02      0.1237          0.2788    
       133.1          0.2559E-02      0.1196          0.2705    
       133.2          0.1050E-02      0.1156          0.2650    
       133.3         -0.4581E-03      0.1116          0.2595    
       133.4         -0.1967E-02      0.1075          0.2540    
       133.5         -0.3475E-02      0.1035          0.2485    
       133.6         -0.4984E-02      0.1012          0.2430    
       133.7         -0.6492E-02      0.9888E-01      0.2375    
       133.8         -0.8001E-02      0.9658E-01      0.2320    
       133.9         -0.9509E-02      0.9428E-01      0.2265    
       134.0         -0.1102E-01      0.9197E-01      0.2210    
       134.1         -0.1253E-01      0.8909E-01      0.2155    
       134.2         -0.1403E-01      0.8621E-01      0.2100    
       134.3         -0.1554E-01      0.8333E-01      0.2061    
       134.4         -0.1705E-01      0.8045E-01      0.2022    
       134.5         -0.1856E-01      0.7757E-01      0.1983    
       134.6         -0.2007E-01      0.7527E-01      0.1944    
       134.7         -0.2158E-01      0.7297E-01      0.1905    
       134.8         -0.2309E-01      0.7066E-01      0.1866    
       134.9         -0.2459E-01      0.6836E-01      0.1827    
       135.0         -0.2610E-01      0.6605E-01      0.1788    
       135.1         -0.2812E-01      0.6317E-01      0.1749    
       135.2         -0.3013E-01      0.6029E-01      0.1710    
       135.3         -0.3215E-01      0.5741E-01      0.1671    
       135.4         -0.3417E-01      0.5453E-01      0.1631    
       135.5         -0.3618E-01      0.5165E-01      0.1592    
       135.6         -0.3820E-01      0.4820E-01      0.1553    
       135.7         -0.4021E-01      0.4474E-01      0.1521    
       135.8         -0.4223E-01      0.4129E-01      0.1489    
       135.9         -0.4425E-01      0.3783E-01      0.1457    
       136.0         -0.4626E-01      0.3438E-01      0.1425    
       136.1         -0.4665E-01      0.3265E-01      0.1393    
       136.2         -0.4703E-01      0.3092E-01      0.1361    
       136.3         -0.4741E-01      0.2919E-01      0.1329    
       136.4         -0.4780E-01      0.2746E-01      0.1297    
       136.5         -0.4818E-01      0.2574E-01      0.1265    
       136.6         -0.4857E-01      0.2458E-01      0.1244    
       136.7         -0.4895E-01      0.2343E-01      0.1222    
       136.8         -0.4933E-01      0.2228E-01      0.1201    
       136.9         -0.4972E-01      0.2113E-01      0.1179    
       137.0         -0.5010E-01      0.1998E-01      0.1157    
       137.1         -0.5049E-01      0.1882E-01      0.1136    
       137.2         -0.5087E-01      0.1767E-01      0.1114    
       137.3         -0.5125E-01      0.1652E-01      0.1093    
       137.4         -0.5164E-01      0.1537E-01      0.1071    
       137.5         -0.5202E-01      0.1422E-01      0.1049    
       137.6         -0.5202E-01      0.1306E-01      0.1028    
       137.7         -0.5202E-01      0.1191E-01      0.1006    
       137.8         -0.5202E-01      0.1076E-01      0.9845E-01
       137.9         -0.5202E-01      0.9608E-02      0.9629E-01
       138.0         -0.5310E-01      0.8456E-02      0.9413E-01
       138.1         -0.5418E-01      0.6728E-02      0.9197E-01
       138.2         -0.5526E-01      0.5000E-02      0.8981E-01
       138.3         -0.5634E-01      0.3272E-02      0.8765E-01
       138.4         -0.5742E-01      0.1544E-02      0.8549E-01
       138.5         -0.5850E-01     -0.1838E-03      0.8333E-01
       138.6         -0.5958E-01     -0.1838E-03      0.8405E-01
       138.7         -0.6066E-01     -0.1838E-03      0.8477E-01
       138.8         -0.6066E-01     -0.1838E-03      0.8549E-01
       138.9         -0.6066E-01     -0.1838E-03      0.8621E-01
       139.0         -0.6066E-01     -0.1838E-03      0.8693E-01
       139.1         -0.6066E-01      0.1544E-02      0.8765E-01
       139.2         -0.6066E-01      0.3272E-02      0.8837E-01
       139.3         -0.6066E-01      0.5000E-02      0.8909E-01
       139.4         -0.6066E-01      0.6728E-02      0.9156E-01
       139.5         -0.6066E-01      0.8456E-02      0.9403E-01
       139.6         -0.5804E-01      0.1018E-01      0.9650E-01
       139.7         -0.5543E-01      0.1191E-01      0.9897E-01
       139.8         -0.5281E-01      0.1364E-01      0.1014    
       139.9         -0.5019E-01      0.1537E-01      0.1039    
       140.0         -0.4757E-01      0.1710E-01      0.1064    
       140.1         -0.4495E-01      0.2070E-01      0.1084    
       140.2         -0.4234E-01      0.2430E-01      0.1104    
       140.3         -0.3972E-01      0.2790E-01      0.1124    
       140.4         -0.3710E-01      0.3150E-01      0.1143    
       140.5         -0.3448E-01      0.3438E-01      0.1163    
       140.6         -0.3186E-01      0.3725E-01      0.1183    
       140.7         -0.2734E-01      0.4013E-01      0.1203    
       140.8         -0.2281E-01      0.4301E-01      0.1223    
       140.9         -0.1829E-01      0.4589E-01      0.1243    
       141.0         -0.1376E-01      0.4877E-01      0.1263    
       141.1         -0.9235E-02      0.5050E-01      0.1283    
       141.2         -0.4709E-02      0.5223E-01      0.1303    
       141.3         -0.1838E-03      0.5396E-01      0.1323    
       141.4          0.6390E-03      0.5569E-01      0.1335    
       141.5          0.1462E-02      0.5741E-01      0.1348    
       141.6          0.2285E-02      0.5799E-01      0.1360    
       141.7          0.3107E-02      0.5857E-01      0.1372    
       141.8          0.3930E-02      0.5914E-01      0.1385    
       141.9          0.4753E-02      0.5972E-01      0.1397    
       142.0          0.5576E-02      0.6029E-01      0.1409    
       142.1          0.5165E-02      0.6087E-01      0.1406    
       142.2          0.4753E-02      0.6145E-01      0.1402    
       142.3          0.4342E-02      0.6202E-01      0.1399    
       142.4          0.3930E-02      0.6260E-01      0.1395    
       142.5          0.3519E-02      0.6317E-01      0.1391    
       142.6          0.3107E-02      0.6145E-01      0.1388    
       142.7          0.2696E-02      0.5972E-01      0.1384    
       142.8          0.6801E-03      0.5799E-01      0.1381    
       142.9         -0.1336E-02      0.5626E-01      0.1359    
       143.0         -0.3352E-02      0.5453E-01      0.1337    
       143.1         -0.5368E-02      0.5223E-01      0.1316    
       143.2         -0.7384E-02      0.4993E-01      0.1294    
       143.3         -0.9400E-02      0.4762E-01      0.1273    
       143.4         -0.1142E-01      0.4532E-01      0.1251    
       143.5         -0.1343E-01      0.4301E-01      0.1229    
       143.6         -0.1545E-01      0.4129E-01      0.1208    
       143.7         -0.1746E-01      0.3956E-01      0.1186    
       143.8         -0.1870E-01      0.3783E-01      0.1165    
       143.9         -0.1993E-01      0.3610E-01      0.1143    
       144.0         -0.2117E-01      0.3438E-01      0.1121    
       144.1         -0.2240E-01      0.3322E-01      0.1099    
       144.2         -0.2363E-01      0.3207E-01      0.1077    
       144.3         -0.2487E-01      0.3092E-01      0.1055    
       144.4         -0.2610E-01      0.2977E-01      0.1032    
       144.5         -0.2715E-01      0.2862E-01      0.1010    
       144.6         -0.2820E-01      0.2689E-01      0.9878E-01
       144.7         -0.2924E-01      0.2516E-01      0.9655E-01
       144.8         -0.3029E-01      0.2343E-01      0.9433E-01
       144.9         -0.3134E-01      0.2170E-01      0.9210E-01
       145.0         -0.3239E-01      0.1998E-01      0.8988E-01
       145.1         -0.3343E-01      0.1882E-01      0.8765E-01
       145.2         -0.3448E-01      0.1767E-01      0.8543E-01
       145.3         -0.3553E-01      0.1652E-01      0.8320E-01
       145.4         -0.3658E-01      0.1537E-01      0.8098E-01
       145.5         -0.3762E-01      0.1422E-01      0.7875E-01
       145.6         -0.3867E-01      0.1242E-01      0.7653E-01
       145.7         -0.3972E-01      0.1062E-01      0.7430E-01
       145.8         -0.4076E-01      0.8816E-02      0.7208E-01
       145.9         -0.4181E-01      0.7016E-02      0.6985E-01
       146.0         -0.4286E-01      0.5216E-02      0.6762E-01
       146.1         -0.4391E-01      0.3416E-02      0.6540E-01
       146.2         -0.4495E-01      0.1616E-02      0.6317E-01
       146.3         -0.4600E-01     -0.1838E-03      0.6173E-01
       146.4         -0.4705E-01     -0.1984E-02      0.6029E-01
       146.5         -0.4809E-01     -0.3784E-02      0.5885E-01
       146.6         -0.4914E-01     -0.5584E-02      0.5741E-01
       146.7         -0.5019E-01     -0.7384E-02      0.5597E-01
       146.8         -0.5124E-01     -0.9184E-02      0.5453E-01
       146.9         -0.5228E-01     -0.1098E-01      0.5309E-01
       147.0         -0.5333E-01     -0.1278E-01      0.5165E-01
       147.1         -0.5438E-01     -0.1458E-01      0.5021E-01
       147.2         -0.5543E-01     -0.1458E-01      0.4877E-01
       147.3         -0.5647E-01     -0.1458E-01      0.4733E-01
       147.4         -0.5752E-01     -0.1458E-01      0.4589E-01
       147.5         -0.5857E-01     -0.1458E-01      0.4445E-01
       147.6         -0.5961E-01     -0.1516E-01      0.4301E-01
       147.7         -0.6066E-01     -0.1574E-01      0.4157E-01
       147.8         -0.6210E-01     -0.1631E-01      0.4013E-01
       147.9         -0.6354E-01     -0.1689E-01      0.3869E-01
       148.0         -0.6498E-01     -0.1746E-01      0.3725E-01
       148.1         -0.6642E-01     -0.2106E-01      0.3725E-01
       148.2         -0.6786E-01     -0.2466E-01      0.3725E-01
       148.3         -0.6930E-01     -0.2826E-01      0.3725E-01
       148.4         -0.7074E-01     -0.3186E-01      0.3725E-01
       148.5         -0.7218E-01     -0.3090E-01      0.3725E-01
       148.6         -0.7132E-01     -0.2994E-01      0.3725E-01
       148.7         -0.7045E-01     -0.2898E-01      0.3830E-01
       148.8         -0.6959E-01     -0.2802E-01      0.3935E-01
       148.9         -0.6873E-01     -0.2706E-01      0.4040E-01
       149.0         -0.6786E-01     -0.2610E-01      0.4144E-01
       149.1         -0.6700E-01     -0.2418E-01      0.4249E-01
       149.2         -0.6613E-01     -0.2226E-01      0.4354E-01
       149.3         -0.6527E-01     -0.2034E-01      0.4459E-01
       149.4         -0.6441E-01     -0.1842E-01      0.4563E-01
       149.5         -0.6354E-01     -0.1650E-01      0.4668E-01
       149.6         -0.6114E-01     -0.1458E-01      0.4773E-01
       149.7         -0.5874E-01     -0.1170E-01      0.4877E-01
       149.8         -0.5634E-01     -0.8824E-02      0.5069E-01
       149.9         -0.5394E-01     -0.5944E-02      0.5261E-01
       150.0         -0.5154E-01     -0.3064E-02      0.5453E-01
       150.1         -0.4914E-01     -0.7598E-03      0.5645E-01
       150.2         -0.4674E-01      0.1544E-02      0.5837E-01
       150.3         -0.4434E-01      0.3848E-02      0.6029E-01
       150.4         -0.4194E-01      0.6152E-02      0.6221E-01
       150.5         -0.3954E-01      0.8456E-02      0.6413E-01
       150.6         -0.3714E-01      0.9241E-02      0.6605E-01
       150.7         -0.3474E-01      0.1003E-01      0.6797E-01
       150.8         -0.3474E-01      0.1081E-01      0.6989E-01
       150.9         -0.3474E-01      0.1160E-01      0.7181E-01
       151.0         -0.3474E-01      0.1238E-01      0.7253E-01
       151.1         -0.3474E-01      0.1317E-01      0.7325E-01
       151.2         -0.3474E-01      0.1395E-01      0.7397E-01
       151.3         -0.3474E-01      0.1474E-01      0.7469E-01
       151.4         -0.3474E-01      0.1552E-01      0.7541E-01
       151.5         -0.3474E-01      0.1631E-01      0.7613E-01
       151.6         -0.3474E-01      0.1710E-01      0.7685E-01
       151.7         -0.3474E-01      0.1700E-01      0.7757E-01
       151.8         -0.3474E-01      0.1690E-01      0.7829E-01
       151.9         -0.3474E-01      0.1680E-01      0.7901E-01
       152.0         -0.3474E-01      0.1670E-01      0.7973E-01
       152.1         -0.3474E-01      0.1660E-01      0.8045E-01
       152.2         -0.3474E-01      0.1650E-01      0.8117E-01
       152.3         -0.3474E-01      0.1640E-01      0.8189E-01
       152.4         -0.3474E-01      0.1630E-01      0.8261E-01
       152.5         -0.3474E-01      0.1620E-01      0.8333E-01
       152.6         -0.3474E-01      0.1610E-01      0.8345E-01
       152.7         -0.3474E-01      0.1600E-01      0.8357E-01
       152.8         -0.3474E-01      0.1590E-01      0.8369E-01
       152.9         -0.3474E-01      0.1580E-01      0.8381E-01
       153.0         -0.3474E-01      0.1571E-01      0.8393E-01
       153.1         -0.3474E-01      0.1561E-01      0.8405E-01
       153.2         -0.3474E-01      0.1551E-01      0.8417E-01
       153.3         -0.3474E-01      0.1541E-01      0.8429E-01
       153.4         -0.3474E-01      0.1531E-01      0.8441E-01
       153.5         -0.3474E-01      0.1521E-01      0.8453E-01
       153.6         -0.3474E-01      0.1511E-01      0.8465E-01
       153.7         -0.3474E-01      0.1501E-01      0.8477E-01
       153.8         -0.3474E-01      0.1491E-01      0.8489E-01
       153.9         -0.3474E-01      0.1481E-01      0.8501E-01
       154.0         -0.3474E-01      0.1471E-01      0.8513E-01
       154.1         -0.3474E-01      0.1461E-01      0.8525E-01
       154.2         -0.3474E-01      0.1451E-01      0.8537E-01
       154.3         -0.3474E-01      0.1441E-01      0.8549E-01
       154.4         -0.3474E-01      0.1431E-01      0.8561E-01
       154.5         -0.3474E-01      0.1422E-01      0.8573E-01
       154.6         -0.3474E-01      0.1422E-01      0.8585E-01
       154.7         -0.3474E-01      0.1422E-01      0.8597E-01
       154.8         -0.3474E-01      0.1422E-01      0.8609E-01
       154.9         -0.3474E-01      0.1422E-01      0.8621E-01
       155.0         -0.3474E-01      0.1422E-01      0.8564E-01
       155.1         -0.3546E-01      0.1326E-01      0.8506E-01
       155.2         -0.3618E-01      0.1230E-01      0.8449E-01
       155.3         -0.3690E-01      0.1134E-01      0.8391E-01
       155.4         -0.3762E-01      0.1038E-01      0.8333E-01
       155.5         -0.3834E-01      0.9416E-02      0.8276E-01
       155.6         -0.3906E-01      0.8456E-02      0.8218E-01
       155.7         -0.3978E-01      0.7496E-02      0.8161E-01
       155.8         -0.4050E-01      0.6536E-02      0.8103E-01
       155.9         -0.4122E-01      0.5576E-02      0.8045E-01
       156.0         -0.4194E-01      0.4616E-02      0.7988E-01
       156.1         -0.4266E-01      0.3656E-02      0.7930E-01
       156.2         -0.4338E-01      0.2696E-02      0.7873E-01
       156.3         -0.4530E-01      0.1736E-02      0.7815E-01
       156.4         -0.4722E-01      0.7761E-03      0.7757E-01
       156.5         -0.4914E-01     -0.1838E-03      0.7469E-01
       156.6         -0.5106E-01     -0.2584E-02      0.7181E-01
       156.7         -0.5298E-01     -0.4984E-02      0.6893E-01
       156.8         -0.5490E-01     -0.7384E-02      0.6605E-01
       156.9         -0.5682E-01     -0.9783E-02      0.6317E-01
       157.0         -0.5874E-01     -0.1218E-01      0.6029E-01
       157.1         -0.6066E-01     -0.1458E-01      0.5741E-01
       157.2         -0.6601E-01     -0.1746E-01      0.5453E-01
       157.3         -0.7136E-01     -0.2034E-01      0.5165E-01
       157.4         -0.7671E-01     -0.2322E-01      0.4621E-01
       157.5         -0.8206E-01     -0.2610E-01      0.4077E-01
       157.6         -0.8740E-01     -0.3244E-01      0.3533E-01
       157.7         -0.9275E-01     -0.3877E-01      0.2990E-01
       157.8         -0.9810E-01     -0.4511E-01      0.2446E-01
       157.9         -0.1024         -0.5145E-01      0.1902E-01
       158.0         -0.1067         -0.5778E-01      0.1358E-01
       158.1         -0.1111         -0.6873E-01      0.8136E-02
       158.2         -0.1154         -0.7967E-01      0.2696E-02
       158.3         -0.1197         -0.9061E-01     -0.4864E-02
       158.4         -0.1240         -0.1016         -0.1242E-01
       158.5         -0.1260         -0.1125         -0.1998E-01
       158.6         -0.1280         -0.1131         -0.2754E-01
       158.7         -0.1300         -0.1137         -0.3510E-01
       158.8         -0.1320         -0.1142         -0.4266E-01
       158.9         -0.1340         -0.1148         -0.5022E-01
       159.0         -0.1360         -0.1154         -0.5778E-01
       159.1         -0.1380         -0.1183         -0.5906E-01
       159.2         -0.1400         -0.1211         -0.6034E-01
       159.3         -0.1420         -0.1240         -0.6162E-01
       159.4         -0.1440         -0.1269         -0.6290E-01
       159.5         -0.1460         -0.1298         -0.6418E-01
       159.6         -0.1479         -0.1321         -0.6546E-01
       159.7         -0.1499         -0.1344         -0.6674E-01
       159.8         -0.1519         -0.1367         -0.6802E-01
       159.9         -0.1539         -0.1390         -0.6930E-01
       160.0         -0.1559         -0.1413         -0.5804E-01
       160.1         -0.1579         -0.1396         -0.4679E-01
       160.2         -0.1599         -0.1378         -0.3553E-01
       160.3         -0.1619         -0.1361         -0.2427E-01
       160.4         -0.1639         -0.1344         -0.1301E-01
       160.5         -0.1659         -0.1326         -0.1755E-02
       160.6         -0.1679         -0.1309          0.9503E-02
       160.7         -0.1699         -0.1292          0.2076E-01
       160.8         -0.1719         -0.1275          0.3202E-01
       160.9         -0.1739         -0.1257          0.4328E-01
       161.0         -0.1759         -0.1240          0.5453E-01
       161.1         -0.1669         -0.1053          0.7613E-01
       161.2         -0.1580         -0.8657E-01      0.9773E-01
       161.3         -0.1491         -0.6785E-01      0.1193    
       161.4         -0.1401         -0.4913E-01      0.1409    
       161.5         -0.1312         -0.3042E-01      0.1625    
       161.6         -0.1223         -0.1170E-01      0.1841    
       161.7         -0.1134          0.7019E-02      0.2057    
       161.8         -0.1044          0.2574E-01      0.2273    
       161.9         -0.9551E-01      0.4445E-01      0.2429    
       162.0         -0.8658E-01      0.6317E-01      0.2585    
       162.1         -0.7765E-01      0.7383E-01      0.2741    
       162.2         -0.6873E-01      0.8448E-01      0.2897    
       162.3         -0.5980E-01      0.9514E-01      0.3053    
       162.4         -0.5087E-01      0.1058          0.3209    
       162.5         -0.4194E-01      0.1165          0.3365    
       162.6         -0.3301E-01      0.1271          0.3521    
       162.7         -0.2409E-01      0.1378          0.3677    
       162.8         -0.1516E-01      0.1484          0.3833    
       162.9         -0.6232E-02      0.1591          0.3989    
       163.0          0.2696E-02      0.1697          0.4145    
       163.1          0.8136E-02      0.1784          0.4255    
       163.2          0.1358E-01      0.1870          0.4365    
       163.3          0.1902E-01      0.1956          0.4475    
       163.4          0.2446E-01      0.2043          0.4584    
       163.5          0.2990E-01      0.2129          0.4694    
       163.6          0.3533E-01      0.2216          0.4804    
       163.7          0.4077E-01      0.2302          0.4914    
       163.8          0.4621E-01      0.2388          0.5024    
       163.9          0.5165E-01      0.2475          0.5133    
       164.0          0.5427E-01      0.2561          0.5243    
       164.1          0.5689E-01      0.2622          0.5353    
       164.2          0.5951E-01      0.2682          0.5463    
       164.3          0.6213E-01      0.2743          0.5573    
       164.4          0.6474E-01      0.2803          0.5682    
       164.5          0.6736E-01      0.2864          0.5792    
       164.6          0.6998E-01      0.2924          0.5902    
       164.7          0.7260E-01      0.2985          0.5966    
       164.8          0.7522E-01      0.3045          0.6030    
       164.9          0.7784E-01      0.3106          0.6094    
       165.0          0.8045E-01      0.3166          0.6158    
       165.1          0.8098E-01      0.3201          0.6222    
       165.2          0.8150E-01      0.3235          0.6286    
       165.3          0.8202E-01      0.3270          0.6350    
       165.4          0.8255E-01      0.3304          0.6414    
       165.5          0.8307E-01      0.3339          0.6478    
       165.6          0.8360E-01      0.3373          0.6550    
       165.7          0.8412E-01      0.3408          0.6622    
       165.8          0.8464E-01      0.3443          0.6694    
       165.9          0.8517E-01      0.3477          0.6766    
       166.0          0.8569E-01      0.3512          0.6782    
       166.1          0.8621E-01      0.3509          0.6797    
       166.2          0.8535E-01      0.3506          0.6813    
       166.3          0.8449E-01      0.3503          0.6829    
       166.4          0.8362E-01      0.3500          0.6844    
       166.5          0.8276E-01      0.3497          0.6860    
       166.6          0.8189E-01      0.3494          0.6876    
       166.7          0.8103E-01      0.3491          0.6892    
       166.8          0.8017E-01      0.3489          0.6907    
       166.9          0.7930E-01      0.3486          0.6923    
       167.0          0.7844E-01      0.3483          0.6939    
       167.1          0.7757E-01      0.3445          0.6901    
       167.2          0.7338E-01      0.3408          0.6864    
       167.3          0.6920E-01      0.3371          0.6826    
       167.4          0.6501E-01      0.3333          0.6789    
       167.5          0.6082E-01      0.3296          0.6752    
       167.6          0.5663E-01      0.3258          0.6714    
       167.7          0.5244E-01      0.3221          0.6677    
       167.8          0.4825E-01      0.3183          0.6639    
       167.9          0.4406E-01      0.3146          0.6602    
       168.0          0.3987E-01      0.3108          0.6564    
       168.1          0.3568E-01      0.3057          0.6504    
       168.2          0.3150E-01      0.3005          0.6444    
       168.3          0.2684E-01      0.2953          0.6384    
       168.4          0.2219E-01      0.2901          0.6324    
       168.5          0.1754E-01      0.2849          0.6264    
       168.6          0.1289E-01      0.2797          0.6204    
       168.7          0.8234E-02      0.2746          0.6144    
       168.8          0.3582E-02      0.2694          0.6084    
       168.9         -0.1070E-02      0.2642          0.6024    
       169.0         -0.5722E-02      0.2590          0.5964    
       169.1         -0.1037E-01      0.2527          0.5904    
       169.2         -0.1503E-01      0.2463          0.5844    
       169.3         -0.1968E-01      0.2400          0.5758    
       169.4         -0.2433E-01      0.2337          0.5672    
       169.5         -0.2898E-01      0.2273          0.5585    
       169.6         -0.3433E-01      0.2210          0.5499    
       169.7         -0.3968E-01      0.2147          0.5412    
       169.8         -0.4503E-01      0.2083          0.5326    
       169.9         -0.5038E-01      0.2020          0.5240    
       170.0         -0.5572E-01      0.1956          0.5153    
       170.1         -0.6107E-01      0.1884          0.5067    
       170.2         -0.6642E-01      0.1812          0.4980    
       170.3         -0.7177E-01      0.1741          0.4894    
       170.4         -0.7712E-01      0.1669          0.4808    
       170.5         -0.8247E-01      0.1597          0.4721    
       170.6         -0.8782E-01      0.1525          0.4635    
       170.7         -0.9316E-01      0.1453          0.4548    
       170.8         -0.9851E-01      0.1381          0.4462    
       170.9         -0.1039          0.1309          0.4376    
       171.0         -0.1084          0.1237          0.4289    
       171.1         -0.1130          0.1182          0.4203    
       171.2         -0.1175          0.1127          0.4125    
       171.3         -0.1221          0.1072          0.4047    
       171.4         -0.1267          0.1018          0.3970    
       171.5         -0.1312          0.9629E-01      0.3892    
       171.6         -0.1358          0.9082E-01      0.3814    
       171.7         -0.1403          0.8535E-01      0.3736    
       171.8         -0.1449          0.7988E-01      0.3659    
       171.9         -0.1495          0.7441E-01      0.3581    
       172.0         -0.1540          0.6893E-01      0.3503    
       172.1         -0.1586          0.6548E-01      0.3425    
       172.2         -0.1604          0.6202E-01      0.3374    
       172.3         -0.1623          0.5857E-01      0.3324    
       172.4         -0.1641          0.5511E-01      0.3273    
       172.5         -0.1660          0.5165E-01      0.3222    
       172.6         -0.1678          0.4820E-01      0.3171    
       172.7         -0.1697          0.4474E-01      0.3120    
       172.8         -0.1715          0.4129E-01      0.3069    
       172.9         -0.1734          0.3783E-01      0.3019    
       173.0         -0.1752          0.3438E-01      0.2968    
       173.1         -0.1771          0.3063E-01      0.2917    
       173.2         -0.1789          0.2689E-01      0.2866    
       173.3         -0.1808          0.2314E-01      0.2815    
       173.4         -0.1826          0.1940E-01      0.2765    
       173.5         -0.1845          0.1566E-01      0.2714    
       173.6         -0.1852          0.1191E-01      0.2663    
       173.7         -0.1859          0.8168E-02      0.2612    
       173.8         -0.1867          0.4424E-02      0.2561    
       173.9         -0.1874          0.6801E-03      0.2489    
       174.0         -0.1922         -0.3064E-02      0.2417    
       174.1         -0.1970         -0.8536E-02      0.2345    
       174.2         -0.2018         -0.1401E-01      0.2273    
       174.3         -0.2066         -0.1948E-01      0.2201    
       174.4         -0.2114         -0.2495E-01      0.2129    
       174.5         -0.2162         -0.3042E-01      0.2057    
       174.6         -0.2210         -0.3589E-01      0.1985    
       174.7         -0.2258         -0.4137E-01      0.1917    
       174.8         -0.2306         -0.4684E-01      0.1850    
       174.9         -0.2354         -0.5231E-01      0.1782    
       175.0         -0.2402         -0.5778E-01      0.1714    
       175.1         -0.2450         -0.6354E-01      0.1646    
       175.2         -0.2498         -0.6930E-01      0.1578    
       175.3         -0.2546         -0.7506E-01      0.1510    
       175.4         -0.2594         -0.8082E-01      0.1442    
       175.5         -0.2647         -0.8658E-01      0.1374    
       175.6         -0.2699         -0.9234E-01      0.1306    
       175.7         -0.2752         -0.9810E-01      0.1239    
       175.8         -0.2805         -0.1039          0.1171    
       175.9         -0.2858         -0.1096          0.1103    
       176.0         -0.2911         -0.1154          0.1035    
       176.1         -0.2986         -0.1243          0.9312E-01
       176.2         -0.3062         -0.1332          0.8276E-01
       176.3         -0.3137         -0.1422          0.7239E-01
       176.4         -0.3213         -0.1511          0.6202E-01
       176.5         -0.3289         -0.1600          0.5165E-01
       176.6         -0.3364         -0.1689          0.4129E-01
       176.7         -0.3440         -0.1779          0.3092E-01
       176.8         -0.3515         -0.1868          0.2055E-01
       176.9         -0.3535         -0.1957          0.1018E-01
       177.0         -0.3554         -0.2047         -0.1838E-03
       177.1         -0.3573         -0.2090         -0.7864E-02
       177.2         -0.3592         -0.2133         -0.1554E-01
       177.3         -0.3611         -0.2176         -0.2322E-01
       177.4         -0.3631         -0.2219         -0.3090E-01
       177.5         -0.3650         -0.2263         -0.3858E-01
       177.6         -0.3669         -0.2306         -0.4626E-01
       177.7         -0.3688         -0.2349         -0.5394E-01
       177.8         -0.3685         -0.2392         -0.6162E-01
       177.9         -0.3682         -0.2435         -0.6930E-01
       178.0         -0.3679         -0.2479         -0.7113E-01
       178.1         -0.3675         -0.2473         -0.7297E-01
       178.2         -0.3672         -0.2467         -0.7480E-01
       178.3         -0.3669         -0.2461         -0.7663E-01
       178.4         -0.3666         -0.2456         -0.7846E-01
       178.5         -0.3663         -0.2450         -0.8030E-01
       178.6         -0.3659         -0.2444         -0.8213E-01
       178.7         -0.3643         -0.2438         -0.8396E-01
       178.8         -0.3626         -0.2432         -0.8580E-01
       178.9         -0.3610         -0.2427         -0.8763E-01
       179.0         -0.3593         -0.2421         -0.8946E-01
       179.1         -0.3577         -0.2395         -0.8975E-01
       179.2         -0.3561         -0.2369         -0.9004E-01
       179.3         -0.3544         -0.2343         -0.9032E-01
       179.4         -0.3495         -0.2317         -0.9061E-01
       179.5         -0.3445         -0.2291         -0.9090E-01
       179.6         -0.3396         -0.2265         -0.9119E-01
       179.7         -0.3347         -0.2240         -0.9148E-01
       179.8         -0.3297         -0.2214         -0.9176E-01
       179.9         -0.3248         -0.2188         -0.9205E-01
       180.0         -0.3199         -0.2162         -0.9234E-01
       