#CDF Note 10599 Jul 22nd 2011
#CDF_H-WW_8.2fb
#no interpolation
#columns: Mh(in GeV), obs, exp (as ratio to SM cross sections)

110    15.07  14.03       
115    8.82   7.86       
120    5.12   4.86      
125    3.28   3.38      
130    3.29   2.57       
135    2.28   2.01      
140    1.85   1.69       
145    1.59   1.48     
150    1.45   1.27      
155    1.09   1.07      
160    0.75   0.80      
165    0.77   0.78       
170    0.84   0.89      
175    1.04   1.09      
180    1.57   1.33      
185    1.75   1.70      
190    3.08   2.09       
195    4.34   2.49       
200    5.26   2.81       
