 #CDF Note ???? Feb 27, 2009 http://www-cdf.fnal.gov/physics/new/hdg/results/hwwmenn_090227/OSPlusSSLimits_newggH.htm
 #CDF_H-WW_3.6fb ('new' ggH cross sections)
 #interpolated
 #columns: Mh, obs, exp (as ratio to SM cross sections)
 
         110.00   51.05000       31.48000    
         115.00   31.63500       21.05000    
         120.00   12.22000       10.62000    
         125.00   9.140000       7.940000    
         130.00   6.060000       5.260000    
         135.00   4.790000       4.330000    
         140.00   3.520000       3.400000    
         145.00   3.140000       2.940000    
         150.00   2.390000       2.460000    
         155.00   1.990000       2.020000    
         160.00   1.370000       1.520000    
         165.00   1.330000       1.500000    
         170.00   1.810000       1.730000    
         175.00   2.020000       2.100000    
         180.00   2.230000       2.400000    
         185.00   2.895000       3.120000    
         190.00   3.560000       3.840000    
         195.00   4.900000       4.475000    
         200.00   6.240000       5.110000    
