 #arXiv:1001.4468 CDF
 #CDF_H-WW_4.8fb
 # with interpolation
 #columns: Mh, obs, exp (as ratio to SM cross sections)
 
         110.00   38.89000       26.27000    
         115.00   25.46500       17.56000    
         120.00   12.04000       8.850000    
         125.00   9.210000       6.630000    
         130.00   6.380000       4.410000    
         135.00   5.295000       3.630000    
         140.00   4.210000       2.850000    
         145.00   3.230000       2.430000    
         150.00   2.620000       2.050000    
         155.00   2.040000       1.670000    
         160.00   1.340000       1.260000    
         165.00   1.290000       1.200000    
         170.00   1.690000       1.440000    
         175.00   1.940000       1.720000    
         180.00   2.240000       2.090000    
         185.00   3.150000       2.665000    
         190.00   4.060000       3.240000    
         195.00   5.400000       3.885000    
         200.00   6.740000       4.530000    
