#CDF Note 10600 Jul 22nd 2011
#CDF_ggH-WW_8.2fb
#
#columns: Mh(in GeV), obs, exp (in fb)

110    0.90E+3  1.56E+3      
115    0.89E+3  1.26E+3      
120    0.94E+3  1.18E+3       
125    0.88E+3  1.05E+3       
130    0.78E+3  0.98E+3       
135    1.02E+3  0.94E+3       
140    0.97E+3  0.87E+3       
145    0.74E+3  0.80E+3       
150    0.64E+3  0.73E+3       
155    0.68E+3  0.61E+3       
160    0.38E+3  0.44E+3       
165    0.40E+3  0.41E+3       
170    0.48E+3  0.44E+3       
175    0.44E+3  0.50E+3       
180    0.49E+3  0.52E+3       
185    0.52E+3  0.57E+3       
190    0.76E+3  0.58E+3       
195    0.77E+3  0.62E+3       
200    0.79E+3  0.63E+3       
210    0.84E+3  0.65E+3        
220    0.80E+3  0.63E+3       
230    0.73E+3  0.59E+3       
240    0.84E+3  0.60E+3       
250    0.55E+3  0.52E+3      
260    0.52E+3  0.46E+3       
270    0.43E+3  0.41E+3        
280    0.49E+3  0.37E+3        
290    0.38E+3  0.35E+3        
300    0.31E+3  0.32E+3       
