 # arXiv: 0906.1014 4th Jun 2009
 # CDF_H-tautau_1.8fb
 # interpolation used
 # Mh(in GeV),obs,exp (fb)
 
          90.00   28978.00       28115.00    
         100.00   23465.00       19884.00    
         110.00   11063.00       9382.000    
         120.00   5288.000       5447.000    
         130.00   2770.000       3374.000    
         140.00   1812.000       2340.000    
         150.00   1392.000       1751.000    
         160.00   1198.000       1400.000    
         170.00   1051.000       1124.000    
         180.00   880.0000       933.0000    
         190.00   808.0000       782.0000    
         200.00   709.0000       707.0000    
         210.00   641.0000       628.0000    
         220.00   573.0000       549.0000    
         230.00   505.0000       470.0000    
         240.00   478.0000       424.5000    
         250.00   451.0000       379.0000    
