#CDF Note 8954 Aug 10, 2007
#CDF_bbH_bb_1fb
#no interpolation
#columns: Mh, (TBobs)^2, (TBexp)^2

     90.0       7693.501       7861.933
    100.0       8811.329      10794.482
    110.0       7698.300       8143.559
    120.0       7260.590       6591.411
    130.0      10957.644       7101.306
    140.0      13331.274       7692.373
    150.0      14011.966       7987.713
    160.0      14438.561       9303.508
    170.0      13439.272      10605.691
    180.0      10211.802      12146.669
    190.0      10330.319      13726.589
    200.0       9241.927      15341.598
    210.0       8388.891      17496.829
