#CDF Note 10105 13th June 2010
#CDF_bbH_bb_2.2fb
#read in by OB
#columns: Mh, (TBobs)^2, (TBexp)^2

       0.900D+02        0.191187562500D+04        0.370917540900D+04
       0.100D+03        0.545264096400D+04        0.592361122500D+04
       0.110D+03        0.641424792100D+04        0.453912112900D+04
       0.120D+03        0.119486761000D+05        0.545264096400D+04
       0.130D+03        0.116100625000D+05        0.512813532100D+04
       0.140D+03        0.172633321000D+05        0.659408961600D+04
       0.150D+03        0.172633321000D+05        0.655792236100D+04
       0.160D+03        0.179747649000D+05        0.764767740100D+04
       0.170D+03        0.148913209000D+05        0.788348652100D+04
       0.180D+03        0.139783329000D+05        0.985532707600D+04
       0.190D+03        0.114190596000D+05        0.107143201000D+05
       0.200D+03        0.129436129000D+05        0.128936025000D+05
       0.210D+03        0.129436129000D+05        0.136118889000D+05
