#arXiv:1106.4782 Jun 23, 2011
#CDF_bbH_bb_2.6fb
#no interpolation
#columns: Mh, obs, exp (in fb)

     90.0    26.4E+3     48.8E+3      
    100.0    32.6E+3     50.8E+3     
    110.0    27.8E+3     28.0E+3     
    120.0    34.5E+3     23.0E+3      
    130.0    28.8E+3     15.5E+3      
    140.0    33.8E+3     13.8E+3      
    150.0    28.0E+3     10.7E+3     
    160.0    22.2E+3     9.1E+3       
    170.0    16.7E+3     7.3E+3        
    180.0    11.6E+3     6.7E+3     
    190.0    7.7E+3      6.1E+3     
    200.0    6.4E+3      5.5E+3      
    210.0    5.1E+3      4.9E+3    
    220.0    5.0E+3      4.6E+3    
    230.0    4.8E+3      4.2E+3     
    240.0    5.1E+3      4.1E+3    
    250.0    4.9E+3      3.9E+3    
    260.0    4.9E+3      3.7E+3     
    270.0    4.7E+3      3.5E+3       
    280.0    4.5E+3      3.4E+3   
    290.0    4.4E+3      3.3E+3     
    300.0    4.3E+3      3.2E+3     
    310.0    4.9E+3      3.3E+3   
    320.0    4.7E+3      3.1E+3   
    330.0    4.8E+3      3.1E+3    
    340.0    4.8E+3      3.0E+3     
    350.0    5.6E+3      3.3E+3     
