 # combined SM limits
 # CDF Note 9999
 # CDF_SM_combined_2.0-4.8fb, interpolated
 # Mh(in GeV),obs,exp (normalised to SM values)
 
         100.00   2.580000       2.010000    
         105.00   2.620000       2.090000    
         110.00   2.880000       2.140000    
         115.00   3.120000       2.380000    
         120.00   3.370000       2.720000    
         125.00   3.930000       2.840000    
         130.00   3.800000       2.920000    
         135.00   3.800000       2.660000    
         140.00   3.530000       2.510000    
         145.00   2.660000       2.210000    
         150.00   2.260000       1.920000    
         155.00   1.750000       1.700000    
         160.00   1.230000       1.310000    
         165.00   1.180000       1.190000    
         170.00   1.600000       1.450000    
         175.00   1.680000       1.760000    
         180.00   2.090000       2.080000    
         185.00   2.920000       2.695000    
         190.00   3.750000       3.310000    
         195.00   5.135000       3.985000    
         200.00   6.520000       4.660000    
