 #CDF Note ???? Feb 27, 2009 http://www-cdf.fnal.gov/physics/new/hdg/results/hwwmenn_090227/OSPlusSSLimits.htm
 #CDF_H-WW_3.6fb ('old' ggH cross sections)
 #interpolated
 #columns: Mh, obs, exp (as ratio to SM cross sections)
 
         110.00   52.20000       32.40000    
         115.00   32.39000       21.59500    
         120.00   12.58000       10.79000    
         125.00   9.230000       8.050000    
         130.00   5.880000       5.310000    
         135.00   4.720000       4.335000    
         140.00   3.560000       3.360000    
         145.00   3.110000       2.920000    
         150.00   2.310000       2.440000    
         155.00   1.910000       1.970000    
         160.00   1.370000       1.470000    
         165.00   1.290000       1.450000    
         170.00   1.670000       1.660000    
         175.00   2.010000       2.000000    
         180.00   2.030000       2.310000    
         185.00   2.810000       2.980000    
         190.00   3.590000       3.650000    
         195.00   4.765000       4.270000    
         200.00   5.940000       4.890000    
