#CDF Note 10600 Jul 22nd 2011
#CDF_ggH-WW_8.2fb
#interpolated
#columns: Mh(in GeV), obs, exp (in fb)

         110.00   900.0000       1560.000    
         115.00   890.0000       1260.000    
         120.00   940.0000       1180.000    
         125.00   880.0000       1050.000    
         130.00   780.0000       980.0000    
         135.00   1020.000       940.0000    
         140.00   970.0000       870.0000    
         145.00   740.0000       800.0000    
         150.00   640.0000       730.0000    
         155.00   680.0000       610.0000    
         160.00   380.0000       440.0000    
         165.00   400.0000       410.0000    
         170.00   480.0000       440.0000    
         175.00   440.0000       500.0000    
         180.00   490.0000       520.0000    
         185.00   520.0000       570.0000    
         190.00   760.0000       580.0000    
         195.00   770.0000       620.0000    
         200.00   790.0000       630.0000    
         205.00   815.0000       640.0000    
         210.00   840.0000       650.0000    
         215.00   820.0000       640.0000    
         220.00   800.0000       630.0000    
         225.00   765.0000       610.0000    
         230.00   730.0000       590.0000    
         235.00   785.0000       595.0000    
         240.00   840.0000       600.0000    
         245.00   695.0000       560.0000    
         250.00   550.0000       520.0000    
         255.00   535.0000       490.0000    
         260.00   520.0000       460.0000    
         265.00   475.0000       435.0000    
         270.00   430.0000       410.0000    
         275.00   460.0000       390.0000    
         280.00   490.0000       370.0000    
         285.00   435.0000       360.0000    
         290.00   380.0000       350.0000    
         295.00   345.0000       335.0000    
         300.00   310.0000       320.0000    
