#CDF Note 10102 March 16th 2010
#CDF_H-WW_5.3fb 
#
#columns: Mh, obs, exp (as ratio to SM cross sections)

110     28.72    21.88    
115     13.03    11.93    
120     8.47     7.70   	
125     5.33     5.11   
130     4.25     3.83   	
135     3.69     3.02   
140     3.45     2.51   	
145     2.30     2.09   		
150     2.01     1.78   
155     1.60     1.48   	
160     1.07     1.09   	
165     1.13     1.03   	
170     1.34     1.17   		
175     1.86     1.43   
180     2.11     1.75   
185     2.75     2.32   
190     4.15     2.82   
195     5.45     3.39   
200     6.78     3.80   
