#CDF Note 9284 Aug 10, 2007
#CDF_bbH_bb_1.9fb
#no interpolation
#columns: Mh, (TBobs)^2, (TBexp)^2

    90.00000000000000         3836.315844000000         5192.931844000000     
    100.0000000000000         7235.543844000000         11196.39096900000     
    110.0000000000000         5559.491843999999         7689.185344000000     
    120.0000000000000         7689.185344000000         8871.379344000001     
    130.0000000000000         7710.947343999999         7667.103843999999     
    140.0000000000000         11196.39096900000         9788.727844000001     
    150.0000000000000         12446.30296900000         9591.851844000001     
    160.0000000000000         17112.04096900000         11462.48596900000     
    170.0000000000000         17739.04334400000         11117.17184400000     
    180.0000000000000         15298.72134400000         13879.90296900000     
    190.0000000000000         11542.92384400000         14175.99796900000     
    200.0000000000000         11143.54696900000         16851.41496900000     
    210.0000000000000         10163.26096900000         18107.20096900000     
