 #CDF Note 10432 Mar 7th 2011                                                                                                                          
 #CDF_ggH-WW_7.1fb                                                                                                                                     
 #interpolated for Mh > 200 GeV                                                                                                                        
 #columns: Mh(in GeV), obs, exp (normalized to SM)                                                                                                                
                                                                                                                                                       
       0.110D+03               0.18678D+02               0.31235D+02
       0.115D+03               0.11196D+02               0.16447D+02
       0.120D+03               0.63104D+01               0.10289D+02
       0.125D+03               0.45595D+01               0.65859D+01
       0.130D+03               0.48821D+01               0.48014D+01
       0.135D+03               0.32012D+01               0.37120D+01
       0.140D+03               0.25747D+01               0.30594D+01
       0.145D+03               0.23609D+01               0.26139D+01
       0.150D+03               0.18849D+01               0.21542D+01
       0.155D+03               0.18069D+01               0.17283D+01
       0.160D+03               0.12277D+01               0.12533D+01
       0.165D+03               0.12763D+01               0.12220D+01
       0.170D+03               0.17189D+01               0.14776D+01
       0.175D+03               0.21550D+01               0.17846D+01
       0.180D+03               0.27275D+01               0.21513D+01
       0.185D+03               0.37569D+01               0.29586D+01
       0.190D+03               0.41240D+01               0.35667D+01
       0.195D+03               0.53465D+01               0.42008D+01
       0.200D+03               0.67651D+01               0.49848D+01
       0.205D+03               0.79190D+01               0.56452D+01
       0.210D+03               0.92497D+01               0.63970D+01
       0.215D+03               0.10611D+02               0.71533D+01
       0.220D+03               0.12138D+02               0.79884D+01
       0.225D+03               0.13671D+02               0.84951D+01
       0.230D+03               0.15342D+02               0.90103D+01
       0.235D+03               0.16282D+02               0.97959D+01
       0.240D+03               0.17218D+02               0.10618D+02
       0.245D+03               0.18658D+02               0.11071D+02
       0.250D+03               0.20071D+02               0.11445D+02
       0.255D+03               0.21429D+02               0.12143D+02
       0.260D+03               0.22699D+02               0.12780D+02
       0.265D+03               0.23332D+02               0.13406D+02
       0.270D+03               0.24059D+02               0.14126D+02
       0.275D+03               0.24378D+02               0.14368D+02
       0.280D+03               0.24738D+02               0.14641D+02
       0.285D+03               0.25883D+02               0.15210D+02
       0.290D+03               0.27162D+02               0.15845D+02
       0.295D+03               0.27848D+02               0.16107D+02
       0.300D+03               0.27959D+02               0.16022D+02
