80.0   1.3050496
81.0   1.2598737
82.0   1.2165838
83.0   1.17507
84.0   1.1352501
85.0   1.09705
86.0   1.0603989
87.0   1.0252177
88.0   0.99144143
89.0   0.95901128
90.0   0.9278613
91.0   0.89793359
92.0   0.86917476
93.0   0.84152814
94.0   0.8149481
95.0   0.7893782
96.0   0.76477778
97.0   0.74110482
98.0   0.71831589
99.0   0.69637458
100.0   0.67525084
101.0   0.65490293
102.0   0.6352945
103.0   0.61638965
104.0   0.59816089
105.0   0.58058159
106.0   0.56363277
107.0   0.54727731
108.0   0.53149371
109.0   0.51626144
110.0   0.50155529
111.0   0.48735933
112.0   0.47364737
113.0   0.46040566
114.0   0.44760381
115.0   0.4352398
116.0   0.42327937
117.0   0.41172009
118.0   0.40054727
119.0   0.38975823
120.0   0.37924613
121.0   0.36913469
122.0   0.35934489
123.0   0.34986944
124.0   0.3406971
125.0   0.33181566
126.0   0.32321282
127.0   0.31487933
128.0   0.30680733
129.0   0.29898929
130.0   0.29138192
131.0   0.28403745
132.0   0.27690992
133.0   0.26999813
134.0   0.26329417
135.0   0.25679007
136.0   0.25047944
137.0   0.24435549
138.0   0.23841168
139.0   0.23264215
140.0   0.22704085
141.0   0.22160158
142.0   0.21631908
143.0   0.21118917
144.0   0.20620587
145.0   0.20136405
146.0   0.196659
147.0   0.19208615
148.0   0.18764146
149.0   0.18332036
150.0   0.17911917
151.0   0.17503404
152.0   0.17106102
153.0   0.16719667
154.0   0.16343737
155.0   0.15977973
156.0   0.1562206
157.0   0.15275679
158.0   0.14938542
159.0   0.14610362
160.0   0.14290867
161.0   0.13979787
162.0   0.13676865
163.0   0.13381869
164.0   0.13094547
165.0   0.12814697
166.0   0.12541982
167.0   0.12276209
168.0   0.12017255
169.0   0.11764949
170.0   0.11519041
171.0   0.11279279
172.0   0.11045581
173.0   0.10817772
174.0   0.10595618
175.0   0.10378744
176.0   0.10166394
177.0   0.099575764
178.0   0.097531233
179.0   0.095550776
180.0   0.093631051
181.0   0.091761696
182.0   0.0899377
183.0   0.088156778
184.0   0.086417555
185.0   0.084718968
186.0   0.083059968
187.0   0.081439607
188.0   0.079856944
189.0   0.078310915
190.0   0.076800532
191.0   0.075324836
192.0   0.073882925
193.0   0.072473888
194.0   0.071096878
195.0   0.069751059
196.0   0.06843562
197.0   0.06714972
198.0   0.065892648
199.0   0.064663667
200.0   0.063462007
201.0   0.06228705
202.0   0.061137969
203.0   0.060014321
204.0   0.058915277
205.0   0.057840005
206.0   0.056788139
207.0   0.055759104
208.0   0.054752325
209.0   0.053767216
210.0   0.052803228
211.0   0.051859835
212.0   0.05093653
213.0   0.050032818
214.0   0.049148199
215.0   0.048282232
216.0   0.04743446
217.0   0.046604394
218.0   0.045791597
219.0   0.04499568
220.0   0.044216295
221.0   0.043453027
222.0   0.04270545
223.0   0.041973183
224.0   0.04125585
225.0   0.040553083
226.0   0.03986455
227.0   0.039189902
228.0   0.038528809
229.0   0.037880934
230.0   0.037245995
231.0   0.036623695
232.0   0.036013749
233.0   0.035415855
234.0   0.034829747
235.0   0.034255146
236.0   0.033691785
237.0   0.033139398
238.0   0.032597712
239.0   0.032066518
240.0   0.031545579
241.0   0.031034664
242.0   0.030533552
243.0   0.030042037
244.0   0.029559896
245.0   0.029086915
246.0   0.028622909
247.0   0.028167662
248.0   0.027720981
249.0   0.02728269
250.0   0.026852586
251.0   0.026430512
252.0   0.026016296
253.0   0.025609752
254.0   0.025210701
255.0   0.024818984
256.0   0.024434464
257.0   0.024056997
258.0   0.023686442
259.0   0.023322638
260.0   0.022965448
261.0   0.022614729
262.0   0.022270342
263.0   0.021932146
264.0   0.021600009
265.0   0.021273789
266.0   0.02095338
267.0   0.020638685
268.0   0.020329564
269.0   0.0200259
270.0   0.019727588
271.0   0.019434506
272.0   0.019146548
273.0   0.018863636
274.0   0.018585689
275.0   0.018312572
276.0   0.018044182
277.0   0.01778042
278.0   0.017521195
279.0   0.017266424
280.0   0.01701602
281.0   0.016769896
282.0   0.016527959
283.0   0.016290138
284.0   0.016056358
285.0   0.015826536
286.0   0.015600593
287.0   0.015378435
288.0   0.01516
289.0   0.01494522
290.0   0.014734021
291.0   0.014526336
292.0   0.01432211
293.0   0.014121274
294.0   0.01392376
295.0   0.013729491
296.0   0.013538405
297.0   0.013350437
298.0   0.013165528
299.0   0.012983664
300.0   0.012804742
301.0   0.012628704
302.0   0.012455492
303.0   0.012285066
304.0   0.012117381
305.0   0.011952382
306.0   0.011790019
307.0   0.011630237
308.0   0.011472991
309.0   0.011318234
310.0   0.011165928
311.0   0.011016031
312.0   0.0108685
313.0   0.010723292
314.0   0.010580362
315.0   0.010439666
316.0   0.010301158
317.0   0.010164798
318.0   0.010030551
319.0   0.0098983803
320.0   0.0097682457
321.0   0.0096401135
322.0   0.0095139498
323.0   0.0093897207
324.0   0.0092673914
325.0   0.0091469274
326.0   0.0090282986
327.0   0.00891147
328.0   0.008796412
329.0   0.0086830898
330.0   0.0085714773
331.0   0.0084615377
332.0   0.0083532421
333.0   0.0082465701
334.0   0.0081414978
335.0   0.0080379893
336.0   0.0079360145
337.0   0.0078355426
338.0   0.0077365711
339.0   0.0076390657
340.0   0.007542996
341.0   0.0074483376
342.0   0.007355064
343.0   0.0072631541
344.0   0.0071725859
345.0   0.0070833318
346.0   0.0069953729
347.0   0.0069086899
348.0   0.0068232607
349.0   0.0067390646
350.0   0.0066560827
351.0   0.0065742903
352.0   0.0064936713
353.0   0.0064142069
354.0   0.0063358766
355.0   0.0062586612
356.0   0.0061825423
357.0   0.0061075034
358.0   0.0060335273
359.0   0.0059605963
360.0   0.0058886929
361.0   0.0058178008
362.0   0.0057479031
363.0   0.0056789851
364.0   0.0056110275
365.0   0.0055440173
366.0   0.0054779424
367.0   0.0054127836
368.0   0.0053485241
369.0   0.0052851535
370.0   0.0052226582
371.0   0.0051610243
372.0   0.0051002393
373.0   0.005040289
374.0   0.0049811616
375.0   0.0049228358
376.0   0.0048652973
377.0   0.0048085427
378.0   0.0047525569
379.0   0.0046973322
380.0   0.0046428565
381.0   0.0045891165
382.0   0.0045360998
383.0   0.0044837962
384.0   0.0044321944
385.0   0.0043812842
386.0   0.0043310496
387.0   0.004281475
388.0   0.0042325625
389.0   0.0041842961
390.0   0.0041366772
391.0   0.0040896904
392.0   0.0040433237
393.0   0.0039975658
394.0   0.0039524088
395.0   0.0039078417
396.0   0.003863856
397.0   0.0038204471
398.0   0.0037776051
399.0   0.0037353189
400.0   0.0036935831
401.0   0.0036523887
402.0   0.0036117262
403.0   0.0035715887
404.0   0.0035319686
405.0   0.0034928577
406.0   0.0034542454
407.0   0.0034161258
408.0   0.0033784944
409.0   0.003341343
410.0   0.0033046649
411.0   0.0032684538
412.0   0.0032326968
413.0   0.0031973945
414.0   0.0031625428
415.0   0.0031281333
416.0   0.0030941558
417.0   0.0030606051
418.0   0.003027475
419.0   0.0029947596
420.0   0.0029624526
421.0   0.0029305491
422.0   0.0028990414
423.0   0.0028679238
424.0   0.002837192
425.0   0.0028068421
426.0   0.0027768685
427.0   0.0027472648
428.0   0.0027180262
429.0   0.0026891484
430.0   0.0026606266
431.0   0.0026324561
432.0   0.0026046297
433.0   0.0025771423
434.0   0.0025499893
435.0   0.0025231653
436.0   0.0024966658
437.0   0.002470487
438.0   0.0024446251
439.0   0.0024190751
440.0   0.0023938321
441.0   0.0023688922
442.0   0.0023442501
443.0   0.0023199053
444.0   0.0022958537
445.0   0.0022721002
446.0   0.0022486319
447.0   0.0022254433
448.0   0.0022025244
449.0   0.0021798746
450.0   0.002157493
451.0   0.0021353757
452.0   0.0021135205
453.0   0.0020919217
454.0   0.0020705777
455.0   0.0020494842
456.0   0.0020286369
457.0   0.0020080336
458.0   0.0019876709
459.0   0.0019675457
460.0   0.0019476552
461.0   0.0019279962
462.0   0.0019085678
463.0   0.001889366
464.0   0.0018703876
465.0   0.0018516283
466.0   0.001833085
467.0   0.0018147555
468.0   0.0017966377
469.0   0.0017787271
470.0   0.0017610217
471.0   0.0017435188
472.0   0.0017262159
473.0   0.0017091109
474.0   0.0016922016
475.0   0.0016754844
476.0   0.0016589572
477.0   0.0016426166
478.0   0.0016264609
479.0   0.0016104878
480.0   0.0015946962
481.0   0.0015790822
482.0   0.0015636432
483.0   0.001548377
484.0   0.0015332837
485.0   0.0015183595
486.0   0.0015036026
487.0   0.0014890107
488.0   0.0014745817
489.0   0.0014603128
490.0   0.0014462022
491.0   0.0014322481
492.0   0.0014184492
493.0   0.0014048024
494.0   0.0013913068
495.0   0.0013779609
496.0   0.001364761
497.0   0.0013517056
498.0   0.0013387935
499.0   0.0013260233
500.0   0.0013133933
501.0   0.0013009009
502.0   0.0012885444
503.0   0.0012763225
504.0   0.0012642337
505.0   0.0012522758
506.0   0.0012404478
507.0   0.0012287479
508.0   0.0012171744
509.0   0.0012057252
510.0   0.0011943995
511.0   0.0011831961
512.0   0.0011721129
513.0   0.001161149
514.0   0.0011503026
515.0   0.0011395723
516.0   0.0011289568
517.0   0.0011184544
518.0   0.001108064
519.0   0.0010977841
520.0   0.0010876134
521.0   0.0010775509
522.0   0.0010675951
523.0   0.0010577445
524.0   0.0010479979
525.0   0.0010383545
526.0   0.0010288128
527.0   0.0010193718
528.0   0.0010100297
529.0   0.0010007858
530.0   0.0009916385
531.0   0.00098258679
532.0   0.00097362917
533.0   0.000964765
534.0   0.00095599287
535.0   0.00094731161
536.0   0.00093872018
537.0   0.00093021755
538.0   0.00092180294
539.0   0.00091347534
540.0   0.00090523361
541.0   0.00089707688
542.0   0.00088900414
543.0   0.00088101442
544.0   0.00087310676
545.0   0.00086528012
546.0   0.00085753352
547.0   0.00084986578
548.0   0.00084227637
549.0   0.00083476427
550.0   0.00082732819
551.0   0.00081996729
552.0   0.00081268078
553.0   0.00080546826
554.0   0.00079832914
555.0   0.00079126226
556.0   0.00078426696
557.0   0.00077734202
558.0   0.00077048674
559.0   0.00076370059
560.0   0.00075698268
561.0   0.00075033184
562.0   0.0007437476
563.0   0.00073722938
564.0   0.00073077605
565.0   0.00072438683
566.0   0.00071806137
567.0   0.00071179875
568.0   0.0007055983
569.0   0.0006994595
570.0   0.00069338157
571.0   0.0006873639
572.0   0.00068140581
573.0   0.00067550662
574.0   0.00066966567
575.0   0.00066388226
576.0   0.00065815574
577.0   0.00065248564
578.0   0.00064687114
579.0   0.00064131171
580.0   0.00063580671
581.0   0.0006303555
582.0   0.00062495752
583.0   0.00061961213
584.0   0.00061431873
585.0   0.00060907675
586.0   0.00060388563
587.0   0.00059874472
588.0   0.0005936535
589.0   0.00058861149
590.0   0.00058361803
591.0   0.0005786727
592.0   0.00057377501
593.0   0.00056892447
594.0   0.0005641207
595.0   0.00055936328
596.0   0.00055465145
597.0   0.00054998457
598.0   0.00054536228
599.0   0.00054078413
600.0   0.00053624962
601.0   0.00053175827
602.0   0.00052730951
603.0   0.00052290298
604.0   0.00051853816
605.0   0.00051421475
606.0   0.00050993225
607.0   0.00050569013
608.0   0.00050148797
609.0   0.00049732544
610.0   0.00049320224
611.0   0.00048911786
612.0   0.00048507192
613.0   0.00048106415
614.0   0.00047709399
615.0   0.00047316102
616.0   0.00046926484
617.0   0.00046540501
618.0   0.00046158118
619.0   0.00045779295
620.0   0.00045403997
621.0   0.00045032183
622.0   0.00044663826
623.0   0.00044298887
624.0   0.00043937329
625.0   0.0004357911
626.0   0.00043224202
627.0   0.00042872574
628.0   0.00042524189
629.0   0.00042179012
630.0   0.00041837012
631.0   0.00041498155
632.0   0.00041162414
633.0   0.00040829752
634.0   0.00040500135
635.0   0.00040173531
636.0   0.00039849905
637.0   0.00039529231
638.0   0.00039211481
639.0   0.0003889662
640.0   0.00038584622
641.0   0.00038275455
642.0   0.0003796909
643.0   0.00037665506
644.0   0.00037364669
645.0   0.00037066553
646.0   0.0003677113
647.0   0.00036478368
648.0   0.00036188244
649.0   0.00035900733
650.0   0.00035615806
651.0   0.00035333435
652.0   0.00035053596
653.0   0.00034776262
654.0   0.00034501409
655.0   0.00034229013
656.0   0.00033959038
657.0   0.00033691474
658.0   0.00033426295
659.0   0.00033163473
660.0   0.00032902988
661.0   0.00032644816
662.0   0.00032388934
663.0   0.0003213532
664.0   0.00031883952
665.0   0.00031634805
666.0   0.0003138786
667.0   0.00031143103
668.0   0.00030900508
669.0   0.00030660048
670.0   0.00030421703
671.0   0.0003018545
672.0   0.00029951271
673.0   0.00029719146
674.0   0.00029489046
675.0   0.00029260959
676.0   0.00029034862
677.0   0.00028810737
678.0   0.00028588567
679.0   0.00028368332
680.0   0.00028150013
681.0   0.00027933591
682.0   0.00027719051
683.0   0.00027506374
684.0   0.00027295537
685.0   0.00027086524
686.0   0.00026879325
687.0   0.00026673918
688.0   0.00026470275
689.0   0.00026268381
690.0   0.00026068221
691.0   0.00025869779
692.0   0.00025673043
693.0   0.00025477995
694.0   0.00025284617
695.0   0.00025092895
696.0   0.0002490281
697.0   0.00024714349
698.0   0.00024527495
699.0   0.00024342234
700.0   0.00024158548
701.0   0.00023976425
702.0   0.0002379585
703.0   0.00023616806
704.0   0.0002343928
705.0   0.00023263258
706.0   0.00023088724
707.0   0.00022915669
708.0   0.00022744076
709.0   0.0002257393
710.0   0.00022405219
711.0   0.00022237928
712.0   0.00022072044
713.0   0.00021907552
714.0   0.00021744439
715.0   0.00021582694
716.0   0.00021422304
717.0   0.00021263255
718.0   0.00021105535
719.0   0.00020949132
720.0   0.00020794031
721.0   0.00020640223
722.0   0.00020487693
723.0   0.00020336432
724.0   0.00020186427
725.0   0.00020037665
726.0   0.00019890137
727.0   0.00019743829
728.0   0.00019598731
729.0   0.00019454831
730.0   0.00019312119
731.0   0.00019170584
732.0   0.00019030214
733.0   0.00018890998
734.0   0.00018752925
735.0   0.00018615985
736.0   0.00018480169
737.0   0.00018345467
738.0   0.00018211875
739.0   0.00018079375
740.0   0.00017947958
741.0   0.00017817614
742.0   0.00017688332
743.0   0.00017560106
744.0   0.00017432918
745.0   0.00017306764
746.0   0.00017181635
747.0   0.00017057522
748.0   0.00016934417
749.0   0.00016812309
750.0   0.0001669119
751.0   0.0001657105
752.0   0.0001645188
753.0   0.00016333672
754.0   0.00016216416
755.0   0.00016100105
756.0   0.00015984729
757.0   0.00015870281
758.0   0.00015756751
759.0   0.00015644132
760.0   0.00015532418
761.0   0.000154216
762.0   0.00015311668
763.0   0.00015202615
764.0   0.00015094436
765.0   0.00014987122
766.0   0.00014880664
767.0   0.00014775054
768.0   0.00014670284
769.0   0.00014566348
770.0   0.00014463236
771.0   0.00014360942
772.0   0.00014259458
773.0   0.00014158778
774.0   0.00014058894
775.0   0.00013959801
776.0   0.00013861491
777.0   0.00013763957
778.0   0.00013667192
779.0   0.0001357119
780.0   0.00013475943
781.0   0.00013381444
782.0   0.00013287687
783.0   0.00013194667
784.0   0.00013102377
785.0   0.00013010812
786.0   0.00012919968
787.0   0.00012829833
788.0   0.00012740402
789.0   0.00012651667
790.0   0.00012563621
791.0   0.00012476259
792.0   0.00012389577
793.0   0.00012303569
794.0   0.00012218229
795.0   0.00012133551
796.0   0.00012049528
797.0   0.00011966157
798.0   0.0001188343
799.0   0.00011801344
800.0   0.0001171989
801.0   0.00011639064
802.0   0.0001155886
803.0   0.00011479274
804.0   0.00011400298
805.0   0.0001132193
806.0   0.00011244163
807.0   0.00011166994
808.0   0.00011090417
809.0   0.00011014427
810.0   0.00010939018
811.0   0.00010864183
812.0   0.00010789921
813.0   0.00010716227
814.0   0.00010643095
815.0   0.0001057052
816.0   0.00010498498
817.0   0.00010427023
818.0   0.00010356093
819.0   0.00010285703
820.0   0.00010215846
821.0   0.00010146519
822.0   0.00010077716
823.0   0.00010009435
824.0   9.9416713e-05
825.0   9.8744194e-05
826.0   9.807675e-05
827.0   9.741433e-05
828.0   9.6756922e-05
829.0   9.6104462e-05
830.0   9.545691e-05
831.0   9.481422e-05
832.0   9.4176368e-05
833.0   9.3543308e-05
834.0   9.2914999e-05
835.0   9.2291401e-05
836.0   9.1672476e-05
837.0   9.1058181e-05
838.0   9.0448472e-05
839.0   8.9843319e-05
840.0   8.9242692e-05
841.0   8.8646545e-05
842.0   8.8054835e-05
843.0   8.7467531e-05
844.0   8.6884592e-05
845.0   8.6305977e-05
846.0   8.5731652e-05
847.0   8.5161591e-05
848.0   8.4595755e-05
849.0   8.4034108e-05
850.0   8.3476618e-05
851.0   8.2923258e-05
852.0   8.2373988e-05
853.0   8.1828767e-05
854.0   8.1287562e-05
855.0   8.0750332e-05
856.0   8.0217058e-05
857.0   7.9687703e-05
858.0   7.9162238e-05
859.0   7.8640631e-05
860.0   7.8122854e-05
861.0   7.7608876e-05
862.0   7.7098682e-05
863.0   7.6592218e-05
864.0   7.6089459e-05
865.0   7.5590378e-05
866.0   7.5094941e-05
867.0   7.4603119e-05
868.0   7.4114881e-05
869.0   7.36302e-05
870.0   7.3149045e-05
871.0   7.2671383e-05
872.0   7.219719e-05
873.0   7.1726439e-05
874.0   7.1259098e-05
875.0   7.0795141e-05
876.0   7.0334552e-05
877.0   6.9877292e-05
878.0   6.9423311e-05
879.0   6.8972625e-05
880.0   6.8525201e-05
881.0   6.808101e-05
882.0   6.7640027e-05
883.0   6.7202231e-05
884.0   6.6767583e-05
885.0   6.6336063e-05
886.0   6.5907644e-05
887.0   6.548231e-05
888.0   6.5060031e-05
889.0   6.464078e-05
890.0   6.4224533e-05
891.0   6.3811268e-05
892.0   6.3400957e-05
893.0   6.2993579e-05
894.0   6.2589106e-05
895.0   6.2187515e-05
896.0   6.1788777e-05
897.0   6.1392873e-05
898.0   6.0999789e-05
899.0   6.0609503e-05
900.0   6.0221992e-05
901.0   5.9837234e-05
902.0   5.9455207e-05
903.0   5.907589e-05
904.0   5.8699262e-05
905.0   5.83253e-05
906.0   5.7953979e-05
907.0   5.7585286e-05
908.0   5.7219196e-05
909.0   5.685569e-05
910.0   5.649475e-05
911.0   5.6136353e-05
912.0   5.578048e-05
913.0   5.5427114e-05
914.0   5.507623e-05
915.0   5.4727812e-05
916.0   5.4381838e-05
917.0   5.4038293e-05
918.0   5.3697156e-05
919.0   5.3358412e-05
920.0   5.3022039e-05
921.0   5.2688017e-05
922.0   5.2356329e-05
923.0   5.2026958e-05
924.0   5.1699885e-05
925.0   5.1375091e-05
926.0   5.105256e-05
927.0   5.0732276e-05
928.0   5.041422e-05
929.0   5.0098374e-05
930.0   4.9784724e-05
931.0   4.9473256e-05
932.0   4.9163947e-05
933.0   4.8856781e-05
934.0   4.8551739e-05
935.0   4.8248806e-05
936.0   4.7947968e-05
937.0   4.7649209e-05
938.0   4.7352512e-05
939.0   4.7057863e-05
940.0   4.6765246e-05
941.0   4.6474639e-05
942.0   4.6186031e-05
943.0   4.5899408e-05
944.0   4.5614758e-05
945.0   4.533207e-05
946.0   4.5051325e-05
947.0   4.4772508e-05
948.0   4.44956e-05
949.0   4.4220585e-05
950.0   4.3947453e-05
951.0   4.3676188e-05
952.0   4.3406777e-05
953.0   4.3139205e-05
954.0   4.2873452e-05
955.0   4.2609507e-05
956.0   4.2347362e-05
957.0   4.2087e-05
958.0   4.1828408e-05
959.0   4.1571571e-05
960.0   4.1316478e-05
961.0   4.1063118e-05
962.0   4.0811487e-05
963.0   4.0561561e-05
964.0   4.0313329e-05
965.0   4.0066776e-05
966.0   3.9821892e-05
967.0   3.9578662e-05
968.0   3.9337073e-05
969.0   3.9097113e-05
970.0   3.8858773e-05
971.0   3.8622038e-05
972.0   3.8386898e-05
973.0   3.815334e-05
974.0   3.7921352e-05
975.0   3.7690923e-05
976.0   3.7462042e-05
977.0   3.7234697e-05
978.0   3.7008878e-05
979.0   3.6784571e-05
980.0   3.6561767e-05
981.0   3.6340453e-05
982.0   3.612062e-05
983.0   3.5902258e-05
984.0   3.5685354e-05
985.0   3.5469898e-05
986.0   3.5255879e-05
987.0   3.5043287e-05
988.0   3.483211e-05
989.0   3.4622338e-05
990.0   3.4413962e-05
991.0   3.420697e-05
992.0   3.4001353e-05
993.0   3.3797101e-05
994.0   3.3594202e-05
995.0   3.3392651e-05
996.0   3.3192435e-05
997.0   3.2993544e-05
998.0   3.2795969e-05
999.0   3.2599699e-05
1000.0   3.2404726e-05
