80.0   2.1932502
81.0   2.1207789
82.0   2.0511933
83.0   1.984435
84.0   1.9202396
85.0   1.8585029
86.0   1.7991837
87.0   1.7421632
88.0   1.6873349
89.0   1.634631
90.0   1.5839453
91.0   1.5351715
92.0   1.4882211
93.0   1.4430269
94.0   1.3994996
95.0   1.3575786
96.0   1.3172026
97.0   1.2783016
98.0   1.240808
99.0   1.2046377
100.0   1.1697605
101.0   1.1361173
102.0   1.1036647
103.0   1.0723299
104.0   1.0420804
105.0   1.0128731
106.0   0.9846745
107.0   0.95742134
108.0   0.93108772
109.0   0.90564406
110.0   0.88104933
111.0   0.8572742
112.0   0.83428761
113.0   0.81205373
114.0   0.79054117
115.0   0.76972536
116.0   0.7495719
117.0   0.73006314
118.0   0.71117446
119.0   0.69288438
120.0   0.67516988
121.0   0.65801034
122.0   0.64138567
123.0   0.62527648
124.0   0.60966304
125.0   0.5945248
126.0   0.57984542
127.0   0.5656106
128.0   0.55180197
129.0   0.53840389
130.0   0.52540482
131.0   0.51278868
132.0   0.5005402
133.0   0.48864784
134.0   0.47709806
135.0   0.46588069
136.0   0.4549854
137.0   0.44440176
138.0   0.43411867
139.0   0.42412722
140.0   0.41441687
141.0   0.40497668
142.0   0.39579595
143.0   0.38686931
144.0   0.37818713
145.0   0.36974448
146.0   0.36153452
147.0   0.35353921
148.0   0.34576322
149.0   0.33819685
150.0   0.33082986
151.0   0.32366066
152.0   0.31668072
153.0   0.30988375
154.0   0.30326555
155.0   0.29681909
156.0   0.29053714
157.0   0.28442356
158.0   0.27846976
159.0   0.27261723
160.0   0.26696802
161.0   0.26145244
162.0   0.25607331
163.0   0.25082681
164.0   0.24571185
165.0   0.2407232
166.0   0.23585713
167.0   0.23111109
168.0   0.22648246
169.0   0.22196721
170.0   0.21756218
171.0   0.21326428
172.0   0.20907219
173.0   0.20495403
174.0   0.20096014
175.0   0.19705732
176.0   0.1932453
177.0   0.18952249
178.0   0.18588652
179.0   0.18233526
180.0   0.17886619
181.0   0.17547751
182.0   0.17216607
183.0   0.16893035
184.0   0.16576816
185.0   0.16267762
186.0   0.1596568
187.0   0.15670402
188.0   0.15381726
189.0   0.15099479
190.0   0.14823518
191.0   0.14553673
192.0   0.14289739
193.0   0.14031609
194.0   0.1377913
195.0   0.13532157
196.0   0.13290541
197.0   0.13054148
198.0   0.12822839
199.0   0.12596482
200.0   0.12374972
201.0   0.12158177
202.0   0.11945981
203.0   0.11738255
204.0   0.11534904
205.0   0.11335815
206.0   0.11140889
207.0   0.10950014
208.0   0.10763098
209.0   0.10580047
210.0   0.10400754
211.0   0.10225131
212.0   0.10053088
213.0   0.098845425
214.0   0.09719412
215.0   0.095576152
216.0   0.093990772
217.0   0.092437233
218.0   0.090914749
219.0   0.089422629
220.0   0.087960111
221.0   0.086526478
222.0   0.085121071
223.0   0.083743208
224.0   0.082392443
225.0   0.081067931
226.0   0.079769059
227.0   0.078495384
228.0   0.077246456
229.0   0.076021824
230.0   0.074820859
231.0   0.073642736
232.0   0.07248691
233.0   0.071352866
234.0   0.070240055
235.0   0.069147753
236.0   0.06807494
237.0   0.067020011
238.0   0.065980941
239.0   0.064957211
240.0   0.063951108
241.0   0.062966159
242.0   0.062003345
243.0   0.06106116
244.0   0.060137729
245.0   0.059231748
246.0   0.058342381
247.0   0.05746905
248.0   0.05661133
249.0   0.055768894
250.0   0.054941399
251.0   0.054128546
252.0   0.053330056
253.0   0.052545624
254.0   0.051774968
255.0   0.051017809
256.0   0.050273875
257.0   0.049542923
258.0   0.048824686
259.0   0.048118915
260.0   0.047425356
261.0   0.046743772
262.0   0.046073922
263.0   0.045415566
264.0   0.04476847
265.0   0.044132435
266.0   0.043507258
267.0   0.042892673
268.0   0.042288465
269.0   0.041694445
270.0   0.041110408
271.0   0.040536159
272.0   0.039971515
273.0   0.039416257
274.0   0.038870208
275.0   0.038333204
276.0   0.037805063
277.0   0.037285604
278.0   0.036774679
279.0   0.036272123
280.0   0.03577782
281.0   0.035291572
282.0   0.034813251
283.0   0.034342681
284.0   0.033879643
285.0   0.033424109
286.0   0.032975916
287.0   0.032534852
288.0   0.032100846
289.0   0.031673774
290.0   0.031253496
291.0   0.030839883
292.0   0.030432809
293.0   0.030032151
294.0   0.029637792
295.0   0.029249622
296.0   0.028867534
297.0   0.028491408
298.0   0.028121132
299.0   0.027756609
300.0   0.027397723
301.0   0.027044368
302.0   0.026696446
303.0   0.026353856
304.0   0.026016503
305.0   0.025684294
306.0   0.02535714
307.0   0.025034945
308.0   0.024717634
309.0   0.024405109
310.0   0.024097285
311.0   0.023794082
312.0   0.023495419
313.0   0.023201217
314.0   0.022911395
315.0   0.022625875
316.0   0.022344585
317.0   0.022067456
318.0   0.021794418
319.0   0.0215254
320.0   0.021260335
321.0   0.020999154
322.0   0.020741785
323.0   0.020488172
324.0   0.020238249
325.0   0.019991947
326.0   0.019749202
327.0   0.019509948
328.0   0.01927413
329.0   0.019041697
330.0   0.018812592
331.0   0.018586762
332.0   0.018364152
333.0   0.01814471
334.0   0.017928385
335.0   0.017715113
336.0   0.017504859
337.0   0.017297568
338.0   0.017093197
339.0   0.01689169
340.0   0.016693002
341.0   0.01649709
342.0   0.016303906
343.0   0.016113406
344.0   0.015925546
345.0   0.015740281
346.0   0.015557568
347.0   0.015377371
348.0   0.015199645
349.0   0.015024353
350.0   0.014851456
351.0   0.014680917
352.0   0.014512692
353.0   0.014346753
354.0   0.014183064
355.0   0.014021592
356.0   0.0138623
357.0   0.013705145
358.0   0.0135501
359.0   0.013397132
360.0   0.013246211
361.0   0.013097303
362.0   0.012950378
363.0   0.012805403
364.0   0.012662357
365.0   0.012521203
366.0   0.012381912
367.0   0.01224445
368.0   0.012108792
369.0   0.01197491
370.0   0.011842773
371.0   0.01171236
372.0   0.011583646
373.0   0.011456604
374.0   0.011331211
375.0   0.011207443
376.0   0.011085275
377.0   0.010964685
378.0   0.010845647
379.0   0.010728138
380.0   0.010612128
381.0   0.010497596
382.0   0.010384524
383.0   0.01027289
384.0   0.010162674
385.0   0.010053852
386.0   0.0099464061
387.0   0.0098403176
388.0   0.0097355671
389.0   0.0096321324
390.0   0.0095299915
391.0   0.0094291255
392.0   0.0093295203
393.0   0.0092311589
394.0   0.0091340226
395.0   0.0090380927
396.0   0.0089433524
397.0   0.0088497852
398.0   0.0087573732
399.0   0.0086660994
400.0   0.0085759492
401.0   0.0084869036
402.0   0.008398945
403.0   0.0083120572
404.0   0.0082262364
405.0   0.0081414601
406.0   0.0080577075
407.0   0.0079749661
408.0   0.0078932249
409.0   0.0078124684
410.0   0.0077326833
411.0   0.0076538557
412.0   0.007575975
413.0   0.0074990263
414.0   0.0074229964
415.0   0.0073478743
416.0   0.0072736464
417.0   0.0072003001
418.0   0.0071278222
419.0   0.0070562007
420.0   0.0069854285
421.0   0.0069154916
422.0   0.0068463768
423.0   0.0067780725
424.0   0.0067105708
425.0   0.0066438555
426.0   0.0065779182
427.0   0.0065127535
428.0   0.0064483471
429.0   0.0063846877
430.0   0.0063217649
431.0   0.0062595731
432.0   0.0061981015
433.0   0.0061373378
434.0   0.0060772729
435.0   0.006017897
436.0   0.0059592016
437.0   0.0059011778
438.0   0.0058438172
439.0   0.0057871106
440.0   0.0057310495
441.0   0.0056756257
442.0   0.0056208303
443.0   0.0055666557
444.0   0.0055130938
445.0   0.0054601364
446.0   0.0054077747
447.0   0.0053560014
448.0   0.0053048088
449.0   0.0052541897
450.0   0.0052041372
451.0   0.0051546444
452.0   0.0051057059
453.0   0.0050573095
454.0   0.0050094487
455.0   0.004962119
456.0   0.0049153154
457.0   0.0048690281
458.0   0.0048232507
459.0   0.0047779772
460.0   0.0047332022
461.0   0.0046889194
462.0   0.0046451201
463.0   0.0046017993
464.0   0.0045589527
465.0   0.0045165723
466.0   0.0044746512
467.0   0.0044331831
468.0   0.0043921654
469.0   0.0043515985
470.0   0.0043114707
471.0   0.0042717763
472.0   0.0042325095
473.0   0.0041936648
474.0   0.0041552371
475.0   0.0041172191
476.0   0.0040796081
477.0   0.0040423987
478.0   0.0040055852
479.0   0.0039691629
480.0   0.0039331285
481.0   0.0038974767
482.0   0.0038622029
483.0   0.0038273022
484.0   0.0037927701
485.0   0.0037586007
486.0   0.0037247911
487.0   0.0036913372
488.0   0.003658234
489.0   0.0036254771
490.0   0.0035930623
491.0   0.0035609857
492.0   0.0035292435
493.0   0.0034978324
494.0   0.0034667484
495.0   0.0034359875
496.0   0.0034055453
497.0   0.0033754186
498.0   0.0033456032
499.0   0.0033160957
500.0   0.0032868906
501.0   0.0032579856
502.0   0.0032293769
503.0   0.0032010619
504.0   0.0031730361
505.0   0.0031452959
506.0   0.0031178389
507.0   0.0030906602
508.0   0.0030637574
509.0   0.0030371273
510.0   0.0030107675
511.0   0.0029846751
512.0   0.0029588463
513.0   0.0029332771
514.0   0.0029079666
515.0   0.0028829114
516.0   0.002858108
517.0   0.0028335537
518.0   0.0028092451
519.0   0.0027851793
520.0   0.0027613517
521.0   0.0027377564
522.0   0.0027143963
523.0   0.002691272
524.0   0.0026683782
525.0   0.0026457125
526.0   0.0026232698
527.0   0.0026010492
528.0   0.0025790481
529.0   0.002557264
530.0   0.002535693
531.0   0.0025143336
532.0   0.0024931831
533.0   0.0024722392
534.0   0.0024514994
535.0   0.0024309613
536.0   0.0024106252
537.0   0.0023904866
538.0   0.0023705439
539.0   0.0023507948
540.0   0.0023312371
541.0   0.0023118684
542.0   0.0022926871
543.0   0.0022736906
544.0   0.0022548774
545.0   0.0022362448
546.0   0.0022177907
547.0   0.0021995101
548.0   0.0021814028
549.0   0.0021634698
550.0   0.0021457085
551.0   0.0021281175
552.0   0.0021106936
553.0   0.0020934349
554.0   0.0020763391
555.0   0.0020594055
556.0   0.002042632
557.0   0.0020260165
558.0   0.0020095583
559.0   0.0019932564
560.0   0.0019771085
561.0   0.0019611124
562.0   0.0019452662
563.0   0.0019295687
564.0   0.0019140164
565.0   0.0018986083
566.0   0.0018833439
567.0   0.0018682217
568.0   0.0018532405
569.0   0.0018383989
570.0   0.0018236952
571.0   0.0018091277
572.0   0.0017946942
573.0   0.0017803953
574.0   0.0017662296
575.0   0.001752195
576.0   0.0017382898
577.0   0.0017245117
578.0   0.0017108598
579.0   0.0016973326
580.0   0.0016839293
581.0   0.0016706487
582.0   0.0016574894
583.0   0.0016444499
584.0   0.001631529
585.0   0.0016187256
586.0   0.0016060382
587.0   0.0015934663
588.0   0.0015810084
589.0   0.0015686635
590.0   0.0015564299
591.0   0.0015443064
592.0   0.0015322921
593.0   0.0015203862
594.0   0.0015085872
595.0   0.0014968946
596.0   0.0014853071
597.0   0.0014738237
598.0   0.0014624434
599.0   0.0014511651
600.0   0.0014399876
601.0   0.001428909
602.0   0.0014179286
603.0   0.0014070449
604.0   0.0013962577
605.0   0.0013855661
606.0   0.0013749686
607.0   0.0013644644
608.0   0.0013540527
609.0   0.0013437332
610.0   0.0013335046
611.0   0.0013233657
612.0   0.001313315
613.0   0.0013033519
614.0   0.0012934766
615.0   0.0012836882
616.0   0.0012739853
617.0   0.0012643676
618.0   0.0012548347
619.0   0.0012453879
620.0   0.0012360236
621.0   0.0012267404
622.0   0.0012175379
623.0   0.0012084131
624.0   0.0011993657
625.0   0.0011903963
626.0   0.0011815043
627.0   0.0011726891
628.0   0.0011639493
629.0   0.0011552847
630.0   0.001146694
631.0   0.0011381765
632.0   0.0011297322
633.0   0.0011213602
634.0   0.0011130595
635.0   0.0011048296
636.0   0.0010966698
637.0   0.0010885797
638.0   0.0010805584
639.0   0.0010726059
640.0   0.0010647218
641.0   0.0010569042
642.0   0.0010491531
643.0   0.0010414674
644.0   0.0010338462
645.0   0.0010262889
646.0   0.0010187953
647.0   0.0010113652
648.0   0.001003998
649.0   0.00099669267
650.0   0.00098944815
651.0   0.00098226412
652.0   0.00097514003
653.0   0.00096807544
654.0   0.00096106977
655.0   0.00095412244
656.0   0.0009472331
657.0   0.00094040099
658.0   0.00093362585
659.0   0.00092690694
660.0   0.00092024372
661.0   0.00091363562
662.0   0.00090708196
663.0   0.00090058219
664.0   0.00089413598
665.0   0.00088774285
666.0   0.00088140236
667.0   0.00087511406
668.0   0.00086887729
669.0   0.00086269187
670.0   0.00085655689
671.0   0.0008504722
672.0   0.00084443759
673.0   0.00083845232
674.0   0.00083251596
675.0   0.00082662787
676.0   0.00082078765
677.0   0.00081499489
678.0   0.00080924905
679.0   0.00080354978
680.0   0.00079789688
681.0   0.00079229022
682.0   0.00078672854
683.0   0.00078121141
684.0   0.0007757387
685.0   0.00077030998
686.0   0.00076492501
687.0   0.0007595832
688.0   0.00075428408
689.0   0.00074902744
690.0   0.00074381274
691.0   0.00073863981
692.0   0.00073350835
693.0   0.00072841779
694.0   0.00072336784
695.0   0.00071835799
696.0   0.00071338802
697.0   0.00070845746
698.0   0.00070356615
699.0   0.00069871354
700.0   0.00069389926
701.0   0.00068912309
702.0   0.00068438461
703.0   0.00067968344
704.0   0.0006750194
705.0   0.00067039208
706.0   0.0006658012
707.0   0.00066124583
708.0   0.00065672664
709.0   0.00065224308
710.0   0.00064779463
711.0   0.00064338104
712.0   0.00063900193
713.0   0.00063465701
714.0   0.00063034598
715.0   0.00062606857
716.0   0.00062182444
717.0   0.00061761329
718.0   0.00061343484
719.0   0.00060928879
720.0   0.00060517482
721.0   0.00060109268
722.0   0.0005970421
723.0   0.0005930228
724.0   0.00058903451
725.0   0.00058507696
726.0   0.00058114991
727.0   0.0005772531
728.0   0.0005733862
729.0   0.00056954912
730.0   0.00056574159
731.0   0.00056196333
732.0   0.00055821374
733.0   0.00055449245
734.0   0.00055079942
735.0   0.00054713486
736.0   0.00054349841
737.0   0.00053988962
738.0   0.00053630823
739.0   0.00053275394
740.0   0.00052922658
741.0   0.00052572579
742.0   0.00052225145
743.0   0.00051880332
744.0   0.00051538119
745.0   0.00051198486
746.0   0.0005086141
747.0   0.00050526864
748.0   0.00050194827
749.0   0.0004986528
750.0   0.0004953821
751.0   0.00049213593
752.0   0.00048891412
753.0   0.00048571644
754.0   0.00048254268
755.0   0.00047939261
756.0   0.00047626604
757.0   0.00047316276
758.0   0.00047008257
759.0   0.00046702522
760.0   0.0004639906
761.0   0.00046097849
762.0   0.00045798869
763.0   0.00045502103
764.0   0.00045207523
765.0   0.00044915116
766.0   0.00044624871
767.0   0.00044336766
768.0   0.00044050791
769.0   0.00043766939
770.0   0.00043485163
771.0   0.00043205457
772.0   0.00042927812
773.0   0.00042652194
774.0   0.00042378594
775.0   0.00042107004
776.0   0.00041837404
777.0   0.00041569767
778.0   0.00041304087
779.0   0.00041040346
780.0   0.00040778522
781.0   0.00040518602
782.0   0.00040260573
783.0   0.00040004412
784.0   0.00039750113
785.0   0.00039497658
786.0   0.00039247026
787.0   0.00038998206
788.0   0.00038751184
789.0   0.00038505949
790.0   0.00038262493
791.0   0.00038020793
792.0   0.00037780834
793.0   0.00037542602
794.0   0.00037306085
795.0   0.00037071266
796.0   0.00036838134
797.0   0.00036606674
798.0   0.00036376872
799.0   0.00036148715
800.0   0.00035922193
801.0   0.00035697291
802.0   0.00035473994
803.0   0.00035252293
804.0   0.00035032176
805.0   0.00034813626
806.0   0.00034596634
807.0   0.00034381189
808.0   0.00034167269
809.0   0.00033954863
810.0   0.00033743961
811.0   0.00033534551
812.0   0.00033326612
813.0   0.00033120135
814.0   0.00032915114
815.0   0.00032711537
816.0   0.00032509392
817.0   0.00032308669
818.0   0.00032109361
819.0   0.00031911452
820.0   0.0003171493
821.0   0.00031519784
822.0   0.00031326019
823.0   0.000311336
824.0   0.00030942526
825.0   0.00030752786
826.0   0.00030564371
827.0   0.0003037727
828.0   0.00030191477
829.0   0.00030006979
830.0   0.00029823763
831.0   0.00029641808
832.0   0.00029461115
833.0   0.00029281674
834.0   0.00029103475
835.0   0.00028926509
836.0   0.00028750764
837.0   0.00028576232
838.0   0.00028402903
839.0   0.00028230768
840.0   0.00028059813
841.0   0.00027890033
842.0   0.0002772142
843.0   0.00027553968
844.0   0.00027387665
845.0   0.00027222499
846.0   0.00027058464
847.0   0.00026895553
848.0   0.00026733757
849.0   0.00026573067
850.0   0.00026413472
851.0   0.00026254967
852.0   0.00026097541
853.0   0.00025941186
854.0   0.000257859
855.0   0.00025631672
856.0   0.00025478492
857.0   0.00025326352
858.0   0.00025175235
859.0   0.00025025142
860.0   0.00024876065
861.0   0.00024727996
862.0   0.00024580928
863.0   0.0002443485
864.0   0.0002428976
865.0   0.00024145648
866.0   0.00024002507
867.0   0.00023860329
868.0   0.00023719105
869.0   0.00023578831
870.0   0.00023439496
871.0   0.00023301096
872.0   0.00023163623
873.0   0.00023027071
874.0   0.00022891432
875.0   0.00022756701
876.0   0.00022622869
877.0   0.0002248993
878.0   0.00022357877
879.0   0.00022226704
880.0   0.00022096404
881.0   0.00021966969
882.0   0.00021838392
883.0   0.00021710669
884.0   0.00021583794
885.0   0.00021457761
886.0   0.00021332563
887.0   0.00021208191
888.0   0.00021084642
889.0   0.00020961907
890.0   0.0002083998
891.0   0.00020718855
892.0   0.00020598528
893.0   0.00020478992
894.0   0.00020360241
895.0   0.00020242271
896.0   0.00020125075
897.0   0.00020008647
898.0   0.0001989298
899.0   0.0001977807
900.0   0.00019663912
901.0   0.000195505
902.0   0.00019437829
903.0   0.00019325893
904.0   0.00019214686
905.0   0.00019104204
906.0   0.00018994439
907.0   0.00018885389
908.0   0.00018777047
909.0   0.00018669408
910.0   0.00018562467
911.0   0.0001845622
912.0   0.0001835066
913.0   0.00018245783
914.0   0.00018141583
915.0   0.00018038057
916.0   0.000179352
917.0   0.00017833005
918.0   0.00017731469
919.0   0.00017630586
920.0   0.00017530353
921.0   0.00017430764
922.0   0.00017331816
923.0   0.00017233502
924.0   0.00017135818
925.0   0.00017038761
926.0   0.00016942325
927.0   0.00016846507
928.0   0.00016751303
929.0   0.00016656706
930.0   0.00016562714
931.0   0.00016469322
932.0   0.00016376525
933.0   0.00016284319
934.0   0.000161927
935.0   0.00016101664
936.0   0.00016011207
937.0   0.00015921324
938.0   0.00015832011
939.0   0.00015743265
940.0   0.0001565508
941.0   0.00015567455
942.0   0.00015480384
943.0   0.00015393864
944.0   0.00015307889
945.0   0.00015222458
946.0   0.00015137564
947.0   0.00015053206
948.0   0.00014969377
949.0   0.00014886075
950.0   0.00014803296
951.0   0.00014721038
952.0   0.00014639297
953.0   0.00014558068
954.0   0.00014477348
955.0   0.00014397133
956.0   0.0001431742
957.0   0.00014238205
958.0   0.00014159484
959.0   0.00014081255
960.0   0.00014003511
961.0   0.00013926253
962.0   0.00013849475
963.0   0.00013773173
964.0   0.00013697349
965.0   0.00013621993
966.0   0.00013547105
967.0   0.0001347268
968.0   0.00013398717
969.0   0.00013325211
970.0   0.00013252161
971.0   0.0001317956
972.0   0.00013107408
973.0   0.000130357
974.0   0.00012964434
975.0   0.00012893606
976.0   0.00012823214
977.0   0.00012753255
978.0   0.00012683725
979.0   0.00012614622
980.0   0.00012545941
981.0   0.00012477682
982.0   0.00012409841
983.0   0.00012342416
984.0   0.00012275403
985.0   0.00012208801
986.0   0.00012142606
987.0   0.00012076815
988.0   0.00012011426
989.0   0.00011946436
990.0   0.00011881841
991.0   0.00011817639
992.0   0.00011753828
993.0   0.00011690404
994.0   0.00011627365
995.0   0.0001156471
996.0   0.00011502435
997.0   0.00011440538
998.0   0.00011379016
999.0   0.00011317866
1000.0   0.00011257085
