80.0   0.71851516
81.0   0.69226083
82.0   0.66714706
83.0   0.6431105
84.0   0.62009507
85.0   0.59806434
86.0   0.5769617
87.0   0.55674633
88.0   0.5373961
89.0   0.51877868
90.0   0.50099335
91.0   0.48392184
92.0   0.46754447
93.0   0.45182988
94.0   0.43674914
95.0   0.42226996
96.0   0.4083554
97.0   0.39498991
98.0   0.38215395
99.0   0.36981481
100.0   0.35795255
101.0   0.34654556
102.0   0.33557331
103.0   0.32501386
104.0   0.31485097
105.0   0.30506747
106.0   0.29564715
107.0   0.28657346
108.0   0.27783107
109.0   0.26940647
110.0   0.26128706
111.0   0.2534596
112.0   0.24591215
113.0   0.23863343
114.0   0.23161238
115.0   0.22483742
116.0   0.21829957
117.0   0.21198928
118.0   0.20589578
119.0   0.20000966
120.0   0.19432578
121.0   0.18883568
122.0   0.18353133
123.0   0.17840556
124.0   0.17345199
125.0   0.1686649
126.0   0.16403765
127.0   0.15956488
128.0   0.15523468
129.0   0.15100615
130.0   0.1468668
131.0   0.14291654
132.0   0.1391193
133.0   0.13544327
134.0   0.13188101
135.0   0.12842845
136.0   0.12508203
137.0   0.12183835
138.0   0.118694
139.0   0.11564565
140.0   0.11269012
141.0   0.10982423
142.0   0.10704441
143.0   0.10434798
144.0   0.1017321
145.0   0.09919391
146.0   0.096730941
147.0   0.094340483
148.0   0.092020199
149.0   0.089767557
150.0   0.087580469
151.0   0.085456599
152.0   0.083393844
153.0   0.081390139
154.0   0.079443567
155.0   0.077552123
156.0   0.075714077
157.0   0.073927637
158.0   0.072191099
159.0   0.070502853
160.0   0.068861298
161.0   0.067265052
162.0   0.065712592
163.0   0.064202702
164.0   0.062733898
165.0   0.061304918
166.0   0.059914524
167.0   0.058561475
168.0   0.057244608
169.0   0.055962758
170.0   0.054714873
171.0   0.05349983
172.0   0.052316605
173.0   0.051164237
174.0   0.050041782
175.0   0.048948364
176.0   0.047883117
177.0   0.046845255
178.0   0.045833925
179.0   0.044848345
180.0   0.043887757
181.0   0.042951363
182.0   0.042038531
183.0   0.041148553
184.0   0.040280761
185.0   0.039434483
186.0   0.038609081
187.0   0.037803961
188.0   0.0370186
189.0   0.036252427
190.0   0.035504892
191.0   0.034775514
192.0   0.034063787
193.0   0.033369202
194.0   0.032691253
195.0   0.032029475
196.0   0.031383425
197.0   0.030752701
198.0   0.030136994
199.0   0.029535764
200.0   0.0289486
201.0   0.02837515
202.0   0.027815041
203.0   0.0272679
204.0   0.026733382
205.0   0.026211176
206.0   0.025700966
207.0   0.02520242
208.0   0.024715189
209.0   0.024239011
210.0   0.023773597
211.0   0.023318674
212.0   0.022874005
213.0   0.022439276
214.0   0.022014226
215.0   0.021598604
216.0   0.021192194
217.0   0.020794767
218.0   0.020406039
219.0   0.020025791
220.0   0.019653836
221.0   0.019289972
222.0   0.018933992
223.0   0.018585707
224.0   0.018244931
225.0   0.017911501
226.0   0.017585226
227.0   0.017265908
228.0   0.016953345
229.0   0.016647386
230.0   0.016347865
231.0   0.016054641
232.0   0.015767559
233.0   0.015486463
234.0   0.015211209
235.0   0.014941639
236.0   0.014677627
237.0   0.014419085
238.0   0.014165848
239.0   0.013917784
240.0   0.013674808
241.0   0.01343679
242.0   0.013203609
243.0   0.01297513
244.0   0.012751249
245.0   0.012531871
246.0   0.012316875
247.0   0.01210617
248.0   0.011899677
249.0   0.011697263
250.0   0.01149887
251.0   0.011304395
252.0   0.011113745
253.0   0.010926844
254.0   0.010743601
255.0   0.01056393
256.0   0.010387751
257.0   0.010214984
258.0   0.010045558
259.0   0.0098794048
260.0   0.0097164496
261.0   0.0095566169
262.0   0.009399834
263.0   0.0092460318
264.0   0.0090951523
265.0   0.0089471469
266.0   0.0088019255
267.0   0.0086594173
268.0   0.0085195834
269.0   0.0083823938
270.0   0.0082477699
271.0   0.0081156549
272.0   0.0079859984
273.0   0.0078587513
274.0   0.0077338432
275.0   0.0076112326
276.0   0.007490874
277.0   0.0073727192
278.0   0.0072567255
279.0   0.0071428397
280.0   0.0070310179
281.0   0.0069212384
282.0   0.0068134486
283.0   0.0067076033
284.0   0.0066036604
285.0   0.0065015842
286.0   0.006401337
287.0   0.0063028676
288.0   0.0062061483
289.0   0.0061111461
290.0   0.0060178285
291.0   0.0059261581
292.0   0.0058360973
293.0   0.0057476222
294.0   0.005660703
295.0   0.0055753096
296.0   0.0054914073
297.0   0.0054089628
298.0   0.0053279562
299.0   0.0052483452
300.0   0.0051701037
301.0   0.0050932088
302.0   0.0050176352
303.0   0.0049433578
304.0   0.0048703495
305.0   0.0047985889
306.0   0.0047280427
307.0   0.0046586916
308.0   0.0045905119
309.0   0.0045234803
310.0   0.0044575752
311.0   0.004392773
312.0   0.0043290506
313.0   0.0042663999
314.0   0.0042047947
315.0   0.0041442395
316.0   0.0040846777
317.0   0.0040260893
318.0   0.0039684677
319.0   0.0039117951
320.0   0.0038560564
321.0   0.0038012271
322.0   0.003747296
323.0   0.0036942425
324.0   0.0036420464
325.0   0.0035906984
326.0   0.0035401814
327.0   0.0034904852
328.0   0.0034415987
329.0   0.003393497
330.0   0.003346167
331.0   0.0032995965
332.0   0.00325377
333.0   0.003208672
334.0   0.0031642918
335.0   0.0031206182
336.0   0.0030776376
337.0   0.0030353351
338.0   0.0029937003
339.0   0.0029527233
340.0   0.0029123894
341.0   0.0028726857
342.0   0.002833602
343.0   0.0027951285
344.0   0.0027572584
345.0   0.0027199786
346.0   0.0026832763
347.0   0.0026471405
348.0   0.002611561
349.0   0.0025765304
350.0   0.0025420414
351.0   0.0025080808
352.0   0.0024746386
353.0   0.002441708
354.0   0.0024092799
355.0   0.0023773451
356.0   0.002345894
357.0   0.0023149207
358.0   0.0022844162
359.0   0.0022543713
360.0   0.0022247777
361.0   0.0021956266
362.0   0.0021669129
363.0   0.0021386294
364.0   0.0021107686
365.0   0.0020833227
366.0   0.0020562844
367.0   0.0020296473
368.0   0.0020034049
369.0   0.0019775505
370.0   0.0019520774
371.0   0.0019269796
372.0   0.0019022523
373.0   0.0018778883
374.0   0.0018538812
375.0   0.0018302259
376.0   0.0018069141
377.0   0.0017839394
378.0   0.0017612982
379.0   0.0017389845
380.0   0.0017169932
381.0   0.0016953195
382.0   0.0016739586
383.0   0.0016529046
384.0   0.0016321531
385.0   0.0016116994
386.0   0.0015915386
387.0   0.0015716647
388.0   0.0015520737
389.0   0.0015327599
390.0   0.0015137194
391.0   0.0014949481
392.0   0.0014764432
393.0   0.0014582005
394.0   0.0014402145
395.0   0.0014224812
396.0   0.0014049974
397.0   0.0013877585
398.0   0.0013707604
399.0   0.0013540001
400.0   0.001337473
401.0   0.001321175
402.0   0.0013051037
403.0   0.001289255
404.0   0.0012736252
405.0   0.0012582113
406.0   0.0012430098
407.0   0.0012280175
408.0   0.0012132305
409.0   0.0011986465
410.0   0.0011842619
411.0   0.0011700732
412.0   0.0011560779
413.0   0.0011422726
414.0   0.0011286545
415.0   0.0011152208
416.0   0.0011019683
417.0   0.0010888941
418.0   0.0010759961
419.0   0.0010632716
420.0   0.0010507178
421.0   0.0010383326
422.0   0.0010261137
423.0   0.0010140582
424.0   0.0010021634
425.0   0.00099042608
426.0   0.00097884484
427.0   0.00096741738
428.0   0.00095614147
429.0   0.00094501474
430.0   0.00093403505
431.0   0.00092319974
432.0   0.00091250657
433.0   0.00090195354
434.0   0.00089153886
435.0   0.00088126047
436.0   0.0008711163
437.0   0.00086110444
438.0   0.00085122321
439.0   0.00084147042
440.0   0.00083184419
441.0   0.0008223426
442.0   0.00081296397
443.0   0.00080370632
444.0   0.00079456787
445.0   0.00078554706
446.0   0.00077664221
447.0   0.00076785173
448.0   0.00075917371
449.0   0.00075060651
450.0   0.00074214853
451.0   0.00073379844
452.0   0.00072555463
453.0   0.00071741572
454.0   0.00070937979
455.0   0.00070144545
456.0   0.00069361161
457.0   0.00068587688
458.0   0.00067823952
459.0   0.00067069821
460.0   0.00066325162
461.0   0.00065589832
462.0   0.00064863709
463.0   0.00064146653
464.0   0.00063438553
465.0   0.00062739282
466.0   0.00062048704
467.0   0.00061366706
468.0   0.00060693178
469.0   0.00060028009
470.0   0.00059371077
471.0   0.00058722274
472.0   0.00058081487
473.0   0.00057448589
474.0   0.00056823471
475.0   0.0005620603
476.0   0.00055596151
477.0   0.0005499373
478.0   0.00054398664
479.0   0.0005381085
480.0   0.00053230193
481.0   0.00052656608
482.0   0.00052089991
483.0   0.00051530252
484.0   0.000509773
485.0   0.0005043103
486.0   0.00049891354
487.0   0.00049358182
488.0   0.00048831439
489.0   0.00048311022
490.0   0.0004779685
491.0   0.00047288842
492.0   0.00046786906
493.0   0.00046290963
494.0   0.00045800939
495.0   0.00045316752
496.0   0.00044838328
497.0   0.00044365586
498.0   0.00043898457
499.0   0.00043436865
500.0   0.00042980733
501.0   0.00042529989
502.0   0.00042084563
503.0   0.00041644385
504.0   0.00041209384
505.0   0.0004077949
506.0   0.00040354636
507.0   0.00039934773
508.0   0.00039519825
509.0   0.00039109727
510.0   0.00038704412
511.0   0.00038303818
512.0   0.00037907886
513.0   0.00037516555
514.0   0.00037129764
515.0   0.00036747453
516.0   0.00036369563
517.0   0.00035996038
518.0   0.00035626822
519.0   0.0003526186
520.0   0.00034901095
521.0   0.00034544471
522.0   0.0003419194
523.0   0.00033843445
524.0   0.00033498928
525.0   0.00033158348
526.0   0.00032821656
527.0   0.00032488809
528.0   0.00032159751
529.0   0.00031834434
530.0   0.00031512814
531.0   0.00031194839
532.0   0.00030880464
533.0   0.00030569644
534.0   0.0003026233
535.0   0.00029958486
536.0   0.00029658063
537.0   0.0002936102
538.0   0.00029067316
539.0   0.00028776903
540.0   0.00028489736
541.0   0.0002820578
542.0   0.00027925001
543.0   0.00027647351
544.0   0.00027372788
545.0   0.00027101276
546.0   0.00026832778
547.0   0.00026567255
548.0   0.00026304679
549.0   0.00026045008
550.0   0.00025788201
551.0   0.00025534226
552.0   0.00025283044
553.0   0.0002503462
554.0   0.00024788924
555.0   0.0002454592
556.0   0.00024305577
557.0   0.00024067862
558.0   0.00023832744
559.0   0.00023600192
560.0   0.00023370179
561.0   0.00023142668
562.0   0.0002291763
563.0   0.00022695037
564.0   0.00022474854
565.0   0.00022257056
566.0   0.00022041615
567.0   0.00021828502
568.0   0.00021617687
569.0   0.00021409136
570.0   0.00021202831
571.0   0.0002099875
572.0   0.00020796865
573.0   0.00020597145
574.0   0.00020399564
575.0   0.00020204101
576.0   0.00020010727
577.0   0.00019819416
578.0   0.00019630145
579.0   0.00019442888
580.0   0.00019257631
581.0   0.00019074338
582.0   0.00018892991
583.0   0.00018713569
584.0   0.00018536047
585.0   0.00018360404
586.0   0.00018186617
587.0   0.00018014664
588.0   0.00017844523
589.0   0.00017676173
590.0   0.00017509597
591.0   0.00017344771
592.0   0.00017181675
593.0   0.00017020282
594.0   0.00016860577
595.0   0.0001670254
596.0   0.00016546152
597.0   0.00016391396
598.0   0.00016238253
599.0   0.00016086702
600.0   0.00015936723
601.0   0.000157883
602.0   0.00015641417
603.0   0.00015496055
604.0   0.00015352196
605.0   0.00015209823
606.0   0.00015068919
607.0   0.0001492947
608.0   0.00014791455
609.0   0.0001465486
610.0   0.00014519668
611.0   0.00014385863
612.0   0.00014253433
613.0   0.0001412236
614.0   0.00013992625
615.0   0.00013864219
616.0   0.00013737119
617.0   0.00013611315
618.0   0.00013486787
619.0   0.00013363521
620.0   0.00013241509
621.0   0.00013120738
622.0   0.00013001193
623.0   0.00012882862
624.0   0.00012765735
625.0   0.00012649792
626.0   0.00012535018
627.0   0.000124214
628.0   0.00012308924
629.0   0.00012197578
630.0   0.00012087348
631.0   0.00011978225
632.0   0.00011870197
633.0   0.00011763251
634.0   0.00011657375
635.0   0.00011552557
636.0   0.00011448782
637.0   0.00011346042
638.0   0.00011244325
639.0   0.00011143619
640.0   0.00011043913
641.0   0.00010945197
642.0   0.00010847459
643.0   0.0001075069
644.0   0.00010654878
645.0   0.00010560013
646.0   0.00010466086
647.0   0.00010373084
648.0   0.00010280998
649.0   0.00010189818
650.0   0.00010099534
651.0   0.00010010137
652.0   9.9216175e-05
653.0   9.8339648e-05
654.0   9.7471692e-05
655.0   9.6612219e-05
656.0   9.5761143e-05
657.0   9.491838e-05
658.0   9.4083827e-05
659.0   9.3257406e-05
660.0   9.2439039e-05
661.0   9.162862e-05
662.0   9.0826071e-05
663.0   9.0031311e-05
664.0   8.9244259e-05
665.0   8.8464845e-05
666.0   8.769297e-05
667.0   8.6928554e-05
668.0   8.6171492e-05
669.0   8.5421723e-05
670.0   8.4679177e-05
671.0   8.3943774e-05
672.0   8.3215462e-05
673.0   8.2494159e-05
674.0   8.1779774e-05
675.0   8.1072228e-05
676.0   8.0371448e-05
677.0   7.9677365e-05
678.0   7.8989911e-05
679.0   7.8309025e-05
680.0   7.7634626e-05
681.0   7.6966645e-05
682.0   7.630502e-05
683.0   7.5649682e-05
684.0   7.5000567e-05
685.0   7.4357608e-05
686.0   7.3720741e-05
687.0   7.3089902e-05
688.0   7.2465028e-05
689.0   7.1846058e-05
690.0   7.1232933e-05
691.0   7.062559e-05
692.0   7.0023969e-05
693.0   6.942801e-05
694.0   6.8837654e-05
695.0   6.8252844e-05
696.0   6.7673519e-05
697.0   6.7099626e-05
698.0   6.6531109e-05
699.0   6.5967912e-05
700.0   6.5409982e-05
701.0   6.4857262e-05
702.0   6.4309702e-05
703.0   6.3767253e-05
704.0   6.322986e-05
705.0   6.2697461e-05
706.0   6.217001e-05
707.0   6.1647457e-05
708.0   6.1129753e-05
709.0   6.0616847e-05
710.0   6.0108699e-05
711.0   5.9605247e-05
712.0   5.9106448e-05
713.0   5.8612249e-05
714.0   5.8122612e-05
715.0   5.7637492e-05
716.0   5.715684e-05
717.0   5.6680583e-05
718.0   5.6208696e-05
719.0   5.5741131e-05
720.0   5.5277845e-05
721.0   5.481882e-05
722.0   5.4364011e-05
723.0   5.3913355e-05
724.0   5.3466808e-05
725.0   5.3024333e-05
726.0   5.2585888e-05
727.0   5.2151434e-05
728.0   5.1720929e-05
729.0   5.1294336e-05
730.0   5.0871617e-05
731.0   5.0452733e-05
732.0   5.0037645e-05
733.0   4.9626316e-05
734.0   4.9218709e-05
735.0   4.8814786e-05
736.0   4.841451e-05
737.0   4.8017847e-05
738.0   4.7624761e-05
739.0   4.7235223e-05
740.0   4.6849195e-05
741.0   4.6466636e-05
742.0   4.6087513e-05
743.0   4.5711791e-05
744.0   4.5339439e-05
745.0   4.4970425e-05
746.0   4.4604711e-05
747.0   4.424226e-05
748.0   4.3883048e-05
749.0   4.3527045e-05
750.0   4.3174219e-05
751.0   4.2824535e-05
752.0   4.2477956e-05
753.0   4.2134456e-05
754.0   4.1794005e-05
755.0   4.1456574e-05
756.0   4.1122135e-05
757.0   4.0790659e-05
758.0   4.0462118e-05
759.0   4.0136479e-05
760.0   3.9813713e-05
761.0   3.9493796e-05
762.0   3.9176703e-05
763.0   3.8862406e-05
764.0   3.855088e-05
765.0   3.8242095e-05
766.0   3.7936025e-05
767.0   3.7632634e-05
768.0   3.7331911e-05
769.0   3.7033823e-05
770.0   3.673834e-05
771.0   3.6445443e-05
772.0   3.6155108e-05
773.0   3.586731e-05
774.0   3.5582022e-05
775.0   3.5299225e-05
776.0   3.5018899e-05
777.0   3.4741013e-05
778.0   3.4465588e-05
779.0   3.4192547e-05
780.0   3.3921874e-05
781.0   3.3653548e-05
782.0   3.3387535e-05
783.0   3.3123823e-05
784.0   3.2862386e-05
785.0   3.2603199e-05
786.0   3.2346254e-05
787.0   3.2091525e-05
788.0   3.1838983e-05
789.0   3.1588618e-05
790.0   3.1340413e-05
791.0   3.109436e-05
792.0   3.0850427e-05
793.0   3.0608594e-05
794.0   3.0368839e-05
795.0   3.0131141e-05
796.0   2.9895481e-05
797.0   2.9661837e-05
798.0   2.9430191e-05
799.0   2.9200522e-05
800.0   2.8972813e-05
801.0   2.8747046e-05
802.0   2.8523207e-05
803.0   2.8301281e-05
804.0   2.8081244e-05
805.0   2.7863082e-05
806.0   2.7646775e-05
807.0   2.7432307e-05
808.0   2.7219664e-05
809.0   2.7008827e-05
810.0   2.6799785e-05
811.0   2.6592513e-05
812.0   2.6386994e-05
813.0   2.6183212e-05
814.0   2.5981154e-05
815.0   2.5780801e-05
816.0   2.5582138e-05
817.0   2.5385146e-05
818.0   2.5189814e-05
819.0   2.4996117e-05
820.0   2.4804028e-05
821.0   2.4613551e-05
822.0   2.4424676e-05
823.0   2.4237386e-05
824.0   2.4051671e-05
825.0   2.3867513e-05
826.0   2.3684897e-05
827.0   2.3503813e-05
828.0   2.3324248e-05
829.0   2.3146183e-05
830.0   2.2969603e-05
831.0   2.2794494e-05
832.0   2.2620843e-05
833.0   2.2448637e-05
834.0   2.2277863e-05
835.0   2.2108508e-05
836.0   2.1940561e-05
837.0   2.1774009e-05
838.0   2.1608839e-05
839.0   2.1445035e-05
840.0   2.1282585e-05
841.0   2.1121477e-05
842.0   2.09617e-05
843.0   2.0803243e-05
844.0   2.0646093e-05
845.0   2.0490237e-05
846.0   2.0335662e-05
847.0   2.018236e-05
848.0   2.0030319e-05
849.0   1.9879529e-05
850.0   1.9729978e-05
851.0   1.9581655e-05
852.0   1.9434548e-05
853.0   1.9288642e-05
854.0   1.914393e-05
855.0   1.9000401e-05
856.0   1.8858043e-05
857.0   1.8716849e-05
858.0   1.8576807e-05
859.0   1.8437911e-05
860.0   1.8300148e-05
861.0   1.8163507e-05
862.0   1.8027978e-05
863.0   1.7893552e-05
864.0   1.7760218e-05
865.0   1.7627965e-05
866.0   1.7496783e-05
867.0   1.7366664e-05
868.0   1.72376e-05
869.0   1.710958e-05
870.0   1.6982596e-05
871.0   1.6856637e-05
872.0   1.6731695e-05
873.0   1.660776e-05
874.0   1.6484826e-05
875.0   1.6362882e-05
876.0   1.6241926e-05
877.0   1.6121943e-05
878.0   1.6002926e-05
879.0   1.5884865e-05
880.0   1.5767753e-05
881.0   1.5651581e-05
882.0   1.5536341e-05
883.0   1.5422024e-05
884.0   1.5308624e-05
885.0   1.5196131e-05
886.0   1.5084537e-05
887.0   1.4973835e-05
888.0   1.4864017e-05
889.0   1.4755075e-05
890.0   1.4647001e-05
891.0   1.4539786e-05
892.0   1.4433425e-05
893.0   1.4327909e-05
894.0   1.4223232e-05
895.0   1.4119387e-05
896.0   1.4016365e-05
897.0   1.391416e-05
898.0   1.3812766e-05
899.0   1.3712176e-05
900.0   1.3612383e-05
901.0   1.3513379e-05
902.0   1.3415158e-05
903.0   1.3317711e-05
904.0   1.3221034e-05
905.0   1.3125119e-05
906.0   1.3029959e-05
907.0   1.2935549e-05
908.0   1.2841881e-05
909.0   1.2748952e-05
910.0   1.2656753e-05
911.0   1.2565278e-05
912.0   1.247452e-05
913.0   1.2384474e-05
914.0   1.2295134e-05
915.0   1.2206492e-05
916.0   1.2118542e-05
917.0   1.2031281e-05
918.0   1.1944702e-05
919.0   1.1858797e-05
920.0   1.1773564e-05
921.0   1.1688996e-05
922.0   1.1605087e-05
923.0   1.1521833e-05
924.0   1.1439227e-05
925.0   1.1357264e-05
926.0   1.1275938e-05
927.0   1.1195244e-05
928.0   1.1115174e-05
929.0   1.1035726e-05
930.0   1.0956895e-05
931.0   1.0878674e-05
932.0   1.0801057e-05
933.0   1.0724039e-05
934.0   1.0647617e-05
935.0   1.0571786e-05
936.0   1.0496541e-05
937.0   1.0421877e-05
938.0   1.0347787e-05
939.0   1.0274267e-05
940.0   1.0201312e-05
941.0   1.0128919e-05
942.0   1.0057083e-05
943.0   9.9857992e-06
944.0   9.9150635e-06
945.0   9.8448697e-06
946.0   9.7752148e-06
947.0   9.7060942e-06
948.0   9.6375031e-06
949.0   9.5694377e-06
950.0   9.5018934e-06
951.0   9.4348665e-06
952.0   9.3683521e-06
953.0   9.3023467e-06
954.0   9.2368457e-06
955.0   9.1718445e-06
956.0   9.1073392e-06
957.0   9.0433259e-06
958.0   8.9798005e-06
959.0   8.9167583e-06
960.0   8.854195e-06
961.0   8.7921066e-06
962.0   8.7304892e-06
963.0   8.6693388e-06
964.0   8.6086513e-06
965.0   8.5484227e-06
966.0   8.4886495e-06
967.0   8.4293283e-06
968.0   8.3704535e-06
969.0   8.312022e-06
970.0   8.2540318e-06
971.0   8.1964792e-06
972.0   8.1393602e-06
973.0   8.0826717e-06
974.0   8.0264102e-06
975.0   7.9705721e-06
976.0   7.9151545e-06
977.0   7.860154e-06
978.0   7.8055665e-06
979.0   7.7513888e-06
980.0   7.6976172e-06
981.0   7.6442476e-06
982.0   7.591278e-06
983.0   7.5387052e-06
984.0   7.4865262e-06
985.0   7.4347374e-06
986.0   7.3833356e-06
987.0   7.3323176e-06
988.0   7.2816803e-06
989.0   7.2314208e-06
990.0   7.1815358e-06
991.0   7.1320221e-06
992.0   7.082877e-06
993.0   7.0340973e-06
994.0   6.9856803e-06
995.0   6.9376229e-06
996.0   6.8899221e-06
997.0   6.8425751e-06
998.0   6.7955795e-06
999.0   6.7489321e-06
1000.0   6.7026302e-06
